0.244617594774161 0.434976554354207 0.225099219951999 0.149636674993505 0.0165242932999729 11.7568339963734 1.27348930238851 0.479720548328985 1.5362543617873 0.107242443852016 0.470684801742953 0.196910935301435 0.634551454028163 0.164663849441568
0.10611103265664 0.253505837912055 0.10707469468411 0.130050773375034 0.0284266398553455 0.324832681761655 0.266392620601461 0.110907217135052 0.232376078401184 0.15302565592764 0.204368585053421 0.0632831295752385 0.210828986908186 0.152026888096554
0.115370153812638 0.272080927545891 0.105373623071732 0.0814617705206986 0.0330707751046413 0.243959238078363 0.20661548852859 0.1434041015148 0.249123710642478 0.163047474092843 0.23873036096577 0.101902444876854 0.300584533468619 0.108094284841302
0.170822499332966 0.286189159291282 0.160322424939821 0.136340751355251 0.0329777039164862 0.15327654008761 0.320532948699357 0.226829215371362 0.346158429016384 0.135129984344302 0.317748183766543 0.137807729821722 0.342231940413617 0.131750090290736
0.220277348383335 0.43910314223414 0.179610004948172 0.116858713190958 0.0442410349765726 0.455566815417866 0.398105228258522 0.310573254383147 0.390379342606184 0.140710656022405 0.34116078613131 0.156636209116956 0.388599555141771 0.122348842075105
0.157855630801415 0.250768308629977 0.460201950898313 0.0520057638464398 0.0207828748583893 1.75840846886838 0.403892735138504 0.403333650272163 1.33722826494153 0.141714329205433 0.428292612123032 0.183987353693608 0.364084463563263 0.0798994315401587
0.130570250532592 0.258685248775608 0.111879394358875 0.0866419579114881 0.0204942375048729 0.264729207735309 0.192661035363942 0.147250229262566 0.232037676706307 0.175343711767698 0.260147538922203 0.0849894290593439 0.260743707747888 0.117466573470171
0.485007018183231 0.997708288147122 0.593137706270658 0.132102131552069 0.0248401003341452 2.5792702197694 1.69989768967737 0.989484684723517 2.17192072750695 0.151878958728209 1.30059821764655 0.424747073470854 1.29403593739447 0.119006526164761
0.222898199589398 0.571733933108059 0.301465215727838 0.185295111420791 0.025473327240033 1.01749600578382 0.4086842920517 0.355548258379892 0.829982336153329 0.140564303143858 0.629270137981167 0.250218493124308 0.678123534353212 0.109401942828427
0.23632383034118 0.745762936317115 0.306761942407922 0.066440764778651 0.0208240420238699 0.931955760486586 0.307021844265872 0.307411588998677 0.444171287961429 0.218602164390791 0.53684901050977 0.164493670545154 0.49300960500321 0.0709335164799598
0.165260110240543 0.382347876997798 0.229408908896087 0.0286217025579928 0.0224307470031096 0.143522262132554 0.223156164019477 0.151514032072049 0.217825797694071 0.13279833021255 0.296409368098647 0.134695064568291 0.292794552287219 0.0694305585457731
0.21379168775227 0.30236507954085 0.177760241708489 0.0447341969979114 0.0252804336245927 10.6260199119585 0.835365145571808 0.832443073720163 3.71420874340556 0.182208347402092 0.63864405316741 0.168991017149564 0.599370380614486 0.105760210254715
0.11246348801952 0.262592452846754 0.162972010225288 9.95714713506316 0.0135990155936457 0.201226981904936 0.302077475085898 0.257224597146511 0.286653624764907 0.141650897014198 0.254512767290639 0.12807266706163 0.281635408152467 0.0601080867517259
0.158547025757337 0.250093607925156 0.163335644005254 1.57713122673053 0.0239165529461695 0.131935409834136 0.228716593725727 0.193204642480577 0.200180427040428 0.123392550246935 0.207521027384825 0.103147574007863 0.224082024242648 0.0772483807436875
0.124832795216432 0.301585863769104 0.129643475556449 0.124855154417111 0.0168831855367095 0.120178536542135 0.330606063872205 0.164613472031843 0.230579185447045 0.105737681256289 0.346310186682011 0.134494234984851 0.330056004314145 0.144686341060301
0.146415306966464 0.169925978170771 0.343046556432863 0.0981204727403707 0.0188974341251759 0.102535817595922 0.0726386264291877 0.123714732043193 0.174831298604515 0.0168835287696268 0.226220640268419 0.0718079578353771 0.417212111417174 0.0454382442707113
0.147326589723651 0.326591707230389 0.208643869713677 0.16267149602034 0.0200272482622837 0.0726957909612708 0.0862763943777581 0.175406554547854 0.175590191392049 0.027934865507042 0.430948794975419 0.139583565315563 0.537438685160398 0.038261159013686
0.153412091430723 0.241204190155095 0.618979175503794 0.114249247864458 0.0208340819641916 0.0697275420605659 0.110570498320935 0.155221152473674 0.180618127761643 0.0301654209165314 0.39214239456269 0.11714121453836 1.03156628828644 0.0653845587621452
0.173373473481273 0.369457844941767 0.173943418573513 0.201804300294655 0.0183970340689362 0.0525320882581952 0.0882295737463554 0.126365081509006 0.168842235104618 0.0386097692998346 13.9592360077539 0.121674881420674 0.781688065620306 0.0560361546859597
0.244037715856256 0.60923903563012 0.251163336130538 0.33526526076768 0.0206877648872048 0.0697546436042535 0.0969610356807025 0.178373988036866 0.205969917526718 0.0477550222496801 0.640927593288391 0.16261422401316 0.940173558212158 0.0617872902794407
0.272634137724537 0.391924092012259 0.223326490771697 0.220264454597053 0.0160587754792481 0.0576446648845388 0.0929815321620112 0.159220678633825 0.160503255929356 0.0628684447661452 0.307223237799341 0.12255827789955 0.536098319955772 0.0516126612438568
0.120718190326422 0.099673577043612 0.0870677424990432 0.140576302579234 0.0215950349738947 0.0662073723395756 0.0986582685165818 0.229484048474393 0.229100168783491 0.055949932969711 0.113356069190327 0.181821267851498 0.217685275474773 0.0472184594692755
0.113740573819939 0.235399793505067 0.137255186746618 0.186694298332988 0.0169844648121035 0.0857768780780708 0.083748003151946 0.210802936724085 0.167418417835819 0.0262305292864268 0.105627808753564 0.0839701972044278 0.164336658833188 0.0592741929266979
0.123994804088687 0.211198574672653 0.0867748784467559 0.131023908427874 0.016954931418973 0.0543733276802941 0.0833073489389994 0.129465745145005 0.166873894055319 0.0385239708100129 0.102587638279884 0.0591178021872262 0.1141492819397 0.0405815160576928
0.118639270909289 0.246039469811335 0.0694639351929993 0.147981021133047 0.019558080959708 0.0719741061624124 0.0995586076110197 0.144615395252684 0.135774184649743 0.0517379070666298 0.074801025480257 0.0713530158548652 0.124915275607027 0.0478276103493627
0.135556540261489 0.275911875319193 0.0906452938456577 0.192882269033525 0.014643094453282 0.0751588684668892 0.113168641859572 0.160379499525195 0.132263262290261 0.0606426804818022 0.0653278323673374 0.0732533988215078 0.140541644071767 0.0278771393496006
0.133574941276232 0.329559014321256 0.123112197880238 0.218767101007899 0.0249522457847064 0.0610884438891361 0.0925349159721233 0.127134471104087 0.181633908833071 0.053024967414032 0.272750962739565 0.100893356724525 0.524899409594841 0.0475988498107458
0.241891996146836 0.372002563253342 0.179789647489749 0.216013025639958 0.0199100675501386 0.0868687337849838 0.13644667174385 0.185830592024014 0.230847915027872 0.0154274158940479 0.0882277725462147 0.113331614518612 0.197700986237505 0.0730813314975024
0.157366701470039 0.312838388194033 0.127114190332411 0.168183774138752 0.0218538126299715 0.0703819729362274 0.10039023605427 0.249725896336111 0.229849840372945 0.0435779781082716 0.599991785936209 0.161811759793978 0.827965276266077 0.061709883462322
0.110113653811947 0.233530418504696 0.0797497972495408 0.15568471916572 0.0188773557715825 0.0759837443751571 0.133159410343508 0.173583964036895 0.175720225468012 0.0189102178166609 0.140242056919983 0.0793320080449048 0.182573937329891 0.0483656501469265
0.145724130272201 0.143444798491091 0.130837498179827 0.139506305648973 0.0191140321029603 0.0925691959284103 0.133426093462551 0.178964216546126 0.19910507410949 0.027491015919461 0.344706575888607 0.0965266308170713 0.36375576814799 0.0575547059221699
0.135118658195036 0.148265705070512 0.0834116074005027 0.105099090748333 0.0164758207375218 0.099172883781583 0.127623928422556 0.206882733801362 0.221433638061711 0.0240100691360436 0.33632799844195 0.0980501729377549 0.542481995102133 0.0431290389841122
0.101291890102265 0.275510125810106 0.164077567973741 0.181225174377027 0.0205831747312566 0.078156027144188 0.136769871429893 0.127924598911055 0.145642774512626 0.0228007623262413 0.355734301888199 0.0642926435873088 0.536224169779682 0.0684846835814855
1.29455150406485 0.740959665155979 5.16347793266525 3.16899995141006 0.646831364464356 5.7991239263151 9.95514876007555 8.37200240742941 6.63798907078806 0.255898610562917 1.93377816392543 0.792842441093374 7.20148965358809 1.16847326899028
0.200855938128276 0.207068701527614 0.165626110098628 0.206454355389686 0.0340889747454168 0.188814246642263 0.27405573732477 0.388571995310949 0.503523467532541 0.0515975270891131 0.328787479282039 0.19235942110239 0.353441648710081 0.0573276044424709
0.158779611938888 0.24980393768083 0.152389166590365 0.187045023780661 0.028290744285498 0.234620058608381 0.347906779554568 0.384975905635375 0.452790810159791 0.0237328258692098 0.438356010145471 0.219780683744062 0.544944404611284 0.104276781386015
0.140506359392165 0.156788904006237 0.0882561971204411 0.142448195826338 0.0170728542008871 0.202729388391877 0.198055833200217 0.332384689515368 0.338041727516075 0.0123028308658133 0.258967694288973 0.104974223190304 0.416455971516864 0.0639335014645857
0.161586796886009 0.194450554287442 0.10202300709848 0.17095803296876 0.0186499494540911 0.19269854410157 0.225936398264241 0.340699572222885 0.386091981703911 0.0138975792710541 0.52870832137739 0.143794839038866 0.531314110294196 0.0680190063545179
0.101359673775404 0.164098191889739 0.0966615225742942 0.186723357398804 0.0276952976507251 0.115150444764177 0.201137526891354 0.279062409797218 0.26752308556664 0.00970863109082549 0.412285383336573 0.112757046668229 0.339528880411967 0.0856171395270274
0.232291210442134 0.344506228474851 0.123877744042336 0.296048154561118 0.0224828504276023 0.1866320391325 0.30757346379698 0.38907398949038 0.432690382242524 0.00785085093829639 0.408439246114964 0.194256780162764 0.428674751548992 0.0784414465388844
0.149582093558519 0.211904334235613 0.11066793812854 0.199399071231523 0.0244932347856372 0.161310117716674 0.221716555211104 0.370659381551526 0.517161231003461 0.0113667498678793 0.323521416056899 0.15845432792252 0.343237826856358 0.0843363327893977
0.184468174384243 0.247063309563107 0.17298866036698 0.276519462624579 0.0252909089014179 0.176437701741455 0.151559022198015 0.216414821746954 0.326577590092701 0.00449839410974372 0.319462300380195 0.162885451691912 0.400652657630675 0.0831539499551046
0.324019589893458 0.394056278770386 0.15271180159619 0.235624760613788 0.0324521131888615 0.271407946370975 0.291828466707815 0.386304849821627 0.360170973124768 0.00436656241606352 0.372417459085109 0.194845141974688 0.560566049978752 0.0861837629015386
0.27695896075186 0.478435619475168 0.166416574922977 0.328740626374184 0.0242299432977537 0.241160251679666 0.517980673299761 0.560748796052556 0.859938647664075 0.00377954846965058 0.670847238440052 0.25678290671342 0.793949674426783 0.113826000157263
0.162891264177547 0.237577719942367 0.132851408750866 0.199107237943796 0.0305752871287405 0.193955689682578 0.2266320263611 0.289018055260162 0.32256472115513 0.00536008149071209 0.25182746351297 0.166086951688011 0.36069397340724 0.0941987644025535
0.144231507198146 0.250226747916651 0.14448949219084 0.186730002474554 0.0252783202995046 0.188680099865642 0.263644856810118 0.475262282436912 0.362565921698259 0.00390545417533639 0.33575471928179 0.193472335740845 0.352148290561861 0.0900392814057316
0.186947553989365 0.208294269507031 0.13924790857992 0.182631665264183 0.026596147385843 0.176615610486706 0.272015682206674 0.277887133888137 0.361760983181903 0.0162639721712361 0.366059619631498 0.174696438917909 0.429527906315528 0.0893356318354918
1.37067982896314 0.866251616075671 4.22023672548263 2.51635110422295 0.719462405244791 5.47444353867257 9.34518845057365 9.43333466368992 8.58896073657556 0.459520605957356 1.57697791236275 0.937615581195008 5.31021153202606 2.24955728919433
1.01324353631149 0.58614807290358 3.52601317770424 2.07536466670367 0.767725056725835 5.41275306799877 7.59496758758955 6.41613983701222 5.75889494195879 0.340477807280485 1.18118573259475 0.696680961440535 4.69853827309663 1.93569709755082
0.817446410685581 0.461974613380285 2.82592668405561 1.64513162285449 0.552122883730963 5.33355537912141 10.0522245703441 6.80853079816884 5.11829048768878 0.36062887539191 0.865997235724056 0.692090901291931 3.50298546104225 1.66878236690668
1.0953178260897 0.523685517353266 4.61667719539873 2.43512214437798 0.908230616439267 4.32070405818503 5.97606718659008 6.43871213302477 5.67277969802765 0.448276012903661 1.56406892555865 0.857001986482429 6.97256751925024 1.91287702716926
1.80412884919106 1.01972678984376 4.42771878209807 2.91288623589954 0.70633281571754 6.53788128151369 10.226948463885 9.47616483111858 7.48791991430274 0.357465940043347 2.13092912474577 0.827311691387884 7.26659186413641 2.54505498203227
0.999779214869308 0.359547199386902 0.240930071240388 0.315052542703442 0.0963503166707807 0.113665319607507 1.02714742977724 0.315950359467844 6.64737209089949 0.0297562951101625 0.228065415313286 0.113818427059797 1.48402097281347 0.17925631898352
3.16123412273143 1.04973752280729 0.610136949610011 0.820169392007421 0.0538428575002142 0.126657791036803 3.15973883118235 0.93407968014912 23.0459359084335 0.0312959548217527 0.728629808832743 0.372691007264895 4.68024380881452 0.729684989848499
2.62292332185565 0.765268154288975 0.645489926897448 0.627033412431401 0.0807754142639199 0.165649991016963 2.79904477029708 0.569425103040148 19.178538168754 0.035595403434915 0.646174428655119 0.358886768640118 4.45073609461153 0.57673722763232
2.53118586657161 0.857627695394407 0.572029114729651 0.572093236580891 0.0532377023520388 0.128958251272502 2.38183488198024 0.729320926681419 19.330261617997 0.0323658347734116 0.571153718899006 0.29654444693177 3.43881338336272 0.730183597049105
1.41471260112985 0.463404151074958 0.290633165259415 0.301813778994253 0.0787796704823305 0.0869259625851267 1.03364119184966 0.281872569469194 9.67134478931109 0.0369151230751713 0.345348423311672 0.190271580187239 1.7584049038548 0.334489216212544
2.16312226410205 0.601169539253502 0.433087438276234 0.385805211701137 0.0638386682587667 0.0768756685009315 1.51685275952818 0.529107850788866 14.2149752821557 0.0216552823147296 0.422078893018115 0.263604917543748 3.14353566787265 0.549544464559785
0.814747711079067 0.330391930841384 0.130870136790793 0.216088820137064 0.0358267530435294 0.046960238087523 0.757195868047546 0.232535105826492 3.97197135692709 0.0328642140397818 0.15796214251803 0.0964667497705513 1.0631882804219 0.173010638250948
1.18215763097222 0.348234665567356 0.22567151350035 0.194810557795743 0.0312438424808572 0.0717150191659425 0.967971255089749 0.28392135031529 6.6235604336006 0.0457402414463596 0.276887969198093 0.162074341894916 1.42434443407886 0.253493135266004
1.34795771582459 0.467976634248764 0.244735545685386 0.304499550986253 0.060296299099006 0.0945064854321965 1.31504613145192 0.307654369066172 9.33312109612991 0.0349536447517142 0.332687804261488 0.184276369669159 2.02695094588166 0.281061238369179
1.00490471251176 0.424065121105928 0.184595339098167 0.244296343206161 0.0588867543649789 0.0615835961974206 1.32803444058778 0.321159029383103 7.74354772630499 0.0310989450528048 0.361073503295112 0.15860632398285 1.57206063488584 0.251878030864944
0.628763413745717 0.18225463469825 0.174826864382951 0.147441027143067 0.0342501443749288 0.0552255975039806 0.685002678914387 0.156962727539354 3.97745484691841 0.0381682198989794 0.206663301493869 0.0841266836414423 0.746762805894245 0.210957964238084
0.850547683898555 0.250060497233835 0.217708473882207 0.147614593449368 0.0281377159032422 0.0479306728553409 0.721660127096772 0.141316283642094 5.83452602628731 0.0399518636765011 0.254087542015096 0.117928859526263 1.04576816023261 0.307902349645888
2.48170384648352 0.737168074198728 0.473155185111736 0.537319963877244 0.0447459336833577 0.109040128675551 2.21714226657911 0.653282992158067 14.8833257380297 0.0186177064446251 0.474590233638152 0.279541685243675 3.92314884229617 0.570195712302471
0.411078585724527 0.131693305171702 0.205995526971724 0.0757708018760053 0.0411446753867315 0.0309445199140138 0.530183207940471 0.11322624406785 2.45416772853736 0.0386306276319029 0.20394003765135 0.0639481567052984 0.578623196669186 0.194297894874007
2.49924592292151 0.730615413124625 0.498711156991156 0.515790544025985 0.0305002106945102 0.120852809706699 1.95541601167812 0.580358717537755 14.8149659915469 0.0253164092500939 0.406386229133475 0.230399020366869 3.285797480796 0.499899741919854
3.07646628003174 0.99225007430892 0.5974666293218 0.754262934482323 0.0423811001868412 0.138025699558634 2.6344138366262 0.768792539696508 19.7285694538326 0.0268941058315036 1.36975318928255 0.351063952009503 4.17954245707736 0.680419760422541
0.126947901643659 0.127274285451147 0.0736249766666 0.131995942453277 0.0180536315531867 0.115472610878215 0.072080474177442 0.0428172815975653 1.26137507636265 0.0224685565848294 0.121750285002289 0.0488253562209926 0.147141029585553 0.0431907140919441
0.13358528809197 0.14037298116544 0.122815292285535 0.131764564369699 0.018867755902847 0.172957228737547 0.127968397983562 0.0582458771492393 1.99598941769751 0.014823204934718 0.178962524119591 0.0755237994468451 0.200047251589371 0.033874550080913
0.104381387306619 0.0933043350130828 0.117184358932991 0.0938418252258404 0.0226171435402974 0.0683009376819919 0.0733956173650859 0.0274565809471805 1.18543955178752 0.0296452729112302 0.137121185491536 0.0536854161192047 0.138873354941011 0.0372979401167182
0.111296846995779 0.104334353837248 0.084353107457218 0.134235156181721 0.0157221618554072 0.153760454010012 0.0820452169328901 0.0407041457954068 1.48477709022646 0.0342627283820257 0.111502304657077 0.0681397404230802 0.153030076818327 0.0453617016948815
0.105755827571493 0.071612795190098 0.106723251770504 0.133290663831925 0.0175655585276222 0.101421978875266 0.0797133116447097 0.0358078098056925 1.55944692139424 0.0292031831803987 0.130746139036374 0.058159460528779 0.194447289484844 0.0367881076896315
0.143905632225357 0.0852574995282393 0.110405292893631 0.117188693934745 0.0150466681752287 0.310294400958748 0.0826650168286105 0.0459501393710305 1.96757347809959 0.0295189522709467 0.180807725152292 0.0993926415944269 0.193475666697967 0.0381769981163738
0.102740251058843 0.0751242024805428 0.0743040813220084 0.0929029964272317 0.0186129040052184 0.101373831019941 0.0662341804190565 0.0597534494055509 1.53556485749653 0.0385807464561957 0.113362378853974 0.0622666819725425 0.162633041809952 0.0438426730577618
0.0754750264691486 0.104487443204961 0.0722855266726381 0.103117801146767 0.0130948154689086 0.270723700312731 0.0459181414617027 0.0323158289050408 1.16770664019506 0.018798563778492 0.0790034466151139 0.0330123476641856 0.138011023826067 0.0332101345374193
0.117850628814863 0.162485074447422 0.107910789673658 0.140126626522423 0.018176881195829 0.108698489254604 0.0723243704289922 0.0309646264693995 1.19365239853028 0.0171008974390645 0.101956179020415 0.0669206436556908 0.128417189614525 0.0460155479667845
0.109949264483681 0.0920512508528471 0.0978571320294714 0.0868580568172792 0.0296113471930406 0.107616196986383 0.0645877943414114 0.0531203435480609 1.90257642510008 0.0270947119422451 0.0988957086824534 0.0606866287415394 0.198988012320452 0.0477303683393764
0.0832891748481224 0.0804231148587394 0.0632866960860623 0.0918266085035429 0.0313849985184336 0.201383322425577 0.0415908606820761 0.0905980944614949 1.36734997613085 0.0237940437881029 0.081712332361636 0.0439246321146443 0.18354523351398 0.0435503311583939
0.0877994976870017 0.0482043211563536 0.0789527989143426 0.0777448486341014 0.0277129049878964 0.0666748608845951 0.0627917490537919 0.0416834093945241 1.3315974111935 0.0311639278834715 0.114332215177586 0.054355394866763 0.213141121923107 0.039511811655505
0.107718447504316 0.0999562876461762 0.101813298378817 0.108600325601804 0.0234432060252849 0.0848470849248071 0.0340401970406247 0.0354373196481694 1.4183561492156 0.0382689083384444 0.0809651764886792 0.0443368635643743 0.173468265576191 0.028897534782387
0.170044821643605 0.222825493588089 0.162119524617754 0.192273433808766 0.0237999275301944 0.125111598624077 0.0825809585371658 0.0797271420074327 4.39838502931631 0.0334737461501227 0.368135754743281 0.125412100265563 0.585129157624448 0.0584754552753336
0.154136620257559 0.276037062990656 0.131688110052393 0.17128123022256 0.0287986296416004 0.0776459837846718 0.0628530675447493 0.0645918458349745 3.3774332752479 0.0290646982706205 0.175327344658739 0.0914565774227485 0.375462656956801 0.0416021404069433
0.0916765160293225 0.0855956907863664 0.0748550999402881 0.107728501694336 0.0248204861718148 0.127667753722015 0.0909562986751457 0.0736326282485414 2.01572610331287 0.0286648567001208 0.0888423701644012 0.0661903880810313 0.1951142940291 0.0462495924920313
0.160191528413425 0.13769030245012 0.148573169520579 0.127023227770628 0.0248621367338429 0.119082772488135 0.0859822694049073 0.0597870485057174 3.74801755033232 0.0352875765559272 0.205291853692966 0.075338904224194 0.400306428830549 0.0561139797389201
0.118777060462726 0.102757730088108 0.0909732176246832 0.127275999865849 0.0261948696078745 0.0807132377299811 0.072478040369312 0.0487806216698874 2.34158177743864 0.0229574383879005 0.118533967407788 0.0632437148573236 0.273365547118017 0.0461002891146849
0.0981756863408636 0.0758958916313483 0.0761333464640296 0.0839869903180439 0.0258116136777333 0.388447891409496 0.0561508405405848 0.0397195649978567 1.90370358699642 0.0239497871540149 0.117747166407366 0.0613845985839101 0.223023852262569 0.0494460901040139
0.0658145628332833 0.066403737160607 0.0654940208804055 0.0676474033746045 0.0240681817075727 0.101714972622588 0.0564560383433269 0.0321033766472349 1.38013781494098 0.0232021871452648 0.0801239874306136 0.0486083823091916 0.174791432986327 0.0322585780518697
0.0656814662821116 0.0711620871425078 0.0576188540336088 0.0723635966794481 0.0259593712967818 0.086403401084591 0.0575702776302118 0.0436485203275336 1.44549306780112 0.023190351405202 0.098171275463822 0.0523366581796663 0.174790560668327 0.0258284948936881
0.102706693391453 0.0826876551113105 0.07654649349854 0.0957595839055048 0.026821516519817 0.0789189644733026 0.0606064215107737 0.0585190125070833 1.9605314103956 0.0308450140405415 0.144828227014555 0.0456476177990549 0.206618928931576 0.0321938806586576
0.0937166599944235 0.106917707920103 0.0722460531337435 0.144880377789053 0.0268941890516642 0.0865547385290149 0.0503022311737133 0.0388982964242726 2.17615949283112 0.0249905049724448 0.10990015781831 0.0729594326456418 0.228990692703769 0.0537303224045951
0.105359663942642 0.120506851905548 0.105649489609381 0.13777778981898 0.0198483561150083 0.0801289526339362 0.0498224355942719 0.0377084710556463 1.99935502265302 0.0262236399284037 0.11870152489092 0.0813169875073587 0.191119542292643 0.0579690381314261
0.097377389668155 0.112713434761251 0.0949009611184393 0.0775579814178355 0.0200276709532305 0.0679686039559706 0.0593088403955017 0.0479032483799625 2.18012499382037 0.0229271194622195 0.126139096522288 0.0649888155756865 0.200802304723815 0.0401545220515179
0.0892245427114401 0.0514430288987481 0.0966066095810332 0.0830837657674267 0.0288062811878306 0.100649496773178 0.090144020603928 0.0401892735025332 0.904143974796986 0.0171561323973117 0.0843739424099901 0.056525948357267 0.107712942191322 0.0379265115948624
0.105715040238824 0.09440515687641 0.105489819665931 0.118563637939256 0.0279770458401395 0.0916741270894013 0.0516805843623921 0.0367877203882289 2.02006283668357 0.0189980369518535 0.120096415299269 0.0732947355526864 0.191237744063606 0.0344397039096976
0.0821389772868706 0.0820340469973106 0.084574699387521 0.0927958175199513 0.0230342683102788 0.0738260806135129 0.064269938968703 0.0493324220662744 1.69082864803424 0.0224865856907911 0.108289852474919 0.0599967383736347 0.192371042201715 0.0271719680518847
0.0881846480550681 0.0866494712737318 0.0829423886817176 0.0944940701337655 0.0307413543493911 0.0729272996553234 0.0414255708044052 0.0336917550541811 0.826106471113108 0.0167036855034423 0.0903411680386328 0.0609690384503196 0.111958595705833 0.0431712607753011
0.188403456161961 0.185645902378872 0.145123772621704 0.155181517385973 0.0261546369320098 0.117621844172572 0.114426646036185 0.0376891042714044 1.84366615086799 0.0223778295386966 0.122197253144545 0.0994686216948832 0.197802338126912 0.0228895980163729
0.0902648377351846 0.0673071031978431 0.0892411283951812 0.111833086765035 0.0158809326513285 0.0962697368461198 0.0633837701464497 0.0394935096253538 1.07593696967422 0.0190126669955172 0.13936933103677 0.074317974982342 0.121877541507595 0.0302718977502149
0.0874096395946009 0.0960912106395964 0.0773068226631036 0.101852781974804 0.0216595276664777 0.083522281859675 0.0610492625746778 0.0559014924411962 1.21669411378043 0.0214284160095377 0.1319292209939 0.0712763650153457 0.115012610761523 0.0399899929671514
0.631422218009777 1.57259352771973 0.117929610882853 1.22709491708555 0.0341589899190886 0.28399558211976 0.351898083098932 0.558911701642633 1.52203911380696 0.0182946735928083 1.26905308868801 0.524017584811663 1.32200430163007 0.291381934704122
0.748918087146955 1.91244506859027 0.103970568399558 1.50911398279389 0.0336132879672112 0.405034738434815 0.211593668708737 0.292976434706608 1.80133834946021 0.0208156608736773 1.66337417717133 0.27616749876446 2.35579750172034 0.271417308279419
0.85882263780166 1.85105627160053 0.165565395453633 1.60771207650093 0.0339946744219415 0.299219023728339 0.440977691863743 0.448120391761244 1.81512718360361 0.0224383942836769 1.52164379696258 0.251199574942314 1.71221241444745 0.354824599522293
0.508346836856717 1.24975333297926 0.0745737680882201 1.18417064874542 0.0368117710247047 0.29998928895206 0.109582474186133 0.292701310306191 1.41555766857541 0.0249040351657698 1.17613402345122 0.1942358411239 1.3374157778126 0.244891630250546
0.741610540434481 1.56641010167653 0.0945472830301403 1.64562906782301 0.0353335033229219 0.399135290851199 0.231000372495944 0.625564886245293 2.10918947145425 0.0167958714831896 1.79305871808576 0.35781753744615 2.12458282944275 0.393626892080016
0.567435411290185 1.53394274757265 0.118078749446561 1.43096089282406 0.0359371972439996 0.410981600160195 0.260687860823545 0.401896701233717 1.961563992442 0.0372596743934389 1.19942090852956 0.255224094815453 1.7026177117921 0.19051162338606
0.472248358028969 1.00596673416717 0.0834066707121018 0.91502545108771 0.0380262448326054 0.235597445173674 0.265004559594117 0.290766225374652 1.18144807717335 0.0276140871988743 1.16176634864234 0.140625457492105 1.47688948293204 0.282258545666043
0.149732727530521 0.214609763009985 0.12230418057841 0.169069171266049 0.0182505643965296 0.0741114438762814 0.0972989425560457 0.17632266373888 0.0773607835695084 0.0344630950308044 0.0886748947668084 0.0820013722961615 0.185599360664761 0.0413302477068016
0.12974240365921 0.186395444343191 0.127160224232524 0.153482788431377 0.0287591276951058 0.0743614833169219 0.181224908963413 0.278089593247973 0.169942568762918 0.025059561747054 0.0882390905902887 0.0872048007369074 0.194098939339879 0.0304478612981323
0.119289583892247 0.176002187027806 0.161389943960625 0.142448484031813 0.0238855083345356 0.102746554908238 0.180822957661451 0.223070702709238 0.115507921995326 0.0102745075035722 0.0898907681494277 0.102540553864722 0.201949514845698 0.0300776977425741
0.149064839509001 0.225856243170518 0.130916319945871 0.164868349686756 0.0172807181845164 0.106121589529506 0.137253236290095 0.120349403342992 0.109958895745718 0.0136933040059805 0.113957087645095 0.122128323932317 0.211545946999771 0.0384388575564934
0.112972272770828 0.106640530780472 0.0626459607302429 0.0795259645507549 0.0155598030494468 0.0737809149142602 0.0861598501967163 0.133148406024867 0.10231583710203 0.0187681155971211 0.0590331636307201 0.0598056258235857 0.152766082183086 0.026460359277086
0.162031072273131 0.154503198245433 0.127580924299377 0.172693415491038 0.0205333277820414 0.053615944929717 0.0846370705080602 0.0951524513753655 0.0899604067942208 0.0117964137203955 0.0854459754621248 0.0963183816310193 0.177508485489081 0.0195202196988543
0.520234910650342 0.602459262000778 0.51663824644829 0.470726592394213 0.0214977196141086 0.156305605567789 0.429648019731885 0.331632919888894 0.167654508879697 0.0120328287797875 0.238220791098347 0.26157058477983 0.551096053967981 0.0441830775133574
0.429066594879343 0.384450409281301 0.330698590434064 0.302808639924996 0.0237860634918314 0.113873847119124 0.270529770641446 0.261062590043068 0.180817685130156 0.0177235454632581 0.172329479429342 0.229792797410183 0.454416835244915 0.0275500747473478
0.13160647142754 0.126828765167938 0.141669252553254 0.11438546329654 0.0207616520142882 0.099680449286547 0.176271282584114 0.191744193658869 0.1213336330536 0.0111226608738598 0.133348957601113 0.0814866743823558 0.180995723828232 0.0329845788229481
0.189675235900569 0.214291013452338 0.212250633855019 0.192067724906623 0.0235791908013499 0.10504687017283 0.186592131277076 0.241111802040935 0.144893427614605 0.00715439281658997 0.118894035951043 0.120594269019842 0.25643014434329 0.0275788214633017
0.199479942968232 0.234032131852323 0.196229316393072 0.167186417098868 0.020064953331026 0.0812741759907914 0.134900753879668 0.12521480377246 0.110251509115741 0.00414507118488856 0.108862844330383 0.105913121421604 0.206974117233034 0.0354184669715122
0.212632298535199 0.224216552015096 0.211910203610102 0.169365125923043 0.0202832084828053 0.0750161666582199 0.216519133171699 0.241695506672026 0.163004789176136 0.00831123821198555 0.12298998184342 0.128417642785763 0.317331241010973 0.0381103984618435
0.195128317215983 0.18425495537151 0.210567720526637 0.182525581166271 0.0177656753002463 0.118231740423853 0.123325948818927 0.129084832943323 0.0969255013902068 0.0079705450931044 0.130765169869587 0.112051663907161 0.244710483698281 0.0270260812624074
0.183946495352054 0.183822457532644 0.169950999518166 0.20294670974073 0.0250669348987913 0.0799667695659714 0.203980192868631 0.18543999543993 0.0931485252492025 0.015241721009284 0.125133655587188 0.0943587599685187 0.229086736890401 0.0377784913798402
0.105656806059225 0.155500037200828 0.132113059918716 0.104998627329083 0.0176737681955367 0.105290162452317 0.162984717186033 0.146248516719028 0.0919925029652989 0.0106234763568758 0.0964911002197985 0.0802810230311169 0.221115065968242 0.0506198669098977
0.137540115437698 0.15664326281743 0.136263854848005 0.126133649395032 0.0164696275427964 0.0616563884581525 0.154497788932849 0.144998174556868 0.0951457237041562 0.00709179103304881 0.0992388011913207 0.0851917182655423 0.222310411292574 0.0209435312801616
0.20145869920613 0.212340814967823 0.170360422345623 0.15961373428163 0.0237706045850089 0.0948579281454766 0.136359286070164 0.171256823555435 0.0979429740961966 0.00922181857532365 0.12457957747342 0.123942380464384 0.202644957358484 0.0296082335318895
0.205107984028351 0.260135422312782 0.214284679724015 0.233920636683707 0.0142306820277619 0.0927388081110302 0.194215914946725 0.204182068632707 0.127547642053375 0.0130364027240307 0.1292242751815 0.15328525815481 0.306618422434098 0.0327360534461852
0.172487094696987 0.320612652021313 0.165130514185346 0.271356207050124 0.0207776001747946 0.0663109407224704 0.127482336659594 0.221988831676049 0.135284765119164 0.00535097409709314 0.148685377909354 0.120302111709348 0.269123095283805 0.0286232645217354
0.191210807281889 0.336226095988239 0.267357579977228 0.271038916447368 0.0238982344359877 0.0609695025718709 0.206342765370383 0.205422682412465 0.130963715104239 0.00736039014086579 0.458713696868547 0.168809474134979 0.462720424677947 0.0401208645222323
0.146391964640853 0.14672167478943 0.140071346842327 0.0998342715509282 0.0288749751022747 0.274194171591895 0.112675788635265 0.121621298448223 0.111357522306586 0.0134686945289703 0.134920953076538 0.0757391942157639 0.215119845598236 0.0296205824686026
0.10137695047578 0.120968836527225 0.144109364696643 0.100709462727661 0.0226738417287889 0.079263835626552 0.0982904669241338 0.200173266133315 0.110805185076139 0.024219942462647 0.0782457340503503 0.0715979836820468 0.17764620765005 0.0304749885660892
0.0989529846965271 0.177072896599944 0.115556267967275 0.101845361282953 0.0222362068059862 0.0861626185517866 0.102850703568367 0.176554262717649 0.0775121098941934 0.0233484141540753 0.0745859049560726 0.0810402199184471 0.158583087605058 0.0246078903587224
0.16825853540216 0.165742929042714 0.14974753016422 0.316072300714353 0.019972749131558 0.0900176745973221 0.167359074832592 0.234516048437945 0.113471901049436 0.0107812818401751 0.0967257247891549 0.106615460127063 0.2207168972941 0.0342884619910453
0.339913909797567 0.537722490813588 0.351422692622674 1.40399499654077 0.0199110242812977 0.243243770677204 0.194483352383343 0.442039351965387 0.951096924951087 0.0168998061633769 2.5233096612738 0.184928915405042 2.25437711473134 0.0937031795287232
0.742834901333808 4.74186428640215 0.638844571260885 2.48161837117569 0.0182584080165565 1.90643216373649 0.355806508609398 0.513245108551715 1.30753914771521 0.0199331331986597 1.79212288258826 0.288980310065843 3.42235512833924 0.110568831240378
0.458770495700699 1.01125979614635 0.422150249340702 2.02129221398775 0.0184771556304905 1.00595762375342 0.375198604672567 0.704731852397906 0.901951967064654 0.0093064774028682 1.30292762303767 0.23348630892088 2.12779523365272 0.0954064677585862
0.974897547698674 3.68610778701338 1.08817639205693 1.54656224295772 0.0328490458660504 1.00974546183627 0.525928565731381 0.764064226859354 2.444191773951 0.0239250610076686 2.17792390365492 0.545983739480209 7.73058497740906 0.152964556734116
1.11274251001201 4.00451255068601 1.14532644476124 1.42895607583302 0.0134412459859795 14.0496243019465 0.675918815876585 1.05463517242743 3.76147798299066 0.0187420821557815 0.926618936479376 0.599755551991065 2.18924619526487 0.145423406719008
0.601431572209926 2.80371229908142 0.647749471224754 1.45527585419101 0.0280715419056289 0.375083639956767 0.47994786122797 0.581252686171393 1.14721644994136 0.0118583407315408 0.787155611835463 0.340967908078761 3.11573117552173 0.114135823343635
0.438745977011583 1.10419844577519 0.453998816144977 0.824355374337954 0.0239594299972817 0.249474518252726 0.314142007097585 0.570117729488801 1.21051655405991 0.00883878922820823 0.592432975511211 0.263772768908525 1.59093089911511 0.0609043726292294
0.934763187419127 14.9363847770028 0.871490212646774 1.61278114460436 0.0224232735757631 0.585639258429597 0.594215315868928 0.791680667689417 2.24983375579151 0.0247213259529393 0.812728269231514 0.455329009547558 1.81414462308661 0.135644565387084
0.685387638700943 5.60178217625154 0.670984347683381 1.42255365428542 0.0252234106336786 0.495713055573061 0.464097235586815 0.5968691644076 1.47036878418478 0.00914271672326252 1.63726278913096 0.369563328507522 1.99837523523888 0.113062372170562
1.30537120163223 1.40665191667449 0.665837164292694 0.286189900798093 0.0232981345363713 0.143054723246568 1.29931100436318 2.20885584140834 2.51504308543715 0.124559967130167 0.838569749430542 0.360535114885998 1.6647346670054 0.0696461788577458
1.69835265323386 1.88822932942843 0.79914244033213 0.268688794145434 0.0456999424422372 0.176664004201969 1.64117289082788 2.49758991530571 3.20443367616608 0.0802170749365734 1.07906014649271 0.455653032130998 2.11632223807672 0.0953035129323501
1.89268069421628 2.00188097237119 0.808934794244619 0.292918210081946 0.031000714082819 0.12167969539572 1.63579598884469 2.54316691330572 3.24773232516713 0.101559478100206 1.06505163045043 0.424651666571315 2.13849139536292 0.0888839181314586
1.35758505968934 1.45982982365203 0.655076618927819 0.221897079492121 0.023294191879385 0.167162921101534 1.40856953282211 2.29460824435787 2.21016564966646 0.0221434712664559 0.685603859220571 0.286490210909603 1.42632444544832 0.0574398103576993
1.95575109942627 2.01828181035392 0.800524280261059 0.264286292087381 0.0406119834679904 0.18117629340566 1.70995984994391 2.48867717538951 2.95309292273922 0.0370103110767984 1.07439225470866 0.47034180907527 2.04391885982835 0.0795035293772861
1.00354987508446 1.02652978378042 0.412506302192766 0.172713375581292 0.0332040498813122 0.0764733181489623 0.939326070652723 1.45499187674696 1.26743546759918 0.0166650779612911 0.631015694860099 0.282343794223134 1.02016276892164 0.0500619188164477
2.13274600721773 2.2439616286003 0.883366225727455 0.256178513250931 0.0206067922702032 0.176846206068848 1.81501706464088 2.86232050932377 2.96876347221851 0.012961963668908 1.09558620927664 0.572161303278023 2.33866564782262 0.068166382156877
1.97418038916117 2.01352941214177 0.793235478604648 0.318684476973839 0.0242409979189785 0.168544037726641 1.569618377492 2.56709990999754 3.78108927078436 0.0966296166028773 0.881246158663713 0.474503039686437 2.2164836601435 0.0928888423254213
0.23672502678714 0.200691889268251 0.142405191342357 0.430264427007603 0.0243086600167481 0.182381628295858 0.19799753226525 0.18236109956206 0.536129495693724 0.00200438330888991 0.391542974649279 0.240565759167928 0.362259561643869 0.0392272553023557
0.263258627980269 0.448830688253644 0.123244727022979 0.485743606032596 0.0201637994721329 0.139468150697526 0.120772421199763 0.223465796956498 0.392842584839355 0.00216113710606031 0.300717306635175 0.230903930814995 0.390927722198231 0.0290529748479225
0.16659872289264 0.172643061916013 0.108858356031692 0.314786484838437 0.0195435193539493 0.131263254069905 0.176872671301957 0.243259942277885 0.351361767147981 0.00294890597511824 0.259662203095344 0.148567532442396 0.252053907249308 0.0413074550392496
0.219071485228554 0.37534206595643 0.136648790934798 0.544693846628218 0.0233696929024204 0.173710280797508 0.205971790416925 0.207581797041657 0.296390039986572 0.00180333789729929 0.43051702512493 0.156323112655961 0.398461923139311 0.0561473538193283
0.359340130718461 0.386666019149716 0.233718276227479 0.658034069257392 0.0227255570732109 0.225764457601303 0.281793921402655 0.34993272056176 0.393065785397588 0.00950804374542669 0.409384806959912 0.267469701119298 0.41670209374745 0.0468315746699198
0.240755521315632 0.26295182052362 0.138899487906168 0.31974906044411 0.0308239251230413 0.114035582053172 0.163197160943517 0.224626365428723 0.27111989343153 0.0155475272218238 0.164872434789286 0.152003564204548 0.261466152000657 0.0556679948633866
0.442506797896647 0.550924451297041 0.283899030164357 1.27479781668317 0.0239815750760286 0.191732192231824 0.191670155189622 0.307997981296474 0.491587529133057 0.0547728824588663 0.670443625780467 0.355568009290974 1.03515781948856 0.0653943216609292
0.22498464783131 0.383147075371445 0.233879332488212 0.258700138987043 0.0221323373082673 0.424438037904191 0.755146379767334 3.23720121696872 1.72927835220909 0.027519667083985 0.374544103547217 0.102068963462106 0.283798099010141 0.0279669766381924
0.302248644196188 0.310899615140899 0.322444994519681 0.185240744112741 0.0276030635838545 0.697052402337723 0.318695726507445 1.80890149980236 0.787905221948785 0.00750931238417199 0.322369170908075 0.0967734859735318 0.24128779942734 0.0262884922413528
0.364297282679094 0.513062220200753 0.333031830744305 0.338956128094558 0.0195822474854115 0.598900066741753 0.603354020843877 3.3464632746929 0.945304703593041 0.00939226049596625 0.424577538885203 0.117571943580645 0.294009907123488 0.0339358711229531
0.143611571219022 0.101156683244446 0.110200582005688 0.160150061227681 0.12622785446716 0.07486366607909 0.1305019331023 0.163325992634216 0.135778825766225 0.0203052189009562 0.115074631255797 0.0826780161367583 0.129867464067751 0.0633521419442944
0.337597641317738 0.446002852649581 0.237583435580438 0.748829279691926 0.0405502897157561 0.157549696603574 0.248611923994629 0.168937744312015 0.38020451850181 0.0178275595849698 0.777335515867642 0.322014491741626 0.902852980571808 0.143883381284686
0.158428056062948 0.209286305585526 0.161687105021587 0.193391545576548 0.0325034951736464 0.161329981037847 0.252870258118665 0.17378639776044 0.22315787792652 0.0198342024249237 0.175160671521385 0.162832511631532 0.270366224423249 0.142327851406702
0.302752532004101 0.417217550464773 0.272731815143051 0.377325056207075 0.0334888560599896 0.28321620663929 0.426366392812209 0.253074702385367 0.471175377945013 0.0183512703294261 0.346797278976401 0.323371009021282 0.472827879431434 0.162108321326127
0.257578280914116 0.327683345065057 0.25629111775845 0.295908691358264 0.0301664389467418 0.19493642612583 0.346052954966288 0.237529048594477 0.406520543770448 0.0197425294421846 0.314968627443936 0.291503062385169 0.427692400227306 0.100808739799341
0.224304142491921 0.311660316642068 0.196240713363768 0.219863623493875 0.0701791592462016 0.156058419403095 0.237435767752038 0.171805949346587 0.234008698672754 0.0257023346693204 0.233527565193959 0.215881021747594 0.27332333384502 0.0968765596556464
0.240007085661479 0.267100197731677 0.223077107745429 0.240563123534655 0.0356439672358847 0.212307751988316 0.353932913584802 0.224362907632542 0.285121996949393 0.0232274656216827 0.28902039305291 0.231179077287159 0.303423725765768 0.114169078008917
0.376153607276674 0.462765618681854 0.314591411887957 0.453891154369994 0.033249137773456 0.289487476710065 0.447017076131735 0.303524894346988 0.63887464584818 0.0257049174163481 0.541222856418058 0.362782260129896 0.527012919008358 0.135406883116505
0.395998824824691 0.519030867455113 0.351723380655705 0.504238737367324 0.0356767574603131 0.328535151719636 0.461458073168983 0.363447799565384 0.50447747211421 0.025836913889782 0.50344879277963 0.389569675350197 0.578575211266707 0.123004760742801
0.692392532919378 0.871943515077271 0.585527951733445 0.769536521891625 0.0321990578649899 0.589199620977384 0.702801526802215 0.516278817645838 0.863518692172229 0.0197734168363473 0.860304304079604 0.712464197446923 1.11515709820093 0.157410438291775
0.338497904510509 0.601103458879915 0.312247934991405 0.492881214040915 0.0479529491095693 0.327673253068137 0.499075190867994 0.323673150182357 0.438702511309756 0.0278320173498637 0.423858485188314 0.408510026625773 0.505304951087315 0.112592572769069
0.376924958590416 0.544931319921881 0.363591238489133 0.544686802828004 0.0529086750933722 0.32209414516316 0.543691355515274 0.411442737661321 0.53493347282114 0.0320796043256446 0.500349189835756 0.435193864187339 0.573072081654784 0.153533335644947
0.503816136423795 0.677451150155336 0.357682950884284 0.622625339375431 0.0400883588589175 0.433947637464396 0.603465416116839 0.356965514114896 0.653072778859907 0.0254954181429935 0.651357902636966 0.488648671871543 0.665827900017078 0.133773616015794
0.120125308239637 0.159008386282697 0.10832048847842 0.122149633811887 0.0304934494833061 0.0689918581323424 0.11487825012497 0.0724630661512772 0.200936129299214 0.018439684015694 0.141651715132492 0.115498250655728 0.202918505961804 0.103026448053148
0.481464407810919 0.199437440205784 0.54337658163889 0.183784224654243 1.63999152561158 0.127335458989833 0.187170657166005 1.86325282496414 0.147109475616006 0.0171347138399514 0.179778085643064 0.106334749190697 0.195193735842963 0.127094653227372
0.219256957249134 0.270589625166849 0.154153904914353 0.070631807466299 0.0728972633508513 0.224380451799018 0.153272839736763 0.23911475682122 0.415201240936787 0.157994283636476 0.319631462522116 0.213058742741816 0.493124849726963 0.0664650120924554
0.190956868182498 0.201876017227451 0.116874903585641 0.0549779591222874 0.0200854417065326 0.146396781872977 0.0946787197173209 0.183935216883925 0.271820906519901 0.0924161101951005 0.347584388181755 0.173282228026029 0.488723870717566 0.102408418288315
0.150160798587547 0.220936871218185 0.111244275322994 0.0670375276888462 0.049938254460699 0.147006282247059 0.14179309219982 0.142221414176058 0.247643723806317 0.0881917799491632 0.174179989676335 0.124277524970552 0.25951923367914 0.0720394143543482
0.235621963143159 0.257807697476328 0.172224140491659 0.0531187621026332 0.0378385932403581 0.182846366985126 0.164251464179012 0.174692695527513 0.305026816426951 0.117565352480191 0.270957362838202 0.243550592851833 0.433506907357398 0.0989240435614578
0.243265478606631 0.473934195305588 0.198338960781659 0.323680108746506 0.0223556150750158 0.913440975835059 0.174941805720776 0.250003553609103 0.958227494457779 0.136201682705353 0.530792853916098 0.305937991302442 0.659148310729351 0.0694998421997542
0.285123154425353 0.374496157956742 0.192068844460331 0.660544258618175 0.0228042042899208 0.917181131902323 0.241358573943492 0.316166830765884 1.98395118594636 0.170608639525774 0.627999469109962 0.306561159762425 0.838351260012586 0.0817446323807355
0.240605044344075 0.24981398867188 0.144205021065005 0.270383091508966 0.0173949305886176 0.263807158497791 0.184653728609927 0.203858863355094 0.351778275794167 0.172211361661203 0.447794729652554 0.237763086001424 0.484320384690706 0.0917395609760575
0.269208713410242 0.340744022827726 0.216301746123849 0.0845207770224946 0.0218659218221854 0.237657239265146 0.204555865957364 0.301838112568136 0.491486780762633 0.0688161710166976 0.260549928970716 0.304931259172862 0.550448659752793 0.0814016212706218
0.191955036535026 0.237920608654334 0.142363244774847 0.0940490132062011 0.0315037309891553 0.126374606951439 0.108629212506148 0.189539232782243 0.254844787123705 0.118864398496665 0.299449691039797 0.231630570719735 0.372751390488703 0.0768881023487082
0.23206413972241 0.246083660410186 0.0872123839955651 0.0350134066462799 0.0218444397060931 0.144617825406177 0.110708192649126 0.122735953219503 0.224678227687296 0.0848398075991818 0.173319506029463 0.242343477360867 0.249378077555687 0.0733365182741264
0.302864760430255 0.477847004087298 0.213507656615796 0.268792790759873 0.0246766445965588 0.664238983170126 0.261363259088018 0.35606575146905 0.706489365260993 0.0912264053476838 0.43540475950138 0.358091361815931 0.555420181650857 0.105388382986972
0.171094027672502 0.287136857577972 0.142030822633076 0.944278243334578 0.0222354096106216 0.607596464652533 0.160198286494609 0.208984159630104 0.638940155612656 0.130296791323503 0.246945150063923 0.214756043747448 0.376643256047097 0.0794014048027225
0.107869031171125 0.263011714741554 0.0816576885946216 0.0699961645569021 0.0551698297053521 0.192633405237136 0.139623411449077 0.15889398759511 0.43610584549663 0.0605095910022713 0.206880703462654 0.152297151564353 0.283289791511188 0.323432092647144
1.24738600134559 0.952945505570562 1.92448748306805 0.447442084071933 0.925784816693177 0.43732997472841 0.218892093890071 0.318795305216533 1.14162839126321 0.023495748800326 0.573661450741555 0.252141747881555 1.01543199287649 0.24236860283409
0.208645917150374 0.808273158725535 0.101100657709921 0.138736127990845 0.0362719917725237 0.473661020022238 0.306704252610316 0.346710808841656 0.976616400577792 0.019130686645356 0.567327722857993 0.350532277568873 0.602006053304342 0.116222560838355
0.0727121146438942 0.288696586745828 0.0346572536804194 0.0458307429212424 0.0292110263780292 0.136981660942124 0.128572341530023 0.156586765530127 0.405991553454312 0.0221500703596094 0.149251194977715 0.113857484523903 0.281424698243972 0.164518546915259
0.100565437686281 0.340049882049565 0.0523345738377058 0.0879629262676313 0.0222286724964419 0.248121075812667 0.199269034107857 0.125953946484199 0.429954449462867 0.023046085197323 0.22373994487546 0.144857217250358 0.334618823763634 0.0586089242997825
0.984028477527556 1.89123565163418 1.90599439498508 0.826280455510804 1.9626791168771 0.621243641562586 0.188413579626376 0.605933923682728 1.76946486300734 0.0176233288536875 1.21202267200564 0.668874317994188 1.8726372741928 0.082001384851957
0.124230293819986 0.352272668505386 0.065243723747828 0.0617454611038914 0.030692239651057 0.142285119335331 0.159733505856288 0.212989580633173 0.555849726166979 0.0184547573046125 0.198629297055537 0.167486391375258 0.338854449813168 0.0591970570320034
0.123193025934364 0.256893792731432 0.0509975423170419 0.0678556758196682 0.0216118013618112 0.187788747013681 0.114515484429225 0.176371556237684 0.521580588288066 0.0170357096340872 0.214851114972219 0.172694656210482 0.330018443364786 0.0506938581732412
0.0934452010557351 0.31581483437895 0.0336233985806514 0.0488821895900607 0.0228664858210261 0.134967406726049 0.113497180730228 0.156486338995304 0.351956151706626 0.0417172366801338 0.15575710554707 0.132046699476919 0.221625178079489 0.0456370854100454
0.127744433111342 0.331730043499147 0.0631373112712395 0.070103888666498 0.0218148660549485 0.221637457786447 0.199715272010537 0.183184491863283 0.597425767301726 0.0259930075723286 0.228593625679616 0.176443325657388 0.401081705731225 0.0816397770490201
0.0742559700691573 0.270237704051819 0.0651532630876785 0.0497348798007864 0.0204374430918817 0.135553263060761 0.118322498386863 0.147574621431655 0.363141119228793 0.0307920302461868 0.213041795835152 0.116663985908777 0.315600399367961 0.049033915933836
0.106790121467689 0.346485897057673 0.0576654006196215 0.0769804600210649 0.0219842644768285 0.212395589666037 0.136349618194667 0.156398759186546 0.438595604379003 0.0340111142653512 0.266447311959244 0.170085596786574 0.36869356870597 0.0587000761356194
0.0956136060880466 0.239925898895469 0.0527473800467223 0.0643817201037806 0.0214076761066722 0.244905339220221 0.16309084429926 0.228212380859786 0.819408768864633 0.095270838985478 0.249230642574676 0.149878811947189 0.489071570647084 0.277627807017499
0.0820831929421118 0.313264517433957 0.0381474343476943 0.0559388976723116 0.0273217027553056 0.137661708295407 0.117783740363041 0.194261716134638 0.453379451558885 0.0283629966669181 0.230194297229629 0.162653625351957 0.327528409315458 0.0542284477901137
0.0834183902979271 0.34506555184269 0.0452191587945145 0.0848472416366326 0.0153908695628782 0.307601339842563 0.309904404142988 0.252435546243603 0.711824474240776 0.0860256329980838 0.221457186554627 0.145904440251559 0.460314370007467 0.314365432125472
0.108960121300858 0.322803283456597 0.049615526363767 0.069847183761197 0.024584326509209 0.308822999301766 0.234765386565602 0.205497623984932 0.646845324791359 0.0859736878135677 0.230710222293623 0.194219760422964 0.381207931158575 0.162948885972884
0.136663127570776 0.375760234557962 0.0749838308008429 0.0988750048462245 0.0400328784960707 0.406930684800953 0.264151638340716 0.218265540440946 0.860998978957502 0.130861737742103 0.292108565429388 0.206292838255096 0.502733278829462 0.245012900946412
0.139065833788124 0.37275325618648 0.0662893902083647 0.0618234612675703 0.0225509716171326 0.334285343621065 0.241197527461001 0.189912236849208 0.634796402149933 0.0886643821968019 0.238491825036031 0.162476603535227 0.369443151392153 0.202481002041365
0.0948838103798345 0.134495484335462 0.113460473330851 0.0870569267986846 0.0188615363973371 0.059111160737025 0.118836744454719 0.144350788367415 0.14512193300323 0.055802038436983 0.0973316881456008 0.0619941357789578 0.156168406044817 0.0471519109919642
0.0550688394887277 0.0805044451871024 0.0666793065898359 0.0391720059981112 0.0209889658934765 0.0653641065005506 0.0823650876602209 0.0982180546371559 0.109280068160465 0.0281452741732545 0.0584568184327564 0.0536872608400321 0.114456712920109 0.0498026728200172
0.0404128332093941 0.0629805004755676 0.088604408738982 0.0682711955187888 0.0278474423505178 0.0677380064880244 0.0553839515994581 0.105463411902579 0.101929741649464 0.0307925105380342 0.0922800959237721 0.0631986317244133 0.170632606295552 0.0474836715172608
0.0774690649028246 0.163065339110923 0.0948471743848101 0.0925868922728814 0.0340026941580333 0.102769948909981 0.0717182206951159 0.0998257286372364 0.190281382946302 0.0493063841169691 0.0994090684822891 0.0411202855379534 0.228360558078853 0.0488810370587354
0.105269195165377 0.206994100546851 0.127039927239687 0.104013105774508 0.0571113129053853 0.0925654077957912 0.170116705143174 0.218255988438701 0.282371480381394 0.0223098964858614 0.104285456272081 0.0497195766773658 0.237798474296672 0.0544137340016055
0.0402795438185476 0.0919025638967564 0.0580727183647231 0.067381742229871 0.027141221756277 0.0574818286791639 0.0940735582176733 0.113528028114054 0.147272565302465 0.0470423763009207 0.0866377129237081 0.0653153002079098 0.106617987835357 0.0487406747752202
0.0627079558154385 0.0836146889612464 0.0820001368142667 0.0627914239818037 0.0154765746172528 0.126445862894573 0.0924000875643241 0.137784163277406 0.134923339902213 0.0446685107573312 0.0821127362161023 0.0469683915897199 0.143242733710483 0.0402204931655532
0.0637334772806351 0.106050954231819 0.0705865702945053 0.0691227698489595 0.023278169495902 0.0642777953268129 0.058851806957862 0.130658470039437 0.129310840080895 0.0566531585124916 0.0774740174309325 0.0487735658457217 0.108857304240988 0.0568400967651698
0.0781958039465543 0.164604464723686 0.088137220386591 0.0790883666763651 0.0195124765545914 0.0723383165839552 0.129215433697398 0.149218945317618 0.1977854662461 0.0318953354334051 0.110570821725533 0.0350328248678905 0.187880575686307 0.0550182932629668
0.0627998102558531 0.069988259674242 0.0678064411337388 0.0648906832169371 0.0260749937682187 0.0622452608748972 0.0849031636667621 0.100243391127086 0.130828606596129 0.0307793618980794 0.0572450751257749 0.0512419919509139 0.0798058904199682 0.0473986207454033
0.141920374479617 0.14999343094547 0.165878033803471 0.105732102468812 0.0225911485127501 0.121599505713425 0.116999271286791 0.155968550578259 0.204576925326583 0.0509381700937186 0.10898183885194 0.0767771895114119 0.223989605279783 0.0660067545786839
0.101783085894491 0.185497789062383 0.109649916899721 0.138614446366228 0.028979698130191 0.0951455750372829 0.124533534707109 0.251710698025987 0.244813831900782 0.0524956510432028 0.105833324752274 0.0782467819763229 0.195800596182463 0.0668236717362442
0.129405374796264 0.15158571745992 0.161286477988938 0.112626528336639 0.0173036365447296 0.101863026899914 0.179299092968714 0.296141541607357 0.3136242015382 0.0514658863721497 0.136137736165156 0.110011216479196 0.201492738949673 0.0723284444272512
0.0675398915463904 0.0970703529593364 0.10723378074784 0.0608672647137082 0.0183396665070974 0.0407625453889144 0.109397790378484 0.254300242059111 0.309525491791462 0.0520669520211644 0.0932987799311765 0.0591478285260618 0.154325727409859 0.0391963218209601
0.044963893112938 0.0892642520518909 0.0754371227236838 0.0629177327159322 0.0215664154538842 0.0487114961598736 0.098647484829212 0.104522578499385 0.127362958449419 0.04476203141216 0.0772721957564083 0.0462293599636303 0.108662069501107 0.0349122998772449
0.0951297847272374 0.108314605120883 0.0961316336645276 0.0676327423197418 0.017763490597187 0.103128116054772 0.0950287762219859 0.174150820823459 0.244834614336953 0.0457490207893034 0.0946624334125963 0.0770111606943873 0.149190493668422 0.0652444201984682
0.070551266377938 0.102013406318727 0.100788636569261 0.0934389417100206 0.019875592725659 0.094888605858426 0.0966432726803212 0.131553860730886 0.158817671783928 0.0338742104996166 0.0767151184586201 0.0452577871592368 0.132195009074497 0.0605096822005301
0.118530105218274 0.146154138581855 0.146890927347653 0.0938058981385838 0.0265705596378128 0.0655197481368285 0.100504096654352 0.121947340752114 0.182778667372695 0.0564302773875951 0.125308441225271 0.0490940190509575 0.170952193660224 0.0694697699657842
0.0647965685576481 0.131025000603866 0.0983818667111447 0.0856148418858292 0.017093062462211 0.0487164909521735 0.14830163179158 0.201876821508771 0.355388303525613 0.0425627522310758 0.112495911557525 0.083427820364635 0.187281097101804 0.054730520935592
0.12939821102287 0.199961407819751 0.189236041904896 0.127362553495149 0.0250244886155505 0.0938230677328229 0.14887536184721 0.229734927987066 0.246163390863282 0.0304630606834499 0.122362575443656 0.0671096281949822 0.288269080911417 0.0699541223555668
0.223368469226943 0.238081117102025 0.179989154638114 0.189421200014401 0.0268601067718795 0.060391804806172 0.212144519480307 0.241268239738846 0.35153534385411 0.0652912890435691 0.152425999943564 0.0863236574944693 0.327643607952488 0.0973180956471252
0.052347866203987 0.0703007796394763 0.0674040344281225 0.0496309609273109 0.0241436183749623 0.0930063363564462 0.125503989258543 0.128204079042806 0.163171223661753 0.0649974472961928 0.0708939266807703 0.0566036800799955 0.136303465237755 0.0477849743967776
0.138588097167963 0.257507673355395 0.182487741536642 0.178128548152863 0.0221249120001068 0.0811036100033943 0.162899263406532 0.314742979032957 0.438977338946367 0.0386568510431201 0.149271314625925 0.0870022775390524 0.238941357906378 0.0882524031340554
0.117682115473876 0.19741084353894 0.142546919147622 0.10276064889933 0.0242876003082641 0.0845480998023756 0.132094415105705 0.145654758680009 0.199445318193601 0.0455279504844731 0.11759616179394 0.0548902609220546 0.178622871197698 0.07597712777498
0.269011170314378 0.712162471890462 0.331420094995504 0.648068013148634 0.0585406776535981 0.137777951819117 0.305018770976612 0.317329099044837 0.390901234552964 0.0839861574488779 0.563738782513594 0.205602475407654 0.953866415436068 0.230260352050812
0.0727137792625699 0.11387637266041 0.088449905436356 0.0708564344059075 0.0325584685608245 0.0957687825888536 0.133159201466308 0.16762974678199 0.186315655335448 0.0518134535285803 0.0879014009663075 0.0563492000271198 0.308252127887629 0.0553625201265122
0.0610987971057511 0.0673676517679653 0.0572180526189309 0.0502017114924608 0.026242002206198 0.0937484591894305 0.076617979713707 0.226658954518926 0.254279520774469 0.0490769149164789 0.0581249155813425 0.0435999685326831 0.106765861360725 0.0479102511671421
0.188428081668838 0.148387134149108 0.0901404888143215 0.169084253229806 0.21009701365638 0.074333189441651 0.0680929449200651 0.18600637030924 0.0815000683025049 0.0222654821076682 0.320979476287193 0.266138358965261 0.389077215553523 0.0196062808758216
0.196893922118421 0.156935137368302 0.10297068344794 0.0480795935843975 0.0244082399380306 0.0603387501704064 0.105920918194395 0.0929469271418563 0.0463035109290708 0.0516454151061653 0.200270259662228 0.169164713473939 0.23889369169008 0.0327980406441852
0.142630275583158 0.129259992200179 0.105261660578339 0.0518467071651054 0.0207639109687056 0.0358681444084203 0.061372767191042 0.0842319009951087 0.0714694533938632 0.0999214278252332 0.22884832317883 0.15191401397545 0.260195955010202 0.0275413186416007
0.149191264743328 0.128154429770938 0.11733032949492 0.0699821896715577 0.0370554586435493 0.068654780828786 0.0995499250460424 0.139479440869116 0.0857923562200675 0.102647337107168 0.246527858013697 0.172264425371772 0.324701830951561 0.0221783965078979
0.15297670977976 0.126827547445177 0.099529055059666 0.0422427360253661 0.0210381946377231 0.052358152578329 0.0744713568056649 0.0762944548174478 0.070155179396187 0.195694552050904 0.187247245770722 0.141972568442338 0.268413900426809 0.0306380680290922
0.0985425424135014 0.141898849687984 0.106904748756473 0.0322933726239046 0.0311539749103682 0.0485999633297765 0.0731871329547387 0.0927270140480404 0.0414790005249275 0.12415390561431 0.152611840191694 0.138518105623884 0.202476847506888 0.0296339510988956
0.116421909598743 0.128288833017119 0.0991872848809462 0.0410951636660825 0.025028187222235 0.0545447474659078 0.100501345563395 0.0703963257193295 0.0823676504625977 0.136653791171145 0.13661146429661 0.125739212147186 0.229008694341417 0.0220150001552397
0.0409797579598671 0.432599450859257 0.172760140421575 0.548290973849027 0.034078941499629 0.166389962826406 0.275690072482854 0.249339589834578 0.644776390350995 0.0188642068596581 0.169212096854126 0.202001326437417 0.556067556946443 0.0985824524917281
0.0971346426755476 0.474880621114525 0.187131593879221 0.34143029747187 0.0387877342162413 0.166397559568955 0.302615558039215 0.218626524153351 0.458782526652907 0.0157355230709546 0.171945523232005 0.223055233205203 0.633354129158352 0.110641074915535
0.0646553774925061 0.678865297332531 0.237475584052862 0.493982150874374 0.0215342970926529 0.199947180030287 0.278549540634322 0.302976171834818 0.639917117040205 0.0230759512696653 0.261547041141207 0.263575361007738 0.820664648683272 0.106835925988662
0.193441439553301 1.75635884808461 0.64282969409966 1.01989716934014 0.0359567221046451 0.415578468926769 0.880198380648776 0.853639903943263 1.71161852826911 0.0157843466777812 0.601406058804942 0.732815094362334 2.25777388482448 0.2168790738985
0.361943465792926 3.54312630628669 1.43326725304337 2.03618075964926 0.0298984380398579 1.1577519607739 2.04299560673433 2.13619739925301 3.40222146929022 0.0233810172558991 1.29252961971655 1.86592593964763 3.35421944872965 0.453214600551199
0.352589882666029 3.66152417933134 1.34383347145626 1.95461701519876 0.0348911862336776 0.949925526028025 1.81361375177026 1.81214166452637 3.05511190345707 0.0167083243479153 1.38882381383999 1.85595283122488 3.7274167251542 0.321089075518669
0.440396930177249 3.87303579419002 1.29878021243967 2.09979947525083 0.0209371203434494 1.11822918730059 1.99889792076561 1.84177250232778 3.35079935950827 0.0249109506846864 1.36848935200849 1.91094386391475 3.80935910522441 0.509249973165466
0.241787223720454 2.02027042170492 0.797638697710479 1.11010592176244 0.0251888528643661 0.635229834857992 1.03874198677208 1.16518441240438 1.97715922523719 0.0281204242029436 0.723293809048249 0.951494724883997 2.06091069978615 0.298099072112357
0.163158210899993 1.20890137853709 0.424279184662593 0.574777708900985 0.032977468351365 0.367020731754344 0.6729134340217 0.643012544516803 0.958658264763902 0.0346354812541513 0.405803827893976 0.493888230498133 1.56592228037306 0.192478784269123
0.232631328842947 1.4789947955168 0.581099071821578 0.713023994722125 0.0542984143964345 0.456903081393114 0.995385701601466 0.903582209523163 1.31306893422398 0.0373181098551805 0.531067189734601 0.653884762454922 1.41664080651655 0.360333256703793
0.22041548157969 1.62807079258678 0.594780939861265 0.847983171429622 0.0346988394739007 0.499866941113846 0.994967616245723 0.790460224604638 1.2320981629675 0.0385522630197949 0.589145955265109 0.757802910579461 1.53613240669975 0.365204115345957
0.227261529349012 2.68515136645744 0.94287072133602 1.71506063941929 0.0286171769390258 0.759254454404382 1.38251108784705 1.29153522001711 2.40744967486633 0.0201381340638654 1.12602132927091 1.33389924625268 2.86590162942642 0.335293359138389
0.252261032271001 1.75987000363695 0.659482796524096 1.00911602491795 0.0302225108098321 0.525716144792618 0.908406775544378 0.978070313022899 1.55058770839335 0.0494600081832618 0.703726145404634 0.815708986880978 1.97863262644915 0.263083410248784
0.204810528410454 1.20905407341637 0.527852086388136 0.630119275039656 0.0243713698007999 0.440833325029919 0.687672314588216 0.695930452888104 1.48465966153208 0.0380657950401755 0.543291890192254 0.647764617765206 1.90930403041245 0.335766215541077
0.289136632884585 4.41135466312208 1.36951351026892 2.58566502767126 0.0269616898271771 1.23051709676835 2.14817681605777 2.29034231582653 3.88348669756036 0.0201245040415902 1.49765224533616 2.0542404589735 4.41484965243102 0.394743832340832
0.235998755934605 2.49361612450266 0.840853186780833 1.41491016084807 0.0341487789465293 0.977051652143976 1.46354219130819 1.28647229235215 2.46408690272087 0.0221169026330038 0.895011832329539 1.31808588358297 2.42354090545487 0.261392740359091
0.203561258529941 0.248585220981386 0.172694872748514 0.151063017391493 0.0225312276068967 0.202997315081681 0.417293032855755 0.400043307368684 0.270058510600242 0.037687824156012 0.229367015682927 0.204481972617822 0.342372707030854 0.0835523691382873
0.148812595059517 0.29150383360481 0.0887998573108865 0.125040972438128 0.0296684250086982 0.0896022882149975 0.529247431439005 0.660308531663327 0.227493050338535 0.0296328612240159 0.131415828253801 0.132751497229258 0.20718634361153 0.0879231029702804
0.132691340557307 0.27083445846047 0.0981992306741949 0.106485724603935 0.0213752504473634 0.098190356463079 0.30918562296916 0.33545694647458 0.216833990936605 0.0365578547489523 0.1206851266193 0.171413176840635 0.205215025232306 0.062915209966732
0.218199702991307 0.3328555893419 0.154961720305156 0.160807414204555 0.0217669813427517 0.0990169157215314 0.282859841584992 0.288661101448355 0.218943630460945 0.0306675628599296 0.175614414677654 0.1896199288453 0.228136170093208 0.0606765782659299
0.143492311552741 0.324044746047511 0.121796478411127 0.136507926328662 0.0214254633979659 0.108925581876245 0.285689590908706 0.398578237464425 0.194652009822873 0.0422703680322704 0.13545833653603 0.140342663102973 0.191311101334607 0.063427233865658
0.201864407491663 0.262404635354012 0.127970704912583 0.175564475985528 0.0280840714287625 0.107846560324582 0.376375156952311 0.532603491343937 0.199443588863688 0.0330701006842376 0.208917245148014 0.179707076159031 0.273913077903657 0.0546773185201988
0.175222507416927 0.280236487314125 0.130890461957654 0.110625162552197 0.0150407251788471 0.0852991296601166 0.33300049408233 0.351216841624147 0.12671007752762 0.0271563321614577 0.147911013636317 0.154718191992899 0.22144744515299 0.0929714708789713
0.240507898865558 0.359066396052441 0.153279019991858 0.203471862022316 0.0258599463448793 0.154876798595613 0.249653006831279 0.561897498348003 0.221868262821777 0.0456567714420992 0.212386703752986 0.216454441797893 0.252111285257553 0.0457060613624971
0.209964029288447 0.311972306026113 0.132310879352496 0.145755312022956 0.0199273790889442 0.127660495639771 0.355685188371386 0.260412818902642 0.154370658398809 0.0574615706835193 0.16292566337103 0.225487184038793 0.311618756272184 0.060703244048315
0.333069364872676 0.248260466228812 0.223631894857097 0.154709471678494 0.0190163690103898 0.121269502752324 0.354840238493496 0.614741959726928 0.190789103710488 0.050076876109743 0.187510514386836 0.262598287284496 0.209208167638416 0.0807592500281389
0.130864995016114 0.280494921773248 0.0813751292862061 0.115197435835781 0.0249450704026223 0.101579767451414 0.326675385136219 0.568044705146219 0.221148481756661 0.0441737948589766 0.144592584958216 0.111521321674955 0.252041649262709 0.0639395851595227
0.169589239088553 0.196519100701463 0.128114641265265 0.139196234032301 0.0208591134644123 0.126358556374365 0.197983176976592 0.305674853227146 0.202978336511371 0.0410793352873971 0.135395923310838 0.174017154305804 0.188571621051426 0.0619517480074078
0.421326715279955 0.37765470904938 0.307056323691564 0.230412703752033 0.0182911587893423 0.141950929594984 0.262352909860569 0.383086550346093 0.249150874541582 0.0495981895376797 0.374076164392666 0.379819852212484 0.355668162915236 0.0832026910736552
0.37190953743978 0.400966834060845 0.31442047946241 0.348430894821337 0.0240893538342756 0.19267845539977 0.545278244361843 0.669871544333399 0.45416440351236 0.0401167036491934 0.311502245609564 0.445885528880535 0.401177871019933 0.0627326631348278
0.213115279256231 0.283027737472396 0.144080143869223 0.134453482822053 0.0178795579859908 0.105940895256832 0.235812403034581 0.316081631260646 0.171484236638498 0.0344206194966601 0.189169731407361 0.203546810649401 0.262799331644299 0.0373224120150702
0.134976630378194 0.194442029416726 0.0987037008458913 0.104875931324353 0.0236262922214071 0.0834164631599885 0.290863487627176 0.410129457655103 0.152997483936247 0.0479715799166717 0.127125848686068 0.135188082160751 0.17471976814095 0.0996512944344346
0.193064129454406 0.235895486172906 0.13432588813482 0.117664047165212 0.0264694556336756 0.0732312083290075 0.219167744177142 0.331544138584302 0.157616909364507 0.0406336393971188 0.140579952262017 0.15763152934245 0.21958720337867 0.0705044915675933
0.122025867176559 0.231243978390481 0.102191835459215 0.102520539049355 0.0289145441372209 0.0658664913448487 0.347597959128614 0.487844544972982 0.233413311457223 0.0327204495911821 0.153905213412737 0.103230048628926 0.192683082796776 0.063284244914236
0.113981333234388 0.267677828489246 0.0952675367721801 0.0898921737238758 0.0204321165653567 0.0882978336176509 0.374399828454035 0.535243242584091 0.235996291701963 0.0245884564656641 0.147087323561812 0.128073875700679 0.205297385496052 0.0736846202969943
0.169724023595538 0.3182580866962 0.0987813730280068 0.129589642946019 0.0207892956885798 0.0728729841949384 0.470186585211519 0.351036052611741 0.143137795190671 0.0241124837524431 0.186739989647292 0.199389761500851 0.240083482389361 0.076044211113688
0.177980372488256 0.747588206288166 0.131093832079564 0.335094017808445 0.0346140871899029 0.355532830342351 0.362350016726909 0.189376940963921 0.60203754526313 0.0137900615272993 0.228878586559817 0.0467932472401263 0.327613866789308 0.0792498049877988
0.814105255359699 2.22314977451735 0.67859090223698 2.04608763496862 0.0234086825277694 1.97667265151324 0.857480749055897 0.45019404588736 1.89569166987655 0.0131215001992878 1.70975902037614 0.189409476145538 1.70370950301247 0.134246851405561
0.383978745448548 1.41843428162455 0.336287376802709 0.895353651613043 0.0227995123502177 0.851884248100194 0.327211975895038 0.185935133392446 0.879266494184365 0.0111541573680366 0.645695173773326 0.0811308980202616 0.596646561209006 0.0866641371238177
0.300317686765188 0.915166624401073 0.204587081459454 0.508542434279806 0.0229224832276644 0.500909857675096 0.344745137897509 0.238567096728819 1.05450666390579 0.00737508713078595 0.629360890273407 0.0661192453266846 0.538914984775836 0.0650593160323296
0.15677672121748 0.535482533778934 0.126463694468485 0.27423556945072 0.0283569540698852 0.308781037473246 0.192426559211687 0.204087899659611 0.592470623476842 0.00680003961176987 0.36912217562682 0.0739066597416902 0.403754328488352 0.0422762319914528
0.153989352980042 0.565047379872247 0.119832264803 0.280601139882069 0.0200764345139122 0.268653050935945 0.286888453964409 0.143738217791762 0.449939264422667 0.00761676819265891 0.209464547173724 0.0561308236643655 0.30930271889389 0.0561007967823505
0.109151978486856 0.566236951925809 0.0825449708072297 0.227979601195083 0.0282441960575266 0.154570814913299 0.184624934697033 0.16224613457124 0.314644763778599 0.00656783799725072 0.166641694893796 0.0433883695971785 0.247320501404922 0.0728364708168558
0.104744125309375 0.590951787530354 0.071015685762963 0.197434741088836 0.0178706812592899 0.157416731544995 0.149069214427087 0.229776380286895 0.460907474195465 0.00847699429125509 0.212600272447028 0.0368308747560907 0.240755846259918 0.0549936561155111
0.126898945682626 0.446988142350464 0.124259969673029 0.199280526039701 0.0305973474682957 0.154512003755803 0.203223834901886 0.234668832193292 0.54697514040043 0.00709540754910762 0.251744986864583 0.0536421393676044 0.311233511388743 0.0534584357337117
0.129133737414281 0.343566492437293 0.127306651661126 0.19051293186372 0.0286710453411522 0.236483656517659 0.228514060616442 0.257198806473707 0.525765258507955 0.00573573007620518 0.209984135941882 0.0603920481761127 0.307012630097538 0.0616778291718507
0.133662995787809 0.320086695031329 0.103223733895985 0.181013437835956 0.0278754830966597 0.244474330858931 0.21505250072292 0.198041193070391 0.261084561194159 0.00750921299172964 0.167664639732583 0.0493469877977075 0.224601034646501 0.0428904697520795
0.299593858060075 0.207309181344618 0.364070558456793 0.514156522684086 0.288939980537459 0.111676389623724 0.413958084002318 0.491416946380796 0.388082982075225 0.16934541867916 0.180435845281255 0.25823770789142 0.353884387613955 0.171159240923737
0.254777878600326 0.242055309124648 0.213061159163888 0.155005538546614 0.104158215699915 0.0484774990323994 0.535014245192478 0.301579224635758 0.218624547560572 0.197229466071801 0.0901612061227831 0.176083961329968 0.260176678062462 0.189573764279633
0.186246888612711 0.166819322095787 0.155731891577493 0.0813175291358689 0.0715271919580231 0.049960401419482 0.422056997409291 0.346742196557578 0.303796630874978 0.237870461116021 0.0707117367753023 0.106957679246006 0.256392790410602 0.12409495269049
0.182975909219885 0.318444032745484 0.14620069744575 0.100759628206494 0.0555022816837097 0.0550024817243862 0.382122043201872 0.391829758536846 0.183232097499114 0.154363355438927 0.0763916206299396 0.137769283669414 0.26672778485577 0.11104428101686
0.192799135668597 0.117585825582511 0.147719077809451 0.115305152879607 0.0339898407509655 0.0544812265945397 1.40917461681854 0.319891340985334 0.299858629999412 0.180592821202472 0.088788512573504 0.129345976021658 0.293775432643614 0.0980408466537906
0.232911067224913 0.141256873533859 0.203093221528672 0.149583994908576 0.0883581663754137 0.0723578019573674 0.547145098925492 0.466664356401069 0.253294403893876 0.258298239399213 0.0837161989752453 0.191035044583179 0.210443588797651 0.20356689080999
0.206428588431074 0.190472409359592 0.13740334064355 0.125208606240866 0.0719153614269139 0.0586330897565104 2.06809653426523 0.480110118569868 0.260904922060296 0.269769002669551 0.0795069318679162 0.148845300227746 0.244800250573837 0.104984676542108
0.27334350099464 0.192642103264385 0.274190174516323 0.190467318254424 0.103815455309918 0.0675273523777727 2.05116447356322 0.390184671467342 0.314697318184072 0.277644089915876 0.0991709611743864 0.242672578278692 0.205957584039606 0.186686140602836
0.380595096574704 0.405931969764551 0.799716800583727 0.531671751431796 0.153888342358517 0.113102140686844 0.404991036347691 0.341598240429953 0.266328874161125 0.107289745524462 0.0797344933041757 0.303798789161058 0.240819290348011 0.192687649110058
0.335824382163205 0.477636074017864 1.49480894617554 0.739147067718286 0.282071881970434 0.208482631508566 1.28656158666129 0.34383241123477 0.584346338294069 0.251275084957107 0.103537813919956 0.265790284027309 0.231086543101748 0.144830419798405
0.145118861877305 0.0906278388700206 0.14293240400394 0.168674633249757 0.0615057649093681 0.0706596911676143 0.379328084385182 0.385742355132995 0.286912379411305 0.20186746806911 0.0648714760236231 0.176232677991379 0.255412792337036 0.126907936173715
0.181072717412501 0.123484178386389 0.152180385888241 0.160667320612028 0.0711370636176913 0.0410130628115915 0.472204911960989 0.213725907508412 0.207971478021717 0.244690892229637 0.0724261271370121 0.165419567415378 0.234281873017711 0.135124690508845
0.214176551356717 0.173330165035747 0.113625840020191 0.102183715511248 0.0684391518183633 0.0333614484101513 0.325356230269958 0.440723150694622 0.401367834722681 0.261292738039791 0.0727753398133632 0.109935425376848 0.310855391680875 0.135447169141699
0.210223524975846 0.210905438451915 0.150449741534785 0.170124414117829 0.0885577677945145 0.0537807134463962 0.35039316303108 0.332448196188899 0.183900909402742 0.206317075128342 0.0626928016956332 0.145832211348238 0.239306585062976 0.154618078450569
0.196125504899858 0.362548437918162 0.138703454184816 0.171328142743986 0.105312336197719 0.073534569669714 2.3444217248331 0.461378212504043 0.341939970138221 0.279598774909988 0.456162041608007 0.23099532569781 0.471220253252416 0.130345182144223
0.239957393969234 0.0965517856288879 0.119054788169261 0.114929368017189 0.0692974644131979 0.0505673917282102 0.29860690269841 0.379090850064065 0.301414696911581 0.142994465227284 0.191503309837216 0.103646755511389 0.375384732375806 0.105905842250749
0.157270618459208 0.0856320358158725 0.114656938600604 0.117660170685795 0.0585217352751059 0.0384072173942142 0.295986391703843 0.350771031380687 0.269034952520956 0.202359688496745 0.102577887930398 0.0785970358292133 0.257168870345536 0.0719995601764454
0.180534677400283 0.12473858534705 0.138047635508315 0.17571622849099 0.0823658809128961 0.0602210283384992 0.32722862640082 0.341606619863099 0.234116642539447 0.226033876528177 0.0571232431858584 0.134600587579461 0.3471356763646 0.11762673207447
0.219002038922097 0.0806866126487017 0.15773609712643 0.114806936811896 0.0365224824647862 0.0531518647579659 0.198019193070676 0.187510507746377 0.156098952590603 0.141440399888557 0.0603081497792057 0.133000994122857 0.256222984907618 0.12072613410746
0.164972911056974 0.0840275856040263 0.125925046489363 0.154402847419114 0.0629303644239615 0.0578041638218189 0.372115886451328 0.323612353730161 0.253185577959664 0.165953770094712 0.0955668341717184 0.109410092531617 0.285673939915926 0.121707393549471
0.264089202098205 0.115562910171304 0.220498887703504 0.168215378095841 0.077523555192432 0.0621552828369346 0.291709680092505 0.334511130780253 0.298388282144723 0.270644262025871 0.0951111713876173 0.181523036640595 0.282132486430161 0.162739549652308
0.256434314432946 0.386910627676863 0.148855718405694 0.161265953119968 0.0669403610976345 0.0560695891018723 0.332200613718508 0.334860413937878 0.215252896061678 0.0861428876323365 0.0774722792696888 0.158915501748861 0.234455057560681 0.10486421308161
0.170457578975945 0.203350928142826 0.123654575403187 0.171652481648914 0.0682467294507299 0.0540188630146121 0.321593623546803 0.291821283177667 0.214406599114151 0.1166036318286 0.0826766691095329 0.106616796876168 0.172880294957399 0.140696614115792
0.343759599502604 0.688024019008074 2.37372846515601 1.06836311224314 0.746512284077498 0.293472926777417 0.662807949899777 0.322452617217453 0.753555870290548 0.122137246607075 0.148786859231734 0.529714458432049 0.216850617652085 0.187414774593427
0.27661264987435 0.230655332791526 0.278053788304248 0.182602497963553 0.103355701849291 0.0618793561742871 0.412759679578841 0.371371232954579 0.335569276708056 0.20578789207728 0.125785717237756 0.272603742683046 0.353268419529342 0.169874589540733
0.207562130292603 0.228231285969115 0.20498751551879 0.163299911852334 0.124618858563099 0.0720051602039249 0.300761384658382 0.563996637720076 0.358663692917342 0.178595937227663 0.0807530526002463 0.222497915503065 0.337134726115687 0.16759646325515
0.215624295889798 0.317344571510951 0.187284851141144 0.299456921022572 0.0219619601394519 0.0415352709522996 0.496300981444082 0.982850711183538 0.768923167168162 0.0783393991640793 0.261329679568607 0.104829010670211 0.38972099734673 0.047285540295717
0.28433567179057 0.418287281547412 0.26812820674714 0.391981983021649 0.0236706497965795 0.0638856808775318 0.521770983013053 0.863659053315416 0.766931439367299 0.0584745721584486 0.267090957139966 0.10494388997621 0.460907782112892 0.0617752465578556
0.201533473701858 0.192159751612605 0.19683108834764 0.192519271243346 0.0200450575037417 0.0440749306146177 0.428991430803249 0.507302911956464 0.446054906944626 0.0624703209742814 0.200935452981035 0.0875002460534978 0.346673577617208 0.0644403894257975
0.180992247212829 0.255853215750635 0.177697711863991 0.236591428881969 0.0263212414438226 0.0457884219326369 0.271333907709876 0.519516631621756 0.483884207022837 0.0649100854845513 0.177486242598993 0.106004481957683 0.341296694665603 0.0786090806199997
0.225957318581839 0.325412850693825 0.246475181577509 0.2747420068633 0.0294062016442808 0.0397214507563006 0.501477665533537 0.757036473052881 0.657961928025624 0.0749829379396325 0.293102324638405 0.103657547859975 0.461979563002175 0.0679705127840455
0.318678240233556 0.419064789343065 0.343568639858757 0.39890505942248 0.0203598699369886 0.0614832692320967 0.665544537517236 0.891854768448596 0.862071034602196 0.0668127635300969 0.247039865076305 0.105561407314722 0.47660907473566 0.105150939513521
0.19076568127679 0.421488352973023 0.195982580517352 0.273560104894561 0.0243335702794171 0.0484471976024439 0.261184285475827 0.496654553214073 0.429411862231272 0.0497097092309351 0.212289003587751 0.0743444421440198 0.364125463745532 0.0557554017252584
0.139267298145881 0.186269611962201 0.17965046385072 0.121786400570766 0.021645895707638 0.0447137053711978 0.149051432059218 0.57352095781657 0.421718290614588 0.0421373048407847 0.179951025017381 0.0474038950494283 0.266029855037125 0.062877816052604
0.362568411462937 0.525146254655336 0.34526935187542 0.433762453988813 0.0209115527956321 0.0676118230372942 0.478048207341783 1.03428414840137 1.05086784277741 0.0539405130203908 0.385712154444203 0.150398975443169 0.573564532863871 0.0738429998649378
0.189368623375139 0.268014658546636 0.256624877078031 0.259971004194182 0.0222287835200642 0.057532984002944 0.360633181309816 0.73314677429471 0.706439383619923 0.0584108903941308 0.251199266248846 0.106421125903234 0.462190080432337 0.0584070102065152
0.25776727480983 0.304431693274218 0.248298078979959 0.264834372641508 0.0225733260392587 0.0480701992844677 0.335066121152215 0.573395267352868 0.534914019110454 0.0625465468677985 0.220308957555622 0.0900580221999925 0.377102904179687 0.0614712802273847
0.303767796976709 0.423221912833883 0.259889630197548 0.27954044254176 0.0175323539652486 0.0648936243742313 0.780680864008663 1.34982098810203 0.77945907702566 0.0598194428322508 0.357729521340506 0.126261146876575 0.380286979904706 0.062699869141086
0.225750088611863 0.30795846736618 0.245582367790171 0.270738306884153 0.0208323433278478 0.048730696350279 0.490941179571432 0.554056192375129 0.549571837231229 0.059880202894332 0.212702557001069 0.0833196178362293 0.387698519441661 0.0510772355893386
0.239078005396567 0.372060433720354 0.251481665713593 0.330794993274629 0.0184890840134559 0.0541576547886973 0.501416631312571 0.709584471483509 0.72667204319648 0.0584544113231927 0.349599787469919 0.111337019664817 0.592439527854791 0.0641134373496186
0.212819334003037 0.303116434109168 0.204846479451572 0.267447354823204 0.0170128655673811 0.0495902459983778 0.415946818513228 0.807692993350442 0.586710237153306 0.0448245408766657 0.278825728872943 0.0990990695202082 0.514785269176824 0.0941712443255156
0.268654525186894 0.0746270442652105 0.242732103332408 0.120658447619781 0.0882868946750657 0.277071596979005 0.973343773630081 0.104485514239716 0.188233823838128 0.0431720743839334 0.0464077623492421 0.124987106431639 0.292963749204341 0.105923988606551
0.359401139718946 0.074060892849309 0.543316086961694 0.174723753357119 0.0399057693182219 0.230390301359045 1.24024718512186 0.115601259666893 0.219781178129441 0.0456007072543866 0.100336342177272 0.244617544183265 0.721581647180117 0.126134877634034
0.305950912900401 0.0672999604858138 0.349201333699349 0.159130240026293 0.0361080891752389 0.162836587001706 0.838437644571136 0.0738037650952615 0.220993358979716 0.0486254549929892 0.0791437931746182 0.21054585702701 0.553703369279353 0.083746573134892
0.332483597022773 0.0863041628026588 0.381157051722721 0.184294912763427 0.0243681228502777 0.229634649403682 0.8549861519922 0.11572353006778 0.304093308446037 0.0420163299281138 0.0709154289011481 0.227588253808196 0.420660811597973 0.100390773479573
0.265319317178742 0.0741869753932857 0.345109547337426 0.142947390503839 0.0400693739650347 0.165317645849648 0.779494780117548 0.0954803771660064 0.228662755835529 0.0261003451164889 0.0695091244503985 0.163185640806925 0.446910233857487 0.0948037166685082
0.423332501754465 0.0762982124030322 0.552953610243262 0.190045903602115 0.0237535018828463 0.137142132582878 0.877192904442827 0.113731553612478 0.262762790020354 0.043899162481524 0.080273646379855 0.243741828602175 0.59741329556164 0.153169227996207
0.415612402027349 0.0855982481229599 0.65162288395285 0.19302165456441 0.0381051870867698 0.228294048607087 1.09492863741492 0.17298171324226 0.337811916174945 0.0425876185545538 0.0959569525938624 0.273876577613759 0.712774532031351 0.088616904298562
0.356190244814614 0.0629996651169566 0.505963699288631 0.193574145576556 0.0940838752950578 0.211243459266246 0.863158121391167 0.168255057826678 0.288300536928248 0.0276564748968333 0.108584622484608 0.248349191747949 0.526417571974678 0.103312427185479
0.334937442881766 0.0762030228814241 0.410357688729908 0.143562010966911 0.0374900547917809 0.221559038837494 0.834481166301658 0.123029680097381 0.251256106322576 0.0207089974356254 0.0765402827025076 0.167755775455965 0.441868003937988 0.0870191712958386
0.368773375374042 0.0787509982486423 0.41516987955415 0.146465180462277 0.0642069614234188 0.209601650820626 0.952356767898202 0.155033449234389 0.243719178685633 0.035106703914579 0.0769401055698456 0.172334935560997 0.388512304338537 0.109706957635611
0.377763678328502 0.0884354770872422 0.553274036581529 0.25652760952424 0.0563180145714862 0.231615854127373 1.35319357534201 0.173737945248105 0.239449288087793 0.0188368623204746 0.106149736258982 0.280085374952207 0.509655983215975 0.152542828310064
0.263512506134386 0.0998196361487228 0.332222537879529 0.168090780844183 0.0481826427459939 0.171862815343644 1.05515000709178 0.139290909851712 0.323452619748676 0.0547173507330591 0.0880500386854678 0.16549507606646 0.7042115995294 0.112197785198998
0.67792460741704 0.701147455713024 0.602274034242568 0.159822013913049 0.0235090203996385 0.236698481677112 0.314254151920573 0.668798074122166 0.292746419361573 0.0318207085643914 0.833062832521838 0.498759354194273 0.772805670535121 0.140471884439415
0.416855846118063 0.327937178265507 0.294846278806143 0.101276816519888 0.0451687063808513 0.124641238724971 0.139202559481174 0.315728406076859 0.175568504463527 0.029788621794763 0.47577795282478 0.247534555923918 0.513696447290083 0.151383817829064
0.272439676934114 0.32575803113287 0.288676069100044 0.103287328465732 0.0356891189189916 0.104000792558006 0.138652919434385 0.390151120235381 0.202836421691033 0.0298969187624932 0.444492327379401 0.222451775585375 0.387150489759229 0.0836173252790366
0.350452768291223 0.298198492054733 0.316633341443842 0.105879908622555 0.0518156322582579 0.125084212078417 0.132793366770834 0.216154713613095 0.116766697653331 0.0220219144250064 0.385885546723418 0.206806981701259 0.307270141893285 0.084715646240615
0.330602183816037 0.312198740382027 0.268018287392314 0.109591357998273 0.0360253974701114 0.111801065098094 0.155639073569341 0.29956686108681 0.186279528718438 0.036058934096722 0.367248361768969 0.238800988389146 0.338100752244236 0.075608742065643
0.268538420446777 0.269601113235922 0.188459198240262 0.0727651641896996 0.0430931990830815 0.116915427120421 0.11966413653099 0.199470077580579 0.10680563587377 0.0416697458793173 0.256040329163221 0.16133147904512 0.30113868198832 0.100422263352522
0.474547179823091 0.503909174661804 0.295204958102285 0.678300585559891 0.0347901073607471 0.155287664966725 0.205770285882327 0.348884354054792 0.195905477085867 0.0285969217271438 0.516268699879606 0.302971088541668 0.471989726670243 0.127098538521588
0.423516263058438 0.568138414984959 0.299191978971952 0.144969867324696 0.0377595064074521 0.204732238116346 0.206981189335438 0.432069355615704 0.223542634785463 0.0312433031676487 0.558853743100816 0.316970181836422 0.601127479567745 0.0861358203141387
0.501544097848059 0.441819139923347 0.391884019316346 0.118856762435881 0.0469874976107679 0.115304518552096 0.122443924017267 0.26817479524463 0.135540572558531 0.0383338770884514 0.44398515603597 0.241214693756838 0.445535405118742 0.095526030496411
0.274848941991024 0.255197148976657 0.252228683294198 0.0818149550337839 0.0408591550153775 0.101646023029718 0.111057581525956 0.271675533994069 0.170614514527206 0.0299931091601745 0.417817620171389 0.246090448998531 0.284622059559157 0.099400590179415
0.255426454521267 0.290271495686263 0.203382861994621 0.0908569344655826 0.0327072495002292 0.10749792525647 0.120642880491111 0.277201318028453 0.138924460407682 0.0453162743712593 0.354301189222154 0.218130293786517 0.272073085540749 0.0847962929704745
1.11753702781553 1.11870902369619 0.900129765318702 0.38790107970165 0.0378115295761851 0.499260801418796 0.487779609328587 1.05742094288512 0.508728660073363 0.0534597731644025 1.31850707157715 0.777347211673362 1.26654493647476 0.164776650024504
0.400453260344968 0.388393381987888 0.275757318337548 0.0994135479897157 0.0337253683000994 0.147396958486705 0.180091561778145 0.308307410818915 0.21225023915076 0.0641236682389406 0.478465513535054 0.329777405117221 0.525542888521841 0.0747323740181842
0.495796835760908 0.484610564249644 0.345941446269303 0.137506989441407 0.042939551757965 0.163168167773641 0.16485716369454 0.584507739548914 0.244016715125629 0.0331681576982621 0.682510789588015 0.389225096884144 0.673152230521609 0.124860750015134
0.515587330195764 0.488816984259762 0.568653953327728 0.181417888467087 0.039364049480997 0.256509156156057 0.203986180085887 0.513062513656889 0.313563460605416 0.0474867489592381 0.665491143563422 0.430163489443812 0.645489804443249 0.11966159672305
0.365454507021035 0.380981028754889 0.293380664710695 0.125903798399667 0.0448174036233454 0.149272408733132 0.16924498742369 0.333579114624907 0.222953514610373 0.0464384889816903 0.402239592577896 0.310811051875702 0.379729119875277 0.0861216924351318
0.855477804586059 0.930419272683669 0.76580261457899 0.295195023807975 0.0365536798821292 0.281217777968347 0.325981721752227 0.777923945422754 0.2936214803667 0.0324911677153779 0.824561176420309 0.586952824538542 0.910440077503144 0.129707884765572
0.736690758475493 0.823721307299335 0.635527488684725 0.22946083186473 0.0304584479243922 0.243414205279398 0.263224727483286 0.534004003840428 0.218341301651027 0.03265571189573 0.665416941070465 0.367871637123358 0.737471233411914 0.137759970442275
0.718242053959105 0.765105537019037 0.675306842653487 0.238247081762828 0.0221150335515688 0.294509445043606 0.354210848019336 0.758004708116091 0.417325786067918 0.0336059031278765 1.02063388067343 0.632314978142928 1.01861575151637 0.135904939434791
0.913495395484075 0.343319061027047 0.428971475605714 0.194254172327012 0.0373551118471178 0.0774254911941287 0.165503148319916 0.125443679499894 0.130781488561882 0.00761108924693667 1.01933126805459 0.102271998075154 0.554093991285086 0.22773543674557
0.21462753886661 0.234104898114064 0.149698933099951 0.164514322788024 0.0457870059868285 0.200711440303727 0.119873345487681 0.117448160996807 0.240083995052611 0.0232242278625316 0.777638051471502 0.0491325098990029 0.307542963923107 0.0855838564259798
0.340338192447769 0.241051952424176 0.195793650152369 0.253820699417904 0.0372071844777201 0.103020416756708 0.142623710775613 0.155421252325718 0.556994364081346 0.0201123824199641 0.683953315089163 0.0551973670592115 0.269858511663512 0.11444470926813
0.336671105455287 0.291957293008051 0.17533918521228 0.256183001611518 0.0238784042423804 0.0936825689084898 0.127938898701303 0.118329485633053 0.197058104196666 0.0357738077201452 1.27801423054747 27.7383353195354 0.247525460023025 0.0983956838655234
0.444443421170928 0.175165584890365 0.243083485253533 0.158342449206469 0.0359671195052216 0.0780141128982436 0.121382307119089 0.0843562663678824 0.139639499817921 0.00868920225192067 1.27331744932028 0.055267816570516 0.2751908410667 0.111583042830123
0.297125725087909 0.187818787079122 0.141327247853798 0.15898066265668 0.0408022962561974 0.0835258494970306 0.191065962716755 0.107615530787188 0.208214900122657 0.0668011022863535 0.850153539960364 177.374650853187 0.47998551488224 0.102618652803644
0.398610375595191 0.171579371416541 0.188401010539058 0.145843020845431 0.0267004109386026 0.0739251596211633 0.128757598641799 0.159178843728999 0.329702008395428 0.0856113544012317 1.0084638802522 293.974373452445 0.476989389942966 0.139236967753642
0.338723439866634 0.207771301522749 0.158113222225717 0.201850690399287 0.0279442917462881 0.0687196793058256 0.102925539966272 0.0818406528226692 0.18915180682289 0.080630204587027 0.9504366090205 117.809821992352 0.341712212988215 0.0982398399848288
0.728591860772189 0.459131179280769 0.293215999995988 0.256620179092286 0.0323317295802875 0.0729465692747927 0.127431313671352 0.0976611949795967 0.184537087186776 0.0852684152944098 0.629242155928391 206.041809427835 0.376161875685736 0.117449296793891
0.350913737834176 0.141973353624315 0.16125464651116 0.147832920869502 0.0459318916544892 0.0820289354396048 0.136298464705746 0.143828711652456 0.261730860500545 0.139233324409304 0.791744538601133 530.447990407703 0.313071601116501 0.100172486826842
0.198195643277182 0.256414488528603 0.130659423326989 0.20284743744542 0.0305806494712486 0.0724226543575661 0.10985500373805 0.151949060638871 0.217310571224854 0.0976167432111392 0.953014422923092 18.8568880613902 0.250342866292739 0.1081668270358
0.251447809562804 0.218341143672279 0.132142288664237 0.183789729643248 0.0368894956019461 0.092077387128141 0.100635905903283 0.125975751115735 0.227870960184457 0.1144395454672 1.02896113032836 36.4736120110411 0.293908509172063 0.118402058464525
0.403072561439217 0.2574958869851 0.235920682959418 0.225336432661554 0.0372749866521511 0.076460901573448 0.113904658662731 0.0901733443114344 0.168806564069411 0.0906185525145814 0.737394561418592 6.07997248609528 0.230494054674189 0.135698687407456
0.520092049704802 0.365464857499339 0.285302240467916 0.322137848762945 0.03003999634443 0.0740745873627706 0.134785984772504 0.130876628976236 0.227366903091634 0.117596839395951 0.917931565147227 77.1352258126424 0.330626067839536 0.0675684607576247
0.541250792864034 0.211775885131102 0.309644838694524 0.247688644432822 0.0342142356176799 0.0838935433701548 0.108527763717257 0.103655191026124 0.282709075146982 0.00449667625978651 1.19290248753308 0.0365374840463885 0.265937751987335 0.0818134765654679
0.631287760034661 0.372785869778314 0.321465560084312 0.357312193665711 0.0280117590681718 0.11873735766459 0.0970455237445878 0.118842431799976 0.21344130527334 0.0109191856255707 1.43499701544814 0.0474184600408129 0.363998037831556 0.134593524906999
