2.76718572838497 3.92754304419631 2.70248297139817 1.45731527568748 0.00864601577184874 7.8369432773801 4.6101763706504 1.6785453123682 2.06170931108214 0.0742725385195887 5.77825336398016 2.18506306706985 5.42670420617881 1.43665400433703
1.52918947330135 2.88251288145861 1.80770676450497 0.502556125549963 0.0102990710629778 1.71133548440883 4.04696276920043 1.76401909947698 2.76834086971434 0.0511574447913732 2.54409844999328 1.44608828529639 5.14873933396577 1.12425555698393
1.398925609867 2.85991855033567 1.22132075981205 0.484335426956218 0.0116452980945647 1.46975411484875 1.66674923317095 1.40505989501734 2.30383933632429 0.0705238094026216 2.49363247420097 0.898916157337349 6.4491262609992 2.08014906936723
1.66293509853632 3.8773372131987 1.1550383023013 0.862465189872076 0.0126530482503829 1.30074707046182 1.16488221178103 1.7316384399732 3.19423436274569 0.0445340276957265 2.10820976860589 0.996519655357104 2.47620126189244 2.57285732375403
1.77575996425679 3.61447569061221 1.34649894881653 0.933384014402671 0.0150261991133863 1.85244570832333 2.21588561182084 1.93493290754324 2.92309781430101 0.0444987649369108 3.64395611287694 1.43764314447417 3.94829823440592 2.09730144511999
2.05729415539824 4.62548380675087 13.9633974998987 0.428842329029492 0.00435283778462807 3.42281492806981 3.42511381455916 2.93055167656532 5.22884238387077 0.0919781442429826 4.44794181389319 1.6943135192532 4.98138838506729 0.959110381532767
2.56367588770713 2.27725298633883 2.12143424386537 0.429311787571913 0.00323600574617198 0.94813284584231 1.36207341816989 1.1385462797367 1.55327721180423 0.0398757612357988 2.16254998485937 1.13323747063018 3.34302589991145 1.88156067895746
2.22995203333371 4.86676508777753 3.21887143910955 1.60949232935217 0.0935879086884102 3.96264637890354 6.25666792098438 3.85634274626548 7.37142720957688 0.0792855953932711 5.23775599166672 1.61394152872447 4.51492910329563 0.562520767972385
4.91988397764674 6.44680667989833 4.46478043857835 1.00236957183302 0.181777963665049 3.65204899963509 4.69499790943485 2.99203359088176 5.38496443388445 0.0337651951015072 4.96191349201928 2.78743542856954 7.35912154712854 1.57771516768432
1.59265298212934 2.00990080223555 1.39834383594243 0.0868017936705522 0.0105064039786554 0.959879225111303 1.22492146553742 0.632687489697208 1.336402629875 0.100376135520359 1.27438789846563 1.13175764620482 2.48292466349211 2.59971593659697
1.45754415743804 3.16168742415054 2.30040789603808 0.0784675098638542 0.00581340948176014 2.30697305048415 2.48726066137194 2.04654470233995 3.21936503041496 0.0486977208712392 2.57235410065415 1.66979863316422 2.57441650528849 0.786664350204494
3.12400410228901 6.20419519680174 4.08944469853805 0.208765964522027 0.0104888829386227 4.07657342137469 5.70063311671832 4.10099115524219 5.47003712650819 0.0462406928607416 5.97316840907471 2.73795680944922 6.44461086371779 0.736411063935979
0.835966333490963 1.85031216465369 0.74448660710317 17.5113940429028 0.0115155843130229 1.06143696552537 1.74895050469694 1.08003047892451 1.74290698851546 0.0567969051188544 1.65214166226113 1.03938691354047 2.77802581364416 0.87643815983327
2.61008257603886 4.81168351251949 1.98966470080442 36.01838826554 0.00719997928854994 1.85942480252082 2.79501398111335 1.26571778399596 2.75847821221343 0.0250076441544707 4.08762340823643 1.13662769508347 5.48626895018182 0.933069900648018
1.17564946116656 2.27085174624452 0.945478113194007 0.390508871888801 0.0105210447137627 1.66264811690224 2.87145507335727 1.2299277527758 1.75936737638733 0.0458308218484536 1.94447737343797 0.787108104371844 1.90998420875566 1.44974741707152
0.39220768397431 0.558371845004582 9.6895103676005 0.293739514565191 0.00351711634034799 0.287431788541441 0.223687543976143 0.254457963519695 0.241276224043544 0.00854734195750788 9.40697501594982 0.444765013531205 1.36177487543987 2.43199963645186
1.28650980526356 0.949466590356187 7.07578879852692 0.479728260057952 0.00322824868889487 0.266345665310711 0.408847855109372 0.48240705148677 0.303209740861767 0.0100873114775846 5.23742240050506 0.598493224648181 2.78989423873508 1.83292743677987
1.5528395895306 1.55402357735079 23.7275592647282 0.925045368001983 0.00672235568669749 0.264718200150643 0.530777655759494 0.847377214964532 0.674152963257473 0.0132875001676672 4.77409600485253 0.705647212160295 2.81306536254417 2.19849051041485
0.506763878666675 0.479347364981499 5.85143380720948 1.11623657812245 0.00767833681111679 0.264966834805642 0.467205890943297 0.641884930448849 0.466006948809985 0.0151196056074199 367.742817389539 0.314257467758682 1.99772140389422 1.4968707067685
2.11164118698247 2.36081924178862 4.77323127379484 3.57377620085494 0.00764844375048765 0.354360578757452 0.905926632470489 1.16239424079115 0.785095416698981 0.0136929048235283 9.89960167743722 0.650119841095079 3.26851388535853 4.36115653914185
1.43273362439672 1.02990884986854 3.39335113355905 0.540051352578905 0.0106016713808865 0.269761440492829 0.268034466822393 0.481424072939596 0.417930891765386 0.0160981479640012 4.20158972356411 0.693279029228066 1.13580140799131 1.15388796247546
0.73577873280849 0.428660865871407 2.94734522038614 1.21901527075067 0.0119665371988332 0.3484833665767 0.446878708290384 0.562339221940635 0.674872282851747 0.0109934318438128 9.34108426296935 0.907071954290881 0.403408944902485 0.888342824549117
0.814159307136558 0.824342720723554 1.79022405580152 0.56903113012672 0.00661527520528172 0.572919599856446 0.843523747522381 0.86719155806142 0.648785297200305 0.0237865214861816 2.35836824359098 0.354378446902099 1.58108822071756 0.814130022805039
1.95662139194585 1.7361494781772 1.27972684427669 1.04444188534893 0.00402960906432722 0.440670346884646 0.787618314483197 1.31148970613802 0.831009769158721 0.0166694054068481 3.87947161433751 0.462108000586722 2.95458092599387 1.74455608954728
0.345107805469872 0.624804971222518 0.468368346244549 0.455696563180791 0.00823503118915505 0.365453994759679 0.453323000790569 0.752214993937147 0.415903504471631 0.0169809742813568 1.57779556806155 0.384701930957298 0.817363660298633 1.23945420960935
1.28229423068791 1.23058219864219 0.971140605177412 0.427529106268487 0.0059839012761166 0.367484281798018 0.453415372068051 0.882566708962451 0.518806592323268 0.0252679535700666 0.845553193575841 0.381049657225984 1.38965974995396 2.01908109357178
0.989299435194532 0.855658997461306 1.13043129792729 0.673290512815653 0.00708514775251789 0.221262661180195 0.303272418980701 0.624323216195535 0.456905316262103 0.0143697430291858 2.13509464358606 0.398104717799332 1.01190581940021 0.821174559141131
0.389035509164155 0.506972434560241 5.42006768604809 0.451573133828408 0.00273115120929073 0.279493614551178 0.535895788867075 0.497566990166537 0.43478373141776 0.0102176342476209 9.58902748364649 0.494212332681567 1.2283772071373 3.39251755231995
0.433310055876407 0.408682077763612 5.08502662601562 0.338934700139941 0.0198880303329591 0.20591638607411 0.257955173819012 0.702001282538412 0.34838207713254 0.010663910904266 0.751539252769637 0.286132468557014 0.771944386293701 0.548354229903415
1.34948310410701 1.45029616997801 2.54341574311151 1.16554850803544 0.00291429647292945 0.838898425044189 0.777789279845371 1.46142928444974 1.14444217854856 0.0128021684170487 8.70310335597489 0.862233271759665 1.76199851900659 1.23839750247512
0.939621328487374 1.31977725829323 5.62621750757153 0.598817697902051 0.00790742828291132 0.272932327314839 0.233168952428245 0.556339368288611 0.376747732439763 0.0140901400782887 7.26097499523459 0.442353299754836 2.61745723495875 1.9539635157191
1.88957167986909 1.43642785316492 1.93861023170791 0.726191994945258 0.00725027139473607 0.406224427098065 0.71601064376762 0.854817277812219 0.42162232755019 0.0104374940804304 10.5211021632194 0.901017664331194 2.93477844109187 7.19184052920834
2.04178744848135 1.53290393560071 7.66655018908583 0.677971807688085 0.0045024997838876 0.332927729000143 0.517209801483566 0.541021208420703 0.344616526542559 0.0104034158529202 8.11484410373058 0.659285862547239 1.65339135424651 2.84153762198847
1.01163498832032 0.533808441177676 1.98217512033219 2.92082888454134 0.0265331905991911 1.28697608292068 2.65536857227837 2.40121672635171 1.3933020249178 0.0167918932309624 1.3747480417565 0.0765879052421495 2.06860622794065 0.0823455022669966
1.10876416839767 0.907863060461871 0.675740481924038 0.832783779938588 0.00769672103750068 0.394021040843676 0.592015619974981 1.07662009760624 0.958985768372884 0.0212401982446705 0.956321042995428 0.751291334647369 1.28811436451429 0.129803253845529
1.29677547317408 2.13223380089696 0.433837119359908 1.00442591691754 0.00956028453420123 0.255428335523577 0.333372386434375 0.719897959481317 0.573160031547835 0.00723910384120248 1.121592116162 0.802032060424931 1.83610091872042 0.349069524475262
1.1342988284071 1.3857378448007 0.4677407827744 0.637200716384394 0.0102519930157509 0.321380609544519 0.267625126305333 0.434150595646945 0.734588323652391 0.00513367239229638 1.41016066520919 0.415921878992651 2.88308096231258 0.293905451869695
0.749859308270594 1.13664537665512 0.549571796953796 0.896113086545773 0.0108010794976198 0.806406390469574 0.981160329607297 0.992093589416983 1.12555324375057 0.00463582277170885 0.739919071991677 0.618552652918546 0.991258337643533 0.145418032858456
2.13560800125509 2.77986512850357 1.00872972954102 1.34399647084479 0.00962728200910991 0.423666239191637 0.507706815914153 0.47391559388879 0.533709539143831 0.00365294353793854 1.62323032508412 0.79264706446988 3.61938446271208 0.429088107030975
1.13122990085179 1.37171166157751 0.577679430871365 0.781635452682653 0.00960883676371085 0.405522889809017 0.321687606126999 0.753376466435289 0.718600482314815 0.00538936413715794 1.09123304669657 0.454415964678331 1.58665672267366 0.159716559240264
1.01294851562946 1.64052245449663 0.537294907318235 0.746070166912923 0.00778722933481084 0.280401633605447 0.408354507904325 0.581478349412629 0.693714700880237 0.00367181452713429 1.05458959607413 0.430153920792715 1.98609042548006 0.210349351116651
3.19194246027018 1.97913764111386 1.02850292170319 1.38666602119959 0.00722922795398409 0.466193285369603 0.352611263987007 0.426884179943766 0.511892946013363 0.00512818722180158 2.84174787674461 1.76258661794465 5.18695742218693 0.554594488875669
3.56401905827184 0.486705002545177 0.325108377832743 0.412227779062804 0.0146519179962969 0.444285364590559 0.689070778936516 1.70080335052219 0.830516988936519 0.00305869148434163 1.09579732131216 0.381447606406142 1.88769554819846 0.43386265522349
0.765286559093125 0.857156462195607 0.638077734095722 0.599053546682493 0.0107956075182945 0.361905794460791 0.302670007994919 0.586153702471985 1.08239219996838 0.00521245928233569 1.57329824469747 0.717149231905098 2.7367695096308 0.405674101066828
0.453890883320744 0.581800145885034 0.346630956168912 0.458384215215707 0.0138699226466835 0.543294325280908 0.459692689012143 0.541513915560835 0.890087038105053 0.0102409194921592 0.723256695569411 0.416152077842114 1.19646358880272 0.165178272456022
0.896429247350064 0.88470061240221 0.508519089623859 0.589169582440434 0.00826370014805269 0.735045665333451 0.918708939304739 1.12021907580839 0.959289957732617 0.00281871621406372 1.00233061641676 0.821422887158159 1.3895343397114 0.194038474611634
1.25304289213016 0.908865126644413 0.743361976523391 0.780958667911658 0.0104324850859866 0.759431390649834 0.515927495866887 0.726750136282507 0.801882996799365 0.00896347901579404 1.51417480201925 0.891208116159529 2.24540276158396 0.24244515540333
1.20871965426314 1.72340068269662 2.30185443822799 1.79391788080708 0.0239456417496712 1.23710060601264 3.33660676307089 3.20809691173373 2.24420317835811 0.018572949987624 0.66948015408815 0.0388564853999639 2.15468886738758 0.11389290368553
3.62945881632254 1.75442622240842 5.41250740645784 5.21325896727882 0.048948601358569 7.46834483384294 7.09773921477554 5.18460746384691 3.14671678860519 0.023667760403244 1.82684231895884 0.251032445477235 4.77747564311099 0.152886304289001
0.610518376727112 0.746656466994747 1.3999398821534 1.9170180446549 0.0184055038833328 1.30756735668276 3.06160017049136 2.2342188950241 1.83820631247123 0.0157836760440763 0.519192885322413 0.0708846985853251 1.81650763890372 0.0409783946706265
1.21348726039573 0.916311018933431 3.01734650912588 1.96943059884879 0.0277721598126101 1.30059683194675 1.87354014106025 2.51085452607805 2.19145733695594 0.0214327205815488 0.868791826135451 0.156081971772373 3.67424723258084 0.0779902290944064
1.80731319860071 3.15941334129533 3.01041324492497 2.89142171715756 0.0389157007577685 2.49065849634364 5.2230639867277 6.0351157244612 3.39977851814653 0.0297873875879587 1.14845276395281 0.238293189333486 3.48713522196736 0.129936043487294
0.667007676205652 0.374348802093089 0.116831440145142 0.263501815169848 0.0278951793081268 0.425976544426296 0.518661596268811 0.623465413562794 1.76114495433765 0.00829111052529469 0.538767422200467 0.262380104653353 1.14916926964048 0.457040634240053
1.1437799530508 0.875071000669947 0.190671693535953 0.838702763535034 0.0203885710436207 0.507814283275262 0.563393290924856 0.511962661957695 5.61741817629573 0.00605864917530606 1.10878062274058 0.474584884754885 3.00760102476004 0.392265167655088
3.29530604492022 1.23711759869398 0.510444359920024 1.01701671443846 0.0323843198363597 0.41390008781723 3.04763559059833 1.0819987117055 20.4481845528321 0.00757611208894777 0.949237777096536 0.31366261211867 5.14053354124874 1.27500480465471
0.725193113667233 0.380476576906097 0.104991027538753 0.650502219317495 0.0168011980426956 0.248910923263537 0.297396714131839 1.08391297539887 1.96072261067353 0.0138874836539625 1.27712696374674 0.153136506674395 0.876444825261018 1.04263916073737
0.529728484815608 0.466011673152769 0.14060696388208 0.702873694891412 0.0182567443552184 0.353758545254247 0.273972685179434 0.273154896744339 2.20142392759369 0.0127543421980767 0.38531729174935 0.309724903099528 0.99035828871544 0.233025112398371
0.646487912513381 0.637902486700674 0.239976274370153 0.588911391535096 0.049229461457349 0.258860024681871 0.891751729153875 0.206079317609884 3.94679056432582 0.0177074372607858 0.508364952483773 0.325502253712759 3.24164018427656 5.59490793402496
0.658269837984239 1.17092100097473 0.100440542579122 0.797184380733873 0.00939992511148496 0.13782820793864 0.427972720674393 0.11170622894208 3.4121788595021 0.0167200242075244 0.66062753996338 0.232252185674969 0.640767608391298 0.361566751084228
0.234371697903113 0.241727859374843 0.155630485296082 0.496051265212921 0.0109819016657893 0.385658187186127 0.502226964077741 0.36780330058578 2.62028846365681 0.0167185343744318 0.474371410393823 0.160563708108109 0.549818518641722 0.354120987798024
1.25662604124085 0.395543231007264 0.218045851843203 0.240605601805209 0.0137559339462585 0.382100582264615 0.447659537796827 0.715351088865929 6.74572087119313 0.0141399455896858 0.319276497837224 0.339518504842845 2.26127621279875 0.845260201852174
1.04789100554786 0.264176040973665 0.0857057281248894 0.189720871656934 0.0116293944857468 0.271460719157565 0.564421008920282 0.406333183136343 4.01993386354595 0.0120597383260574 0.798015458009947 0.208329835624473 1.13688156683642 0.934986167544913
7.94327101203627 2.95354429135876 1.01794906111304 2.1516898615883 0.0104282350698328 0.481045527452167 5.81484401384466 2.74453886141026 68.9733550417668 0.00729853927958689 3.03116213609924 0.989897175931124 14.1491590099077 2.1981445712269
1.94304725318039 0.75298917745151 0.272491559481493 1.1568076853797 0.0508521922579385 0.398776894108261 1.98190082356428 0.828128978068687 16.0960546356775 0.0127098876142564 0.744261674670774 0.488691297098367 2.83485092307441 2.42306274579016
0.636996839339055 0.449061906879208 0.155933767567056 1.05502579574245 0.0204923807092731 0.174191283336457 0.4423413101105 0.298629595416989 8.07339529495062 0.0117330629374089 0.311271511920001 0.130226403192512 23.1138246559783 0.554540575646834
1.55199921570526 0.722312567545655 0.31170790451525 0.486503340480476 0.0134798574079785 0.186542325958477 0.822488387560669 0.738040602451928 12.1463856737845 0.012801092121142 0.6411108415111 0.300250126218706 2.07765952981414 2.54067162121539
1.21034447006081 1.02517659784283 0.331735093268565 0.705410087381844 0.0459768132374298 0.287470346804942 0.724979979784043 0.284693420312832 5.1438475200764 0.0127356512041179 0.899021284779943 0.205392234549522 2.54335281100429 0.485322243931865
0.94923579026972 0.621256919444726 0.289806367098517 1.00287206799102 0.0623514429416467 0.223342664720744 0.534449973908021 0.611731930691507 7.16353298299004 0.0126452009416471 36.6616102503319 0.286087642984942 1.12912744309543 0.71336410214909
1.34294751348624 2.05356517984846 0.811046808764065 0.916748583497594 0.00479243471308672 0.236484085683129 0.227651547423255 0.0586743430007564 8.47198509835837 0.00976335259173123 1.00196400394669 0.357557764882644 1.2853865791561 0.551161294951076
0.531703427292346 0.897421097713261 0.502841871422167 0.557709622968175 0.008464214400435 0.268323435214644 0.149469183956113 0.0225335859204287 4.82077859207376 0.0100848549892004 0.507033380426251 0.237250019084257 0.666078398724707 0.357456544272169
0.814897160142418 0.518510980003919 0.509881122810944 0.572265621383559 0.00382917054814439 0.140054096114049 0.160897407782923 0.0720258929106735 5.41082212689077 0.00886799155439244 0.385468871678074 0.209020282074143 0.713787361814141 0.361574575198342
0.747343143584937 0.550500935485547 0.318757091968437 0.523077579644533 0.00817422171775763 0.201174752498633 0.107947000625049 0.0221994876597607 6.7651470101514 0.0100788007128317 0.529960990370025 0.166419002693909 0.791812185096662 2.19382260047631
0.839791864047926 0.596891166677975 0.723064981465763 0.923192147274872 0.00568531299790706 0.370240797106788 0.190054860402656 0.0359918306994427 10.7022425997752 0.00742176390609786 0.952341337521397 0.308153184866875 1.58293261776267 1.55593724390849
0.471405881479912 0.310238164818403 0.446376567040564 0.303868467164202 0.0072010356021502 0.433535417098264 0.231598695998764 0.0827982264872057 7.65173464444952 0.00821950258422573 0.745691839619628 0.24362225225524 0.811392743616961 1.63841710342105
0.380552997181722 0.451533682991816 0.437183817488457 0.500159710800305 0.0102410328702804 0.100832946317121 0.0451804616363385 0.0506564105231874 4.6027254224281 0.00874809090954527 0.366514703602206 0.197335655859204 0.598392782351932 2.18658617868389
0.605312003919807 0.601471457168857 0.291238291674626 0.543359090958604 0.007025443801723 0.644565148629196 0.174688450583944 0.0544096002917523 8.21238772443184 0.0202485407870203 0.447190463266541 0.197644736652863 1.16024583143759 1.24981901309946
0.437179726896065 3.28486259866847 0.308102397099775 0.320976102000882 0.00508667997028725 0.310155150043195 0.193323958517181 0.0838599215448878 4.67889213168987 0.00849373422104388 0.378829011544987 0.126417373963863 0.553970126251248 0.999566630209886
0.497557379115284 0.620904420513472 0.514210592726334 0.787185371743828 0.00651333902878404 0.239345679868623 0.105377540853621 0.125040181946945 10.4425075047434 0.00808246919262517 0.606274559655781 0.190643141952372 1.64150147562627 0.895547479011263
0.742694359101561 0.450249907913107 0.458171688331114 0.349963833787777 0.0106091602398587 0.304152283969684 0.158649204899751 0.808464878780667 9.80660615788554 0.0142655677608368 0.697888660137147 0.192618815072239 1.75901752776348 1.67651622873056
0.762236045429631 0.62398242919405 0.485277573979948 0.633547093789741 0.0067800181390508 0.819595458438474 0.18095750432586 0.0703471840852798 13.5380797925952 0.0103867579127438 0.781922291049361 0.275222250665792 2.10224417912169 1.06824489587267
1.11025492586365 0.676186193031558 0.799181706724236 0.685867154610186 0.0178517758002257 0.201271988367255 0.18530942194624 0.095460372327053 17.8453062408831 0.0132131530515594 1.05207872357133 0.437888182341643 3.52894370045826 2.62167402212587
0.504983229113151 9.0236717698401 0.356473934547718 0.49620050908341 0.00493048646850088 0.154088631465665 0.251585835720518 0.258109052269998 9.3413673217935 0.0119532773480271 0.368162263912946 0.147064898074177 1.76300027752787 0.598990217488894
0.952072789210793 7.30143611906431 0.579930321044161 1.26789158469357 0.0151186317030349 0.161639791650019 0.0962853685376336 0.112671985809295 22.1841795309148 0.0103718655110258 1.33274035532143 0.302985934078589 3.94258861684315 1.34714031579877
0.490291282106909 4.99295706264366 0.283168202464439 0.634220929066613 0.0237361306661934 0.18293051898268 0.103299396426237 0.115335715312117 11.7014151789147 0.016185408854641 0.402341992161542 0.178135370868998 1.72718325756604 2.0991266938834
0.402449254007457 0.224981200321768 0.304252386955155 0.267825015156284 0.0115807907093764 0.326970084097599 0.145647980142073 0.0757880796743959 8.75438685305819 0.0118024996351167 0.478266161947268 0.122273170262359 1.27382765501703 0.782789517113958
0.889286373970241 0.804846961785964 0.585815660098948 0.873778708066155 0.0117320553908333 0.335712415799526 0.055861175874483 0.0421039257125947 15.9767902196256 0.0181934075592717 0.668964625546802 0.192345355158774 2.67965281327327 1.6985380271106
0.55656101326945 0.356076335053195 0.43747721397753 0.502821516907047 0.0146892897832924 0.522893269844501 0.0586112837149068 0.0239316249806062 7.44610468527252 0.0162121793343089 0.36312097648445 0.136136794353447 1.3670231950596 1.00449387179873
0.265750113331772 0.145699231694151 0.259943184217661 0.353183928462478 0.00521207957460249 0.239736978008847 0.16270717851439 0.0740705462083319 6.0984595541147 0.00900454366882856 0.417990710220517 0.128695291935262 0.881289345000614 0.684216253152313
0.797917758208084 0.579019807115211 0.506406422422849 0.661936540263419 0.0118469972323159 0.123410203817161 0.0579578251172038 0.0280984883948522 11.450931546547 0.00598287676942743 0.459988439137221 0.219829923996591 1.81317161751935 0.761673850647373
0.770103114368031 0.510302877158286 0.365221471319041 0.509276174003492 0.00840804129804984 0.13969511743456 0.138105514495492 0.0579059524756743 12.3365787060246 0.0058759704772914 0.843412369341572 0.305624386168407 1.81545710641348 1.87771168055075
1.24368671180201 0.686465582644214 0.649203905340615 0.852703181430305 0.0118772800195482 0.206536139306635 0.0845270078767265 0.0483255083644888 14.9849292119179 0.0121645997996033 0.637943734637897 0.257330021262806 2.26353903128601 0.635351661359124
0.729102211928078 0.640395959684666 0.634442505002325 0.536259066278568 0.0106897204055263 0.115353858712818 0.259100478247403 0.0446505863644663 15.7826373040704 0.00873824519121803 0.591923814749055 0.207260249841114 2.17865713648621 2.17080914448748
1.22097694989103 1.33556331520795 0.674856139322632 0.563571922177397 0.0102399550590729 0.321773224846858 0.308673463421057 0.107631792324891 23.6338257639373 0.00573150416411038 1.25493742162316 0.267574017788993 3.39553459651335 0.559240488069986
1.13950644013763 0.83865641067065 0.574217465111047 1.06533974175755 0.00386197860924228 0.392273764487236 0.181851638487165 0.123456766212242 8.28366783519401 0.00766078062523578 0.877270314855147 0.343116493796065 1.0506796413263 0.839022900163011
0.647771680183113 0.400832722958293 0.477042857179369 0.515711014174658 0.00875934007730917 0.549990427372664 0.240763310567844 0.106223388866884 14.8778233967331 0.00782081752438575 0.62218188389893 0.209323054077839 2.37536154973156 0.381097624523759
1.30503787118488 0.826309368548833 0.741492079255818 0.576107785732773 0.0104768756256124 0.151934896237249 0.237571966956732 0.0213647649841695 15.7112351806789 0.00508131046863041 0.555603725908368 0.26206834145184 2.67201567264391 0.587430682460021
0.916753077284565 1.10123804279083 0.531102815409054 0.737788603274225 0.0121163312704702 0.20049089873081 0.114472814954447 0.0445703759342699 7.62337164042273 0.00666877613219105 0.545843467555802 0.20333381378 0.936094704510661 0.913683949481249
0.954038557096733 1.96450717169581 0.83933594594379 0.986776578695083 0.00889589924621856 0.415067042584571 0.265464986418195 0.0988802307935789 10.9420940087937 0.0129036789700327 0.920900091647438 0.37090646145873 1.19675314209095 0.951902701594749
0.942363951934607 0.986993522796775 0.5287966859902 0.548690295117106 0.00814895695931879 0.366780534468559 0.0702358311241487 0.0212560638336293 5.81303280884282 0.00817454218244619 0.637847252922668 0.285617553271272 0.895766797216585 0.828241185727927
0.499106182827859 1.85331811348326 0.273654420926904 0.291715682164388 0.00784413243459168 0.293415429757642 0.132029931345004 0.101228453063873 4.90498963265679 0.00935383010304624 0.308147817704708 0.148612857273174 0.518908404863353 0.531805786991846
5.83739986631155 10.0581457407937 1.44257669583301 10.0755573758934 0.0159945963196838 1.71690210019431 9.97339233184211 6.40273141829441 6.95561084587783 0.00945561094482744 8.47477720935881 20.6266168294239 8.88419737834875 3.47788202890989
14.6924631320011 34.5057442687775 2.55020422352564 32.1467058328397 0.0129846217776114 8.74043162301574 2.39583663873387 3.5944918481345 22.4153206823603 0.00728394108203396 28.1697188952507 4.83752374521036 22.1212770534934 5.74956478348888
14.8308673866242 33.051680785462 1.83936699239769 32.126837513082 0.0137074888069099 7.94282153467402 7.81978442999108 17.8980290504586 25.4058593740866 0.00855512751791499 29.0254505126499 3.43267153317597 31.3082671333871 5.80524407746519
1.63601353393227 3.32804683777975 0.381567181241592 1.3003619365226 0.0240989114191328 0.428120359157554 0.216402193810334 1.38542604166451 1.34491197475077 0.0139107315964759 2.27718861936707 1.02770670986334 2.28020816507495 0.599624486927695
11.8059348830173 23.8340414758662 1.04332343385056 19.4472957301612 0.0145232053733994 2.48664769820938 1.72294275096556 6.65582751867516 18.7155792539044 0.00502667135158526 21.9230422151828 1.04004514330237 17.3529794439471 4.20778573395062
1.07986739278224 2.33753489281073 0.387348626757946 1.61573601038576 0.010293233940166 0.248179763093481 1.14580719191235 5.63466939089642 1.32414989219659 0.0099360910072188 1.79849957790464 7.28070205048719 2.97363048168278 1.03089006128445
2.78790401450733 4.22226960877994 1.50103285758154 3.06902301951419 0.00995777432941206 0.616795860843341 5.14936836069738 1.82883046964616 2.48528109948218 0.0083904382402032 2.86152997118174 2.39023748887862 4.85661620060181 2.67562194929993
0.63332748902065 0.586268861697386 0.633646413557597 0.346863397859594 0.00888495253266689 0.896536789981011 0.294230674699106 0.974912966151625 0.11416986701299 0.00491331978690872 0.252477008138454 0.295870283590767 0.49034122321574 0.0593521831604745
0.922405736183293 0.839804238142834 0.606222624181712 0.476850427363296 0.0101329870562504 0.161948759134629 0.353489323921535 0.256224079742515 0.193691348990686 0.0064814485493866 0.242792169850628 0.422697979945399 0.657099443241583 0.072566395175878
2.81780309786752 2.42089498591758 0.969422912555685 0.941757710304484 0.011956713527987 0.548742975676626 1.22692373035547 0.559159192246454 0.200344638624885 0.00488607342249219 0.378199041315462 0.484893694055094 1.44489556930896 0.0968998715969529
1.24696637725457 1.04568064187955 1.17202936574867 0.982219390257751 0.00821726542457198 0.250165302365913 0.40216134613949 0.396998813361638 0.217485824403362 0.00692519399728866 0.217918966288246 0.458647339615281 0.877455910010618 0.105031421769387
2.07938803139937 1.8278842258856 1.29694296165734 0.939123642124763 0.015984548669968 0.134630486192817 0.582061869082747 0.557622547363591 0.421962019010503 0.00622039098215591 0.475542280709403 0.628462622200174 1.35104836038283 0.127605017080071
3.51054218615021 2.63814891576475 1.72014559185453 3.3193374283839 0.00846632679318756 0.27593837162667 0.640941828699066 0.466734834208353 0.331120716924847 0.0034376116983717 0.599861809075286 0.841768826343412 2.06573119318431 0.116709195389401
4.43660789860412 3.57738070033152 2.36109966006101 1.80571654601766 0.0112379596920542 0.139580882570983 0.709223303181262 0.895361119597167 0.273962751594001 0.00413963544603564 0.843394025762875 1.18735124820444 2.73304831330014 0.101567051427899
1.42393765129511 0.982457430628304 1.27403171997279 0.867170022272949 0.00969490966233808 0.364978536652717 0.458232459559324 0.49513371048169 0.120954686504419 0.00215701454139664 0.458928562908484 0.627630952656092 0.857153701792121 0.0818897507703983
0.874075240832206 0.779664218495735 0.808364168121649 0.577431963309227 0.0100778980808018 0.139591825342078 0.232361047383979 0.379526865773617 0.142332947490546 0.00607854208806192 0.291165259065238 0.391658310636799 0.484099563249692 0.0623627014909468
2.71438698907223 2.24459818654377 1.34767295401047 0.808640254691011 0.0098220889060303 0.223781636613129 0.492764531529772 0.49762904724954 0.791102701696489 0.00353220616845147 0.601755256469401 0.692300418204302 1.78875694607836 0.230589004428676
0.743170013138852 1.21994791721317 0.5035512405216 0.572134558710635 0.0084491033681976 0.785953266277239 0.345569421636694 0.354831401749358 0.235247808447615 0.00271104223291045 0.460611153026328 0.406204687381765 1.6354600030392 0.0934183831848302
2.67081063447859 2.5200222959207 1.52226588042262 1.38177315904904 0.00759219862371472 0.634310528988305 0.661334148224544 0.871091693369166 0.322572909031818 0.00317770676619686 0.66769998509888 0.91446417473782 1.79917318343619 0.116110822105958
0.795773580287793 0.585736655530515 2.62438889719669 0.532905969141757 0.00588790844720934 0.268092319344614 0.243783099619179 0.264651259320921 0.130965810540064 0.00201481090950976 0.260207253139451 0.25777355733608 0.651053932937753 0.0970884412588846
0.565424161928394 0.678977531138824 0.613787143163622 0.595423880028032 0.00972184153940712 0.242704387844169 0.710763216172769 0.762355650185845 0.250873033309004 0.00320239186070441 0.347382364888118 0.322912489078751 0.795867017921196 0.0803366707150666
3.20275070031178 2.84069561292176 1.65582897527219 1.12490077878459 0.0161562515942179 0.301897516381969 0.450771195079041 0.536884734284515 0.112647999553685 0.00462548445294425 0.253250677007454 0.677730506985575 1.28325082765546 0.117886996068755
2.11882183270759 1.32482149869596 1.16321350468436 0.693661204998521 0.0053868056853217 0.111086818722836 0.455111528141401 0.625625333196999 0.491699587242342 0.00205145445134507 0.838478604246279 0.81602950327357 1.34794184227584 0.0721350579236582
1.54502165653426 1.50739220018463 0.753078234204574 0.516891665117866 0.00923219206561252 0.122780884514713 0.257188049460608 0.286808405473501 0.0751314454053668 0.00293819558534181 0.403156368788979 0.464690148175028 1.28870619708055 0.0753710321404856
1.23257228585378 1.34291525999382 1.06902921417361 0.823037974982186 0.00698554817272879 0.173334878186096 0.667117105270333 0.539374399417463 0.172503459797219 0.00699156407062219 0.29389577905982 0.462468599288716 1.02468384641321 0.0678384876644409
0.875718049146585 0.841374091043368 0.577477942450726 0.620927493647364 0.00661634874399585 0.310838716246788 0.480200860614192 0.521761123066388 0.195327592464235 0.0016430778034505 0.454651602973825 0.296953962187078 0.573301235941655 0.0400087426742318
2.49892165261034 2.20601161967227 1.88544088262009 1.26598776461347 0.00927602805562447 0.131375115367194 0.731323302075743 0.623291650105326 0.292878431479887 0.00292093524822974 0.865491668408332 0.859382999586773 2.14209163138526 0.0740957987418567
0.632334209674825 0.609120012137674 0.634847731457406 0.534548740406643 0.0138329623328949 1.75606481397248 0.359724074768269 0.433557676604963 0.220192848073238 0.0046084477394162 0.285824483310716 0.417145618982234 0.810110830891079 0.0658774181851507
2.66162393192858 1.62041390342249 1.24618776421143 0.727613583934309 0.00485383881316882 0.290858479778907 0.216417662800007 0.230653084852513 0.184100355051947 0.0052078593418497 0.443815916980885 0.537611371287681 1.377239991433 0.0735663192688992
4.75436109023543 3.74205599034978 2.43467187982708 1.56219434768139 0.0115507069222994 1.1491255618682 0.763500646644496 0.708998646196639 0.288410455905253 0.00326867996456551 0.751071251948275 1.14935598799618 2.34110929258698 0.172779575887344
2.30105514779626 1.96815809636878 1.14967460093784 5.21220628260467 0.0105368387615807 0.163233037080395 0.247012166789137 0.202327375928786 0.0905095824562135 0.00560499911157264 0.277181051411427 0.443906487384152 0.871785260659879 0.0704585134269175
1.94556590866678 1.56349518516547 1.52356509419543 2.00876694619324 0.0118239769732104 0.425488606258862 0.482690083533536 0.715424221155645 3.58362954165605 0.00600260939298163 8.74261907705963 0.614492644446279 2.88813334645418 5.24337035177338
2.66766309980269 5.21954570552172 1.53814141216408 2.81511106495995 0.00521920250967146 9.67798822851661 0.382255795362738 0.517613830571327 7.11905234836165 0.00869082204299507 1.77545735381071 0.675476835606249 11.5911837000204 7.12358007359196
2.331498215713 21.6690948893177 1.1470789572821 4.70764548940722 0.00741490943631422 21.7036442967272 0.248864429093222 0.517415148157019 2.37930454998502 0.00519716595216037 1.29988362707629 0.35742276486583 8.7172809808989 8.71440183649517
2.20481647855633 79.3294332935709 2.13732533318284 3.42737275387487 0.00384201951211148 0.99612891157148 0.514778665923037 0.959791232399531 4.27753080092194 0.00998215514571896 5.97898382349043 0.671047138945662 24.192810080979 2.69284501581875
1.32281362790575 98.7376289011 0.856954430055529 2.9902934002484 0.00699996445601596 277.286629316135 3.11115626662475 1.03393384874639 3.38029685612101 0.00938495182066168 5.8632350925815 0.53508470538769 3.24085592395494 3.3053525887448
0.888338439758647 34.869460820048 0.700928975135175 0.96961869883886 0.0126737287259541 1.52954874258861 0.211410869900009 0.331139909485394 2.86981936172401 0.00417459564191141 1.02515174928953 0.361366224319174 5.6284993263833 2.02307697166508
1.1014694644935 28.1913466928911 0.915827817334487 1.28960799631084 0.00877354543962905 0.550987539386481 0.236174298384276 0.316954930297755 1.46359601700409 0.00492261814092225 0.867132998914324 0.3739497190147 2.3313343661301 1.59627439504197
6.87722189965269 290.289581897393 6.93231377912285 10.0595981273684 0.00810866641154855 5.27553431523915 3.00270397247516 4.23256912430642 16.1222429370133 0.010474416609026 4.78975296278358 2.40452817107823 10.4076139220366 3.89086096359353
6.92340197745057 130.066667063924 6.93831184181554 11.070768827248 0.00821443240714132 4.46712130792722 2.83496021088951 3.98844774878665 18.936345132984 0.00321317015049577 4.61880023862082 2.40098002964293 16.9632042639567 2.79882035689306
2.26232539864231 2.05470503789062 0.506715067914525 0.176714062678015 0.0140450020262883 0.089395096319197 0.96196150779826 1.37493899638643 1.54802326957647 0.0583097613621673 0.751944353973991 0.171650247833084 2.38141337390155 0.074133407201808
1.6650257581502 1.47516588127797 0.414444183534765 0.200495288131148 0.0149904677935655 0.0909294594208953 0.411262475580968 0.94729243111077 0.99494693290147 0.0225878682061368 0.496517585838986 0.162006775884488 2.18830204470457 0.0969967090319465
1.16210668878949 1.36353396018744 0.272779331700992 0.157886302290551 0.0287127166986077 0.159341505957577 0.8099680197053 1.10985754425525 0.983742722418866 0.0286080294360603 0.99817407133348 0.11452966467108 1.37872433250369 0.0682841156596076
1.49773587181624 1.42845244354239 0.43831516260415 0.176523946483724 0.00869191329413582 0.111084920456521 1.21660207824216 1.51785586044636 1.36493394772085 0.00548610641655749 1.08983393727412 0.396746503794873 1.13744499211712 0.160810729587962
1.48994526452015 1.48756295568863 0.403151400081551 0.286742711132108 0.00828839861353864 0.0547270906501324 0.727705615088005 1.2845925365859 0.952625643645168 0.00663194011128926 0.814555318036287 0.158132467685737 1.97689444218279 0.107678417966168
7.08817861180091 8.06618592314413 1.99096401633109 1.04306117878504 0.0138031329159939 0.487800132235015 4.03108963320977 4.07214191654162 6.39428427209113 0.00969750692125282 2.25691318771375 0.731985731040104 17.2865041936584 0.175142512560187
0.776544735143293 0.911386857475191 0.180557571647155 0.208977186595475 0.00783972988896026 0.0992937329006389 0.777931386783087 1.8145126716353 1.05737224332397 0.00196726776003492 0.502767499443735 0.12656558683538 1.81456791900408 0.0646304175697136
1.76854079848137 2.42943342332938 0.382951784070097 0.258226322117934 0.00738724583211735 0.0794866591812029 1.14718926599259 1.19195609091423 1.54304166617569 0.0644170632973457 0.609912112208823 0.128895465353661 1.9205396704475 0.084010317484024
1.37454190752299 1.20270238536608 0.680425527039801 0.816764607532288 0.0726706689023537 0.499946120633343 1.41834630442973 2.24209947442566 11.0502101317875 0.00467777882034298 1.02202410294933 1.58109829249587 3.00096817752524 0.553269115658282
1.86338615258969 2.26932421294158 0.625924056369149 0.890316636340274 0.00870882163468163 0.443574222685616 1.01414689622809 1.04187329178045 1.22041305213378 0.00251804349838806 1.20929287301178 1.27316263573179 3.47191396677043 0.448559768527469
1.63223637927912 1.58203350187737 0.554645760200181 0.928486868985632 0.0144340146424368 0.985960386511083 1.2982006412808 1.706955509733 6.86268036327189 0.00161167406157911 1.70319251223447 1.60348973392677 4.21873550278156 0.718251145669099
0.928094972217885 2.4563187478099 0.306080004014047 1.33178597204705 0.0131782360314766 1.24724100801145 2.09522237170572 1.30756290736124 2.53825659823164 0.00336131185616333 0.96943666992814 1.03194700753073 3.13150085865248 0.259886070679849
2.19140605054775 2.10946538960233 0.900852912843566 1.91574604000609 0.0258888198275957 1.16405135269718 2.92473785460496 2.52802409965221 2.63599806023403 0.00651894620219035 3.67218558506174 2.30523403875555 4.98987682089408 0.314350267845554
2.04272847232167 2.889222666326 0.723370782667393 1.29592597261499 0.00852030886744073 0.56543701089765 2.94352929598424 1.27855756164344 1.12091604759497 0.00919223514807092 1.49769550151166 1.95424754699695 2.96438474284952 0.463956767359001
4.63086747377774 5.50174582362755 1.31425317763669 2.43536183450259 0.0173951332778037 0.718464272198228 1.79448874734023 2.2200910576121 4.20446565638219 0.0296256581433133 3.35860664945338 3.35449603699298 10.5365956531209 0.672842189035356
2.20611141374576 3.1702798951176 1.13600151320003 2.07085231262101 0.00840291673854635 2.56769630397565 0.333461709651669 1.49493091900147 3.65755273770156 0.0290538332256325 1.05026628101357 0.20331089961466 0.788689848894026 0.0805123191616044
1.7555901178039 2.68950854056 14.5365557689844 1.28046923910938 0.0142593379962209 19.7596339539595 0.902637622059211 2.498675789797 5.0156016456102 0.00177506017795318 1.4628850927118 0.286761903137665 1.40512705536382 0.0422223527125266
1.53035614342289 3.96885568719071 1.34825149661295 1.96603063831899 0.00824822950301827 15.1940340354998 0.936771284590718 1.59608834468452 3.7833342227335 0.00338070361524966 2.19958633666213 0.389161211551144 1.51495595200585 0.0544901634011984
2.16906716452837 2.24816609019957 0.881969829137112 1.62019786306526 0.0258430461838332 0.251029875883814 3.18178494187062 0.356360011999637 0.30784716794192 0.00825904399495869 4.00129477175272 1.79290990865283 3.70024084969851 0.407966276364757
2.42291443650847 6.98646773652691 1.22158794666664 1.3031521678586 0.0147982497168622 0.409219957890815 1.10395533383027 0.358378989236923 0.783435610544029 0.00566318320487543 2.07059595763169 1.62289301920843 12.2646522647453 1.64448732172826
1.91029366378231 3.11048657916983 0.920938663836767 1.42106762997897 0.136346337901338 0.540717825850382 0.816921941166735 0.916424821560629 0.928277097325587 0.00487939278303352 1.67040859602767 1.42740244221177 4.52351286646081 1.65506877812698
0.843516891918944 0.862272534903526 0.612965508716427 0.599387586269611 0.00824061220448847 0.209938996028835 0.340984688637178 0.297742214754753 0.600178027950246 0.0100214589400234 0.987453033739948 0.665520176717166 1.73414003122688 0.296164732972942
5.34945836103827 5.55861723551241 2.24237846081398 2.7179161864365 0.0101787849682208 0.442923774312249 1.47350463469474 0.55068239585058 1.89581071520528 0.00362031675421959 4.55955240485639 3.5322683223776 10.5085550206449 1.05681570877298
3.49517608437231 4.32645269231864 1.55025966020071 2.08148642234391 0.0130195896428306 0.70583120779759 1.6606890573304 0.548731690468059 0.863224885147339 0.00701680792346221 2.64385098813156 1.96300125260424 2.74397921624328 0.899203059473442
0.67035571849639 0.67097916436361 0.623119713011942 0.666597013880822 0.00940089497716517 0.248016508179043 1.72663204561294 0.570796562263105 0.486655567718871 0.0106771616386123 0.935833515272711 0.745619399679813 1.62049855531346 0.528765637192277
1.46073769354755 1.70444979357144 0.628584830391991 0.751076385269877 0.0126034053629485 0.639187374149963 1.31727521527987 0.666698997536508 0.598971895431378 0.00662038197299232 1.35327636533754 0.839427660669271 1.59624058725613 0.427542589588188
1.45163527952075 1.88319654796975 0.569843686913024 1.19289209231501 0.00741353744739476 0.157016419356197 0.463571643933887 0.367234553370912 0.55458549405695 0.0205418199919776 2.00515560370677 1.34931642311191 4.96351926022016 0.579469783461208
2.38041627415615 1.73631896305215 0.590008241678571 0.852801834689303 0.0170773937870537 0.445295550110075 0.788236324268736 0.416489457867639 0.566184701177901 0.00748870703624204 3.29789274031657 1.62040376649152 6.06560246022574 0.562010311604301
1.64492763350138 2.32137833980083 0.635208776465537 1.03915531080704 0.0234243890683327 0.302648543115845 0.886497941053319 0.423081737368075 0.779641805857608 0.00908821410386425 1.74650978480139 1.24990795162949 2.40544191336537 0.405444722727206
2.03946300453648 1.54725238907231 1.26046482586969 0.941427629002051 0.0100597688981383 0.261888065118516 0.582497703334588 0.957335256437992 0.946078248424319 0.012981530923719 3.51192261414125 2.07640096963536 3.18455200963778 0.511899551284533
4.92105572722065 5.71888302956901 1.6625772536706 2.48915325810961 0.011777480742438 0.44217567010417 0.785297637730394 0.533529806446639 0.858152874428336 0.00969231336685996 4.63513037973138 3.18292221251006 8.38994920927973 0.837902873431791
1.75870756437267 0.884820704577743 0.813212793159536 0.50641283738152 0.0155715177815806 0.311256763931048 0.967913892158187 0.537159506913362 1.06916085122528 0.00516393987510492 3.06551848548205 0.813546061256516 1.23671996564882 0.351575943521587
0.67265573932893 0.895716825102226 0.556521635726932 0.616107981772056 0.0292308720926013 0.191790438084233 1.10696044899696 0.363872187585458 0.521874975640451 0.00437592335046144 1.13940499202061 0.454825303752391 1.15773272168088 0.197374777106153
1.78780989154975 2.17271455336236 0.595525349127797 0.0956709522760468 0.0154472016400966 0.347731337012557 0.531755388458933 0.793852376299262 1.82192110483377 0.0323574367322917 2.51542334987299 0.720792659348267 1.78887189723805 0.22553113339903
2.81404692041321 3.62911245877798 0.942147604654704 0.396320246523818 0.0181769274949965 0.634358049049946 0.893830629510311 1.01928646199076 1.29569104719121 0.0342338135409458 2.38712628561585 1.43676616342918 3.36398130498186 0.49356626580412
1.23935748273921 2.48931888874107 1.01780083807124 0.32481037288568 0.0109348109836478 0.451044467363962 0.673381642922099 1.38392121199842 1.81081709860312 0.0424425617800295 1.94983682893303 1.88561686467874 2.10343428602308 0.427613084164484
0.733552161894579 1.30290675156905 0.482027416116208 0.130697510384827 0.0721093512591214 0.276801890604957 0.619854444324023 0.410477650322301 0.709789166770515 0.0207183621282329 0.431407026152689 0.541683657841769 0.869345034448366 0.156052799024153
3.26675171103857 1.95493349861755 0.89735156826373 13.5991142061987 0.0111337742067699 0.880452078359349 1.17283169755509 1.28802883361615 1.54723252609972 0.054274096085627 1.29523839474225 1.43806071514116 2.18833348797719 0.121805692999617
1.28078264814952 1.63342158851182 0.73004489003483 21.2090859790849 0.00814792160727951 0.573223135298853 0.949705786078799 1.40345121926549 2.22957299299838 0.0511227365093682 1.03105010000922 1.3717766040083 1.73324348981305 0.405698489152816
6.4211847977531 6.59096182956016 3.8294369080405 6.94068136737103 0.00322623506944161 4.88867801123475 3.57482922355553 4.93284173198017 8.23526092205046 0.0492922668095824 6.18679100017143 7.23308022036784 8.99197461897122 0.671956123655619
4.27489466869631 4.50899581877461 1.70792192717588 0.44145472179992 0.201953235113776 2.23853989596931 1.97085043505865 2.78018829826671 3.16090787435745 0.0546582174348602 2.55171358493426 2.63324077334033 4.36373560846008 0.717139920745456
5.236945550189 3.88040199796683 2.34887890559872 0.552461182541012 0.0243148569413943 1.23279721964716 1.39179950543907 2.10550777340333 2.3920061321756 0.0264840965853953 3.06846188698684 3.56200517656172 5.49439755537206 0.362736614624752
1.11896940609849 1.61007634613273 0.591572018831741 1.43341552298408 0.0132708209873722 0.439135329666414 0.505076600040403 0.639369127878304 1.28668775760919 0.0511875773205129 1.08020168467826 1.43912173561309 1.91518833663575 0.210882049744238
2.55300342670668 2.33477740738746 0.795592676657592 5.67534527133074 0.0112914060392821 0.668479886685131 0.720295493616109 1.0460902090353 2.27293952833079 0.0726360768841524 1.86619600715311 1.13853546991743 2.09703292118876 0.341282295841115
4.46373515839275 6.25198523845435 2.47930436082915 17.9341470967778 0.00892599765361212 2.22745733202568 3.35176299750503 4.89865105276145 7.11957588449852 0.0397856027586119 3.4927646634494 3.79978624823986 5.60466195117519 0.762695210735551
0.468852768103579 1.57597202674406 0.0766332232861236 0.153224281818505 0.0166566227903296 0.341936443508772 0.286200229368121 0.335680409091893 1.5991539800704 0.0350660559079933 0.968830774849388 0.674846325849588 3.19329098831713 9.15855275029898
0.737515391363418 2.5985580019325 0.336155093535636 0.38605154154227 0.0938195345555557 1.09345305824888 0.458488844568736 0.615124466852769 2.49234890194091 0.00803434110430835 2.08228550390478 0.996530853158595 1.96166241735321 2.76949740907269
0.978874287622806 2.05443674886629 0.35371402360115 0.412036990147483 0.443923492470342 0.790465394642318 0.326364457496919 0.379851133137709 1.37343208687441 0.00689756232368577 1.96439139034872 1.00289782431329 4.53363702433709 0.313660559875637
0.504636634043833 1.87966135818435 0.217552289957876 0.250233750501816 0.0196095049615968 0.64582853342915 0.415078331949619 0.405355896131552 1.4067914127339 0.0103649838363439 1.05771291609782 0.711123233233986 1.00566274958806 5.11795728222118
0.747398536124286 3.03770626937177 0.231969622061365 0.372488964052933 0.0116870170254387 1.06889058998997 0.367035162206585 0.508758555391691 2.49995474252774 0.0147620093522588 1.60895203406089 0.882725957398265 2.58563578126112 0.281899691565099
1.43723599485235 2.73871375247022 1.73320341489179 1.01917789731779 2.57587522245982 0.475490480098366 0.286855077450689 0.509726992878053 1.66513097248212 0.0152979438691446 3.04429372440695 0.713694155013997 2.88393825118419 1.24105633833875
2.41058352650009 11.7152522251166 0.848205955658481 1.54767021919418 0.00974810285134524 5.76096088969133 2.61104015628743 3.06438078073944 10.3765196540172 0.00698474929931318 8.24268572063891 5.17092730587307 11.0927184050427 2.26362462691978
2.0210953426931 6.01283750918209 0.441774298467357 0.74371011260851 0.0111694643407178 2.61179741406298 1.60210915069154 1.66354256175488 7.13142101426907 0.0112292946487272 4.98669666843484 2.47501588103882 8.00025662309866 0.641048775544332
1.3566711849741 4.84631433755061 0.373688256271131 0.648196749137501 0.0120997704181317 2.25268297755316 1.13020599547468 1.39205886414686 3.86516997095913 0.0150052952792844 3.20760333991241 2.16770124772239 6.02988149312319 0.547813710991658
0.912311702084111 3.24612145361038 0.355013750427812 0.497087044737267 0.00750464195401378 1.66115497777407 0.897601861351858 1.06040964535364 4.22619869270333 0.00928464508017948 7.48436370023654 2.18065744303124 7.68271803250364 0.654649005577654
1.23613273853828 4.93432676703504 0.319290663706267 0.573412484580834 0.00789967910571339 1.62448638729074 1.00333339425468 1.12897457556411 3.30839293703494 0.00947689947473997 4.83465922501033 1.98148909204071 5.84962973618723 0.526031873147565
0.842071717967259 3.24869825645276 0.288987329930592 0.517840430164245 0.0052954616228918 1.29985110011406 0.505908936033335 0.771039555630484 2.46797619325061 0.0101255527180597 4.0959022035888 1.42903610147631 3.69513327508709 0.253456663596462
1.33246261892201 4.96529457476005 0.342487318982041 0.705010517039609 0.00664423767114077 1.85697197334383 0.704895961107356 0.926109156334134 3.74534494530467 0.0241834962921722 2.52732775526621 1.71592909140503 13.7676228327294 3.76967573774645
2.31131851816929 10.1187292579939 0.883988502647416 1.20716263802776 0.0582008231895954 5.02846777144095 2.35149042409117 2.66877526986762 9.83298834664218 0.0103416239941448 6.96766689842826 4.5930775437505 11.7916162891227 0.507256122312624
2.08386561220882 8.23246861731074 0.384023708516962 1.13071422782609 0.00411151631667467 3.46226748933632 1.52080649569089 1.4360749141617 7.70126756436888 0.0320973159593508 4.80541236779449 2.50021067841129 14.0563277869598 6.1458512829277
0.936015958258285 4.23131323621504 0.337389529450488 0.476370523601872 0.0387732611426176 1.75056954125834 0.937495452477076 0.983300564635538 4.54091527765709 0.0197897248657396 2.38797645615595 1.62498076204839 6.39535364771394 1.92433873633977
0.646568033163766 2.89610025428247 0.287025485051645 0.284541712777753 0.124142746944515 1.0057821471518 0.324012584764714 0.604873076553383 3.18664931604796 0.0394468982879774 2.93891835229344 1.04915886393319 4.19063088864721 4.23868102721109
0.879210551676025 4.02817909777882 0.314042803060585 0.514091832148155 0.0138936133019689 1.95991061341551 0.797886033811125 0.755970306680391 4.44008991039759 0.024842364794105 3.07720710722894 1.58672442871883 3.83817678589209 3.99135457929312
1.62902853641998 2.68610946030149 1.59972826994335 1.60127689278223 0.0108335130651695 0.723845772387309 1.95392455138365 1.81766377577968 2.19810083053124 0.0515583341939001 1.42580416427328 0.306064168490707 2.38148021926681 0.150487478360512
0.975022468359305 1.36480697558138 1.16350096870621 0.736907995166759 0.0102869570594392 1.25056394342333 0.812799213988188 0.729748318479918 0.874228323218153 0.0381643748957387 0.684899565449754 0.175219510889508 2.1734667330139 0.102516629696281
0.672329365427387 0.973648533812305 1.03386517097915 2.27517469209218 0.0290486257170637 3.60541695335832 0.909495846247764 0.74793673982193 0.973931694692827 0.0205761234638095 0.567352978961739 0.0627720971669694 1.44656927605439 0.0585909252062719
2.26535282293269 2.760274847716 2.87312440498816 2.01128867215971 0.0143444176370987 2.66857550910128 3.1389299152732 3.02728658665405 3.33523607051588 0.0761530940820481 1.34488942155405 0.338349428295266 4.11839500444376 0.275652423748006
7.44656127369045 16.7402509268678 10.3774046649168 8.51858762435905 2.18236110028548 4.62570797203812 10.7153230053943 9.79571372136604 12.74017011197 0.0349278380767754 8.52755210776587 0.12638838506398 16.7840309852825 0.172102885727052
0.531335441762823 1.27340812746946 0.721574003788307 0.732968914465679 0.00828308113747343 1.17594764361382 1.1332674453047 1.03496102870433 1.17695322239038 0.0247906406213042 0.84658200592002 0.0679414170273822 0.924851333673485 0.0801141351709842
0.468209949620114 0.962457818949791 0.532303889306432 0.505171281277901 0.00703710398095412 3.63766929464055 0.452038862119953 0.505101615846514 0.509585615853096 0.0177872354716845 0.519847807601028 0.104120867264844 0.675909235898643 0.0743487268277429
0.488996625287708 1.06778823280645 0.60706215074161 0.672170207460475 0.00627096905946298 0.444649558070972 0.510842806324997 0.486297565243106 0.505214535848597 0.0270110141690225 0.561746835805626 0.0704341973297874 1.32903260059745 0.146145570795453
1.34323559942461 2.10953681691531 1.70429991459406 1.45352688113994 0.0146820072980963 1.58757346129829 1.76623033079179 1.68620237085418 1.34965440205004 0.0342038569537039 1.3420838781455 0.196835933109557 2.56462248680196 0.171370311995705
0.425527218961042 0.747977581356168 0.464370695734046 0.437749459726615 0.0051229009896941 0.819713227824453 0.575248103084166 0.519056705462487 0.757014413017846 0.0183931097891075 0.479500734486709 0.066812659332978 0.847974572342128 0.0501392266621244
1.23325660175517 1.56350911532507 1.37045217326651 0.912422402087847 0.00706130518616053 2.12639273843402 1.47583322330195 1.40900832290504 1.52814945125379 0.0502123336534843 1.02576181427233 0.180345484041059 2.58686161026369 0.132892615039446
1.1867107494721 1.64845410562486 1.31165864371144 1.06972487282152 0.00744830735325924 1.79115822201543 1.0267076456781 0.933543300653508 1.21552411236019 0.0233749646079803 1.1186473526911 0.230357966037432 2.47155385220343 0.143556906372288
2.01745409185597 2.6327244347088 2.23381782125953 1.60483751615147 0.00488846347990546 2.08879646930063 1.98276170872412 1.80669252325509 1.73205270696548 0.0201565792179773 2.11997370226581 0.312943517590735 4.05379399792272 0.196756747004323
1.09336840412247 1.4113681764622 1.39668211530888 1.1762015207203 0.014885365675851 2.10393215132072 1.16449727804474 1.36564626003812 1.76795575648865 0.0279578889643399 0.722846293520197 0.155667691030419 2.12163421628069 0.0935370812957879
0.460407185001525 0.66566148680367 0.713259059005386 0.470902753192469 0.00816238624206613 0.816641464199077 0.514122666937901 0.339382839414209 0.230993188564045 0.0213491342018298 0.337847903498504 0.0613280029403248 0.728978416166056 0.0836812608051348
1.1938462902379 1.47245612515019 1.62212065679845 0.908022354956368 0.0114849205071857 2.25810563118295 1.32282912578097 1.32638981043192 1.69867219577463 0.0308998097940934 1.29568555152753 0.25760463585381 2.49942112964166 0.189440263829358
0.309988361102972 0.381844487272762 0.481250139319184 0.246319055860323 0.00692428392218185 2.23160543196669 0.393999694405904 0.382911109575428 0.380706586730428 0.0203785528296382 0.333694412361628 0.0462744957372104 0.816124903648991 0.0609892020606688
0.797053775291962 1.05517830016199 1.04593916527818 0.681662747012425 0.00700323916573212 1.3896629472256 0.962231184802109 0.828062289513176 0.833039690668261 0.0184026929363991 0.716082739482876 0.143114045868426 1.41477954713467 0.0407697112276094
0.853340933136453 1.22746057415146 0.783200500662592 0.725537778657818 0.00469823078324837 0.922280340733412 0.751468039534808 0.948508413319258 1.20265959685371 0.0290938807763991 0.765598183830334 0.135896098648798 1.97778676720449 0.106165007507218
3.01434363532483 3.37176808849688 2.70787194159031 1.48389326348208 0.0131367153831412 2.5451082880782 2.48128276635338 2.45742968487643 2.49171870660155 0.0426828810268401 2.48308005367463 0.404043863667537 4.73897829027361 0.239145788925445
1.57749078876721 2.36759296615449 1.64505226992095 1.48321726306117 0.00877628171293543 0.674775407619705 1.7416843959643 2.07993004110064 1.8861266813276 0.0258325399817764 1.02036349652305 0.207264367439857 2.06142426319915 0.239790619572524
1.676940685817 2.7091985466435 2.04205334338825 1.84768220199689 0.00978203332119044 2.3112442160156 1.68520671441365 1.61659755575643 2.12085547461245 0.0489157902521534 1.33198485741633 0.172523892236249 2.19731766183276 0.134689353476557
3.05382353922096 4.49120398098954 3.91941590850326 3.3350236999536 0.0136300198790561 1.01740738293641 3.64080485814481 3.44542096344932 4.12012040937907 0.0418536142118452 2.64441160652983 0.46214524770725 5.44506599540885 0.222465583641275
1.98768820926123 2.73852627914851 2.20545546457955 2.1549293313154 0.370867502783857 1.88158801245872 3.44617823858929 3.02815323525878 3.3260677170535 0.043116732485702 1.83326872542632 0.164342777530666 3.61896720851875 0.109018216662592
3.81422970676358 9.82833803908489 5.3556717863806 6.21426061816422 1.01944618254115 1.91755674323519 6.69973055151075 5.74739075430023 7.57506939489886 0.073374117137057 4.68962095818232 1.49032141494171 8.76875762446569 0.780193947057816
1.13563039697269 2.5946110865377 1.59611605669164 1.37368852089737 0.0325288855950745 2.9653237212425 1.38838224102894 1.27680032387286 1.35978692207719 0.0714898367246884 1.64967027889628 0.200357226458872 3.83367610845281 0.0969591639963485
0.571645077584236 1.37083536963755 0.552978102451205 0.429034855888097 0.0503432861929177 3.13744742170616 0.202149524733502 0.325051530126507 0.47522523104971 0.0236849818381552 0.588391837684524 0.0944588964190197 2.25064062867348 0.078621932189306
3.17241899623224 1.21596106019843 0.867750183268757 0.181025453017237 0.0517501444398168 0.0949977349646083 0.168044589962923 0.291567675068118 0.233275627714589 0.00550358614689707 1.18780727524355 2.07282431632843 2.69881125262336 0.0733014961595075
3.46488415660526 1.18214704755659 1.29547134403692 0.32992390161726 0.00916960960643361 0.103744263320162 0.721882414512908 0.335422789370629 0.0748827531793903 0.0169093683465928 1.40112539956249 2.21852645995651 1.71547764458183 0.0580571494761516
1.15334765078524 0.673802895008331 0.420116376902747 0.208603568052339 0.00795427770602366 0.0846685319782473 0.23041532481701 0.281877052183913 0.188392240550722 0.0937968175668548 0.75659301898919 1.04521436226036 3.8192190762534 0.0759505446308984
2.15532289547041 1.20486939206309 0.788348370104427 0.21671570705726 0.00459203850233671 0.165179741300746 0.289853457860488 0.392373432652507 0.489212815538867 0.0270940177192217 1.00135563456326 1.4627902609084 2.18955885888916 0.0546379116816393
1.30690043954155 0.493124792338358 0.671021779973292 0.15684771856963 0.00725198700293872 0.120105821769068 0.385749092430888 0.464951845720129 0.213914701209707 0.0642329678751076 1.11011625780568 1.22365082595625 2.67572826966262 0.055322282954308
1.15832622595017 0.376535386610812 0.462103301312757 0.159447446128459 0.00941284256397842 0.20599543751448 0.0745797594588454 0.13467719839639 0.099294041085389 0.0501248700772681 0.502487110094223 0.487053308048207 0.506668611342506 0.105888971430021
1.45004905764996 0.769341996104109 0.470908038997397 0.123657110278991 0.0161713722549301 0.606039746252168 0.2853811881181 0.373185745998369 0.12307121256707 0.0487721534254348 0.746718166962179 0.958301424414998 1.08487547638144 0.0428815491029979
0.256886517829573 2.87303708851864 0.786228952164668 0.96291486420751 0.0225246298884214 0.491090794814509 0.967456009348601 1.1687283698692 2.44213834064667 0.00842840389561228 1.40516732441045 1.44389422342035 8.62034399390918 0.575839821508519
0.185841883193682 2.28700167072235 0.603306339095584 1.12785901374415 0.0144347977539886 0.568331176222331 1.3294104776597 1.39127223842927 2.14122080290047 0.00886390573640285 1.22477477408362 0.984161089967306 9.80252822334564 0.477215260130707
0.301680439000495 2.31807460632246 0.565856232950048 1.18953649731729 0.0150407027016706 0.283157447853701 1.29671659703753 0.892563905775868 1.45361358436963 0.0132091821584577 0.950638617470839 0.914060708806041 2.5406671405264 1.01822532403018
0.12942749022094 1.45824727292877 0.405133319770564 0.730506862114565 0.0231282638400523 0.660179854883024 1.18533702879955 1.05397441585296 4.38966844855672 0.00684634720641693 1.21057215703708 0.901030562562934 3.83947392531259 0.627816450103028
0.494723571774268 6.81166314782049 1.27967190060757 3.20709794927915 0.0236435463544504 1.61172384804249 3.69312697822801 2.11421232651311 4.04214905933564 0.00693374439090119 1.58991620462308 1.86826046752302 8.52550193548747 1.16499749910813
0.363685492746685 5.94978608052807 1.22611160060392 3.02412317124584 0.0144819817263721 1.08402075359773 2.88800954058661 4.17350631208242 3.78522669957232 0.00896605709041474 1.70748082584774 1.82407096511741 5.7751889145791 1.69550985129874
0.275112928975748 4.92437101747535 0.874173286615204 2.25984213568005 0.0208773498434202 1.10908185751 2.30501515724632 2.50731196511504 3.52825397724516 0.00537983524787912 1.55163840404973 2.01734508639467 4.377589889474 3.12557421879834
1.24612655181242 15.6608625844234 3.95185744292104 6.88289008427133 0.0177002483582747 3.68091544510994 9.39533854154115 7.98090313283203 13.0472644268471 0.00917294222675696 5.1273063170574 6.32047860037173 14.082269407762 1.66403868335683
0.228664208615743 2.51522473318059 0.618797092346947 1.23868815300641 0.0196271550531014 0.456201770941009 0.823486016857155 0.836396911891074 1.30606306912903 0.0131405306936458 1.25100848740301 1.31530416709201 5.70460773611179 1.15054868232828
0.543897406674885 5.15103680111636 1.15555933428071 1.39090778988022 0.011539154609277 0.688422005769265 2.2133233526841 2.23636933942806 3.52463529043369 0.00640870722042947 1.24703060489283 1.76205342025819 5.50207648567517 1.10377029246872
0.421063149570746 3.01874275608092 1.25507772708252 1.30243869378402 0.0139141668460122 0.787792790170528 1.72214718495616 1.43850756619082 2.8600121133715 0.0126148138740429 1.60857084196662 2.30184277529153 5.07747421942189 1.09182661196868
0.169489697704284 4.05469489824648 1.28135921146917 2.04087857892599 0.0217699557489667 0.693609984052896 1.39047670146832 1.64132103326457 2.341668766116 0.00534925726430644 0.972189086194034 1.95462399946575 5.16089333358192 1.02388465217829
0.587338670998581 4.69578131036966 1.59367499772596 1.889917943334 0.0255803226775516 2.32933756586171 2.30307840518154 2.64172404835928 4.01466479819484 0.0173835511698144 1.66761909439342 2.28261843461157 6.43354812704855 1.33097778450821
0.342238329805166 3.7366774860643 1.03561496832714 1.54340280626855 0.0162133652291005 0.928451643434828 2.65655393062406 2.98312708536275 5.23061437008368 0.0144100055807897 1.538845615257 1.50058959075919 8.27832474226131 1.32291258151419
0.202076916218811 4.27474764342786 0.825698114579511 2.07411325582164 0.0146676993797411 0.909959029972601 2.04880904623321 2.45231121676147 3.04831929896816 0.00594804620157888 1.44054964758871 1.70280332991992 9.80703976607626 0.764030113281044
0.566740353440871 7.87485949282394 1.64135063632667 4.36026468508053 0.0156362144965991 1.85036491212711 2.90024892212799 3.6403301721848 6.87712861545648 0.00994785218950308 2.81491396784833 3.34855886452709 7.93711508917777 0.758027439742441
0.866324888894094 0.892780365808629 0.769004859503194 0.888631451649343 0.0075962097390542 5.97549175970832 0.745527631567808 0.933723015356426 1.06111988260007 0.0105225216676155 0.646280282384211 0.861875837775545 0.999461872168605 5.95512938229109
2.8411258622004 2.75187902298439 1.38619988335365 1.04374376927439 0.0177494621905086 0.315456210268724 0.463737041381042 1.44672013080019 1.45829753477297 0.0156241005894449 1.28094525034038 1.65993997498473 2.98256658603069 8.34115127704903
1.93608532352272 1.64746343837673 1.18641939456099 0.938473755941229 0.010367712673312 0.775260754803065 0.727502841238569 0.924022722713928 1.62570933031599 0.00631841272104972 1.47962852287451 1.48246845187468 2.36091071730427 2.07160103437046
1.65562870796272 2.70824280440515 0.8544083938031 1.00511836094299 0.00884530777326652 0.824409751028006 0.952661929341249 1.62759565378555 1.13925248628699 0.0137817170439283 1.5924226972437 1.53766822796573 3.64932814485033 1.58478786461861
1.1355251013141 1.26282534184176 0.831826546830384 0.831119954764692 0.0125094016749648 0.86529652530881 1.27892038553575 2.12536228852045 1.81449722730138 0.0128056829159467 0.967876920578172 0.968031618373891 0.955596391839048 2.59733116720457
1.61684099747548 2.35707565387844 0.96938634468148 0.783182836532616 0.00990791839714443 0.680471519079815 0.532293373580576 1.4531893190472 0.680079958064374 0.00990148874939017 0.967839595427295 0.871382029409796 2.02251471051251 2.79670759294898
0.696669807206283 0.66538571528525 0.45867681985486 0.977908802019159 0.00684910067010978 0.701352584673725 0.638150326134674 0.841685514779754 0.630680172553833 0.00701424488873465 0.685987638872957 0.801542568879206 0.843523404691335 5.39863985599232
0.859659688489171 0.784572108411293 0.500350189227317 0.750488345143125 0.0224950937783025 0.844335135068157 1.12152398063477 1.78714260691874 1.83291312378437 0.030676213419159 0.66754024984977 0.734271193666028 0.815354875629452 0.963590014680261
2.65609904834598 2.54470437904711 1.46938060306575 1.62951052067771 0.00636371039786587 1.03468587525096 1.50670875208946 2.37740256773429 1.73767941601936 0.0191451919493961 2.40299474095014 2.83042075411869 3.60115969962509 0.553796758508152
1.05948974689629 2.61727434332776 0.576032763259439 0.483929802765922 0.00413094877692755 0.833416010919231 0.85077939701461 1.25982726210329 0.84380222476934 0.0108715808393514 0.538685729430189 0.916048897046149 1.18478333338613 3.04132640903828
2.46777645344056 2.05194685414432 1.36458797270825 1.55721656238162 0.0122356565703594 0.853206168735852 1.69523488281758 2.28920397273314 1.8635924544585 0.018102321745522 1.98671187768307 1.74353117640311 2.15136222226627 1.34413144607084
1.07409015867518 0.751784605771389 0.643876973421831 0.545985674199721 0.00725438796434423 1.85244164705872 1.14546460613989 1.39464151496032 0.88718453703597 0.0185626745191092 0.765752738409537 0.970457824446884 0.935508278713128 0.924245243388332
2.0075668065167 2.22875064364004 1.18659344136679 1.24272018431589 0.0101302495433213 0.604794735669763 1.05139364985363 1.68243878700099 1.32593725319622 0.0324885608064587 7.9735806293472 1.74943873557434 2.78750682201708 2.00152254489586
2.29803499898386 1.64268859074888 1.57775191589315 1.07636949523361 0.00690510551124013 0.455317055795979 0.870936940650315 1.45988457698285 1.11748448637989 0.0168770479570038 1.61129837614559 1.51893577798346 1.72921676321073 0.968752386491586
2.00464692393621 1.47708364238971 1.37109631578905 0.812231090377346 0.00809284410670878 0.38014875484418 0.538307574519644 1.36132660408333 1.29674538038866 0.0200769915163843 1.51298284061496 1.72079973215129 1.66556007435978 5.14718039072748
2.09030227941171 1.82000949897203 1.35577956532811 0.920009318808892 0.00637451824701239 0.840488915962787 1.07727024651729 2.61975176573442 1.78280399262783 0.00704114871554666 2.52640411960915 2.27795686358922 3.33025030435211 2.79700974889756
0.970793088035808 0.395264236419534 0.702375701959337 0.478375835726949 0.00833925392330349 1.37027981863232 0.717194828356953 0.73967322973152 0.431477455961626 0.0209827152414068 0.775907315507643 1.15477646015887 0.707621018901642 4.56954504936102
1.66641170636738 1.4238994790097 1.1932093507671 0.823469392550795 0.0113307799154841 0.488542980631686 1.15365920171569 2.43190358729828 2.15663578576636 0.0081541419802766 1.48300910674375 1.54813910816037 2.55227859262728 4.68165097067447
1.9559426176969 1.53129691225613 1.05046377587457 0.745846415124093 0.00617870435332407 0.330363886387443 0.963754148811491 1.2712458112284 0.93494403414843 0.0078253278283849 0.937140216939852 1.32752727250031 2.38903581154767 6.07988815829778
1.16520489272366 1.19750388076646 0.68796363441577 0.930406227234142 0.0103233878491662 0.417033652541419 0.614293639657133 1.34461033418981 1.29724930018105 0.0111052568635524 0.886454557026091 1.10082597704586 1.36119657029371 4.04225381251533
1.6691407590794 2.35676802192588 1.24705253037711 1.9099520101202 0.0220951971117713 1.49322602476951 5.53336143229721 0.41049465473181 1.34502866464562 0.00814518506234108 2.91073482540284 0.287616275019708 4.38342535499508 0.13245465401045
2.91234877394679 5.32696028348401 1.68426003340067 3.65916447787259 0.00870497827362846 0.511458306764644 3.65398744567732 0.450906582559538 2.22684873093124 0.00315311950544729 3.25038578893843 0.368967250993397 4.29837759344544 0.170855955440832
4.77234143284979 7.91949324340691 2.70227280567182 5.38021726367578 0.00845014865628037 2.44788906313875 1.82963866497477 0.42375453448379 2.15287573082156 0.00294148666662729 5.17611888889611 0.480389041370729 7.93991587928419 0.250318282870329
1.08908419602323 1.33208266869089 0.761581494614037 1.16336003846273 0.00813579930310527 1.16859514000058 1.69952546859813 0.647467081071869 2.02554579181677 0.00319497125834306 1.71557415454363 0.196350540783379 2.72626138700842 0.117029968507842
1.23948137606367 2.4490390772965 0.654275473332896 1.18372671774746 0.00545046921673542 0.642590935442104 0.676873607932534 0.363784138662826 2.22095481484839 0.00343551284225078 0.891619787223451 0.162901383358384 1.56198455067922 0.038493019149959
1.94261015883747 2.19615773068902 1.10038169110534 1.71575103475357 0.00604407354106799 0.69893821912395 1.81618474359525 0.426864314556569 1.19377161822838 0.00136326454522495 2.22857491222024 0.282504809820233 3.48057471169051 0.292958831549908
0.381626403049151 0.557600082422826 0.370980807161718 0.514569156089483 0.00975384065281241 0.365244299943806 1.19167698792076 0.253724026675822 0.329573654992427 0.00149263210820065 0.558401256120028 0.0660134625378585 0.664593546154308 0.0635004434142479
0.516043577733832 0.550773504762827 0.451162589303649 0.528779772161268 0.0162043769648449 0.434414174169348 0.476324285584622 0.474772584219778 0.66496430828895 0.00282794937580669 0.733873089866351 0.11182681110037 0.938942187879049 0.0339132102731115
0.496155445213573 0.713798303317285 0.315063134158497 0.636365515837477 0.00945959160604948 0.462931816874747 1.13616834633812 0.25896226509336 0.549226160394507 0.00230406180822787 0.533726302810151 0.129868165821021 1.08495176349542 0.0872247794608795
3.25995784567251 4.50932570728451 2.48958735002497 3.80506875623558 0.00909412238816182 1.50748812437738 2.20503675498829 1.66079506935953 2.73348100192864 0.00239897006046123 4.03239498013216 0.58614885962908 6.42364381815591 0.21123348256094
1.86973241002319 2.40979436021299 1.67828852249324 2.27911238757671 0.0126593253937827 1.50500334961177 1.11407319266184 0.579942849285949 0.996759574748395 0.00195721471923484 1.84949781486927 0.283471133901392 2.20086525394985 0.0844569030094927
0.670247265685255 0.579098544309372 0.180764245037045 0.4376373718113 0.0286805825460034 0.159472062526977 0.459805081991527 0.378394246931883 1.57961396795583 0.0160579215629095 0.176279062945457 0.0565017663750866 0.319613270076832 0.0716960927210887
1.07524186359121 0.917532927627187 0.162185806905658 0.253880402963636 0.0109848335002161 0.130128377658756 2.70622692458153 0.725280911342083 1.23362342784157 0.035699247209546 0.202743347194355 0.0575741832740813 1.24122192530562 0.191834268011613
0.667061384550697 1.22512566591661 0.105698706899507 0.163073551835823 0.00460438547921592 0.0937628376846247 0.270399863555228 0.279195110950437 0.982725141412049 0.0288735542865684 0.150844774969657 0.0529553724662747 0.490627125444961 0.172134956360956
0.362403469018238 1.90699901768175 0.0596484241456437 0.216319048432859 0.00741067282778162 0.340082177211834 0.24741739817171 0.119193700547788 1.17070688383684 0.0193281025969881 0.212039314725241 0.0377590677507871 0.393269853847996 0.0837606186937508
0.640621158707553 1.04530658765439 0.121421634506812 0.426410024043595 0.0105119617655832 0.931591322835887 14.5706350593815 0.600245328009095 1.65878010421098 0.0227011218368128 0.376057718451957 0.103264613116213 0.806014445865955 0.186108784553412
0.328499470665618 1.25471680297381 0.0758714445427255 0.14369678662005 0.0159261113968091 0.102219439708983 0.173719309018751 0.383786030843166 1.03838206936756 0.0329346655995475 0.112971024945697 0.0311865700271607 0.393538463916018 0.124129394974871
0.781439076044515 0.544986844080127 0.142807090751428 0.516864369648621 0.00853174832215553 0.330635412903376 68.9830570572822 0.408454912942023 0.585321068384278 0.0521562753237789 0.202495634971035 0.108802176860976 0.555451935460473 0.11987842957292
0.32637676973125 0.412260846154161 0.0852942149325676 0.224984303110252 0.0169072065973331 0.0795195415964893 79.7510617236501 0.292821820456719 0.551709502018097 0.0508199887354457 0.227337224680973 0.0433114005880401 0.398204452278505 0.0820994312027827
3.20634984881648 1.92887294665159 11.8191276380063 3.78458681267941 1.86334652894697 1.22462418821126 1.46615139993939 0.329195626177733 1.43771127046761 0.0246321952857446 0.186531143107603 0.294441861321796 0.603697775729127 0.153124835296671
4.92921719600531 7.22458715201135 40.7865997458161 17.2141947676509 10.6845549105484 5.00547269835035 24.9747810526798 0.5019361348799 7.37965501891214 0.0470884670125896 0.459636836001561 1.19833351940128 0.574869100499315 0.60990928450283
0.673675959879031 0.303339855402212 0.0886141835875206 0.22139866477365 0.0139497547684486 0.446055990911191 0.373328463774226 0.422655179669935 0.98019602483638 0.0469732755493895 0.295632803533898 0.0384152591767397 0.97142925404088 0.0660591167945867
0.44430022270783 0.529676041790252 0.0995349512106344 0.111498831760324 0.00949599328568532 0.172642655065327 8.68532702988205 0.253949176019919 0.908402349984575 0.0180047886531842 0.107677357338616 0.0639836969817356 0.483581684103993 0.127147765789191
0.620504477154937 0.562917571443297 0.0858442425085621 0.121551806753924 0.0106427305415656 0.116898763411221 0.260393316381645 0.166912450917905 0.911858289410289 0.0371972982920862 0.113088668113329 0.0925570690375999 0.454730095229376 0.114521189113974
0.385011025247348 0.297024766585474 0.121386581343348 0.126619744374251 0.00467864229182311 0.212146794295091 0.354539086674222 0.36203968954904 0.503777804384478 0.0400632423268782 0.183532700567211 0.064533231153164 1.02709220344015 0.0945705248539976
0.847926862631428 1.68423778930455 0.181757783796792 0.502014994303847 0.0159971888085483 0.32178831056432 25.6743373700251 0.23547678719904 1.60504118736689 0.02252361410117 7.69697051864789 0.12598005878416 173.83396613206 0.148729398679231
0.580832600620546 0.384152905739703 0.148861704967326 0.217366199849188 0.00945645152241049 0.177746590040577 0.27258626786269 0.348278912490238 1.16553948469438 0.0862870126809947 2.72443975523891 0.108105518920277 1.83897797656021 0.280458357508461
0.160819286495134 0.461491782129852 0.0451276411677045 0.298901707405197 0.0184241081793307 0.0816170311261889 0.28387810122235 0.14919415337529 0.292259717461925 0.0347711550107128 0.398968546706506 0.0451385122505548 10.1091138460815 0.0827589829390915
0.528474977545209 0.592562823462255 0.145104421460574 0.195776534358987 0.00862310445535536 0.122420073804959 0.528873195226147 0.315941683828645 0.873158014248552 0.0441255956162293 0.116361835745562 0.0614004696099421 0.422620499176389 0.106025615867631
0.759259119309319 0.349954723317596 0.0736404232962008 0.166787221510224 0.0115828990988549 0.125065704218407 0.469069343953904 0.310784281341325 0.942532557364878 0.0298434131187316 0.246729090047464 0.0685759904276772 0.332909691015636 0.053679279832033
0.571662915688598 0.267391721878442 0.135006922668302 0.0947417809795254 0.0151386234410772 0.176987139963786 0.245625913486638 0.266950403694857 0.65959676281516 0.0338241083906968 0.4080536540826 0.071268115016432 0.752820159515681 0.0804428518821645
0.557497725131155 0.504605174738219 0.115716405873172 0.286707379407573 0.0070412352589338 0.132112624572604 0.465976117502925 0.388906467458607 0.645234483618961 0.0206580607744991 0.322803398229604 0.055655924490212 1.11125872431072 0.256132268354266
2.19854993146363 1.26766282180575 2.82002611467885 0.977540679784821 0.311386461867649 0.325270044078689 0.692247395911797 0.269109438542971 1.43178474351418 0.0250460191686089 0.230999456106146 0.133700813540308 0.777383804749465 0.138735832577357
2.13810632610441 1.06789418141209 0.232826806051404 1.93781803155884 0.0125900037996365 0.221419924215166 0.614021303597435 0.562664109976957 1.2339336384662 0.0325545508031149 1.47507934279869 0.10027782221249 3.59896511329348 0.471552049688203
17.8154295177842 36.0726664314522 160.027458779437 50.971407422541 64.4903163573866 21.3311280850697 30.7410101419387 4.44288603320765 37.5698155995449 0.0994912903738043 5.56165690733521 15.3097583786955 1.16513865082664 6.84353199502009
0.542619014405128 0.760897221881651 0.12057456366483 0.312532290734762 0.0116540658171084 0.188141920881477 0.442815303843271 0.435475236628473 0.906920630282418 0.0373040604754282 0.164003179021857 0.0735542178570169 0.506788134959272 0.127160913027604
0.64740986548847 1.10451180315916 0.127578929954967 0.165799816960695 0.0057216265968786 0.195691414020841 0.484124108442846 0.468735332836809 0.609597826612829 0.0273677100453953 0.213077831874867 0.0912780236318062 0.77075281540657 0.538672867676758
0.749630418161719 0.481105438750188 0.898099603277183 0.498779778305682 0.00957109168863009 0.0835990797187658 0.432271574423323 0.685073220745604 1.46989620832468 0.0192174920345228 0.653903517790237 0.306510437513852 0.878605560008841 1.26270913556651
0.872502841507592 0.75103276510162 0.91162063392452 0.582672603667584 0.00640940216864848 0.0464184177768247 0.322063678342967 0.641017403863782 1.21493766895665 0.0197988361495635 0.665860390908599 0.276170211091488 1.28767317169836 0.641679068974199
1.18224809591138 1.34833652677832 0.906939665398071 0.937448508496815 0.010303866434892 0.0638875882821293 0.735736942117844 0.939973165212846 2.06764681278225 0.0238539867883049 1.20528463477454 0.441647053853135 1.68166015900825 1.02440013451376
0.358768019629617 0.282956019121457 0.428656600102511 0.306365141153265 0.00861632180100467 0.0701736729097534 0.319696973765007 4.33366975717266 0.833523130927272 0.0260819082911137 0.536793264150137 0.431163646805318 0.61619571555234 1.34735829793326
1.64950358611147 1.05233225098922 1.12107238366349 0.689481758726588 0.00613190418386178 0.132503190524317 0.502911539301992 0.67068497730147 1.36196082362284 0.0121359652950639 0.898772220471818 0.481264130772992 1.72179663913898 1.5544280885472
0.883130585487214 0.467881332513046 0.598343828760968 0.419089726538132 0.00610055747158012 0.0395517485609346 0.228453180473694 0.401141932092661 0.964981196211821 0.0573530246566965 0.439656585712485 0.326054917305515 0.773679428204488 0.15845102507873
1.41994853979332 1.19862786326557 1.19131990221538 0.886748161447058 0.00726230744245657 0.0569799651367832 0.477052619032228 0.711845390568853 1.38917957435769 0.0215759044852474 0.71739138165943 0.506941589135449 1.39601129593351 3.31080442689765
1.70714271005009 0.931161936187132 1.47236202261104 1.07691227003812 0.0109098643271287 0.0900311268486559 0.469460674333565 0.942846849877884 2.70426892744064 0.0170375691110404 1.27786697866342 0.695795708715051 1.59128656912486 3.0264123355557
1.06399066486974 0.785965581033842 0.683021455274996 0.698956797843542 0.0111760253352771 0.10841991549015 0.506332287626925 0.708925890091291 1.1611576989688 0.0155086466742335 0.929614444292377 1.46267827225349 1.36056252502673 3.26477181594099
1.24539634552578 0.97597521304812 1.03752866501947 1.8254713317175 0.00711279314233418 0.135009296627656 0.449071058151656 0.560921023041675 1.33460046841799 0.0214837774527185 0.933063857245691 0.303597657562761 1.59345175335024 0.792079226504827
1.22780194982096 1.20594563477344 1.09694796743682 1.03058535166244 0.0163103534643526 0.052045087528972 0.411930584585272 0.628118469528601 1.47000790191379 0.0242715200175669 1.13996483607417 0.467378797751773 1.35074329183312 0.466196665130596
4.04668726141422 5.46420928874879 3.79660509319472 3.62685230495042 0.0115415807349651 0.279988922439986 2.15710143495028 3.59720579950557 5.8325876474636 0.0209541251437686 3.15067115229853 1.44339731205875 4.91475769006334 3.65947083590543
1.30702940670312 0.611698772174192 0.612528744081616 0.428918924386366 0.0164204047226514 0.0377343718993774 0.29369272851208 0.66156369276911 1.35751466286085 0.017781204431373 0.702259693191504 0.312470573062423 1.20435802556208 1.30636319165522
1.08719650183926 1.28938736303265 1.3386828610096 1.13205736704553 0.00686492535629413 0.0537006804332721 0.523222086978764 0.518610566132283 1.26697882411017 0.028144778990544 1.1173932480769 0.5458769670971 1.62807031804627 0.64597992812612
1.10251229171783 1.05837827035612 1.45028658436292 1.17069772306182 0.00456105505075342 0.165262649184855 0.695370487270426 1.20109806504209 2.60424109681039 0.0232931231479648 1.21436082957217 0.948122059376104 2.03006996009125 2.66923305187406
1.52505655688954 0.276171321268877 0.961672459587112 0.221530524257137 0.0201342587522434 0.068833599505218 0.149633323079112 0.025761222306593 0.0954163433426433 0.0100905433683253 0.0396649781653499 0.361445160376181 0.61141233091943 0.120546099897842
4.35670380069645 0.824291976351206 3.02114252821023 0.670295252649531 0.0107527233076612 0.0816387886356161 0.526609175908706 0.0347298610999347 0.354779103498616 0.0191389334102889 0.0835196005419894 0.708891674996796 1.74798708840651 0.7103067607434
3.35470043094406 0.497915130993638 2.08632953775198 0.6105705149895 0.00604900510471302 0.145970602241505 0.436806173140709 0.0427834609161555 0.179716723133564 0.0197775266229403 0.142217751237317 0.678313661910957 2.47353264406869 0.564819402734267
2.09713918747025 0.533837292651401 4.07503466889459 0.233335289621657 0.015346465634772 0.128409255603402 0.3693972199603 0.0605804889622018 0.124292067751 0.0232785857073461 0.0594124793397693 0.370779925706754 1.63707673640406 0.212129058226497
1.93092343099291 0.856080229081461 2.89707635354656 0.353970101418842 0.0155017523567046 0.0573434384095602 0.198129965148779 0.0274428200243326 0.0946928987292904 0.0124790661453124 0.117590620616515 0.532952948189945 2.12696145068197 0.215563182048935
0.900809996737633 0.369386830296504 0.903556955250352 0.305986977647818 0.0168097142113114 0.0338663582513746 0.254093405551885 0.0373736635639454 0.0741515699319498 0.0114085510238736 0.056480425951562 0.309991142901671 0.667948728510741 0.161157814055589
2.18326528407884 0.335582059677857 1.64458934075839 0.55684915403529 0.00950804687523872 0.0649250138075691 0.409955722694664 0.03592748613022 0.0822149149216209 0.00779560034627178 0.0640241594387437 0.424174462921981 1.21779406397255 0.233911923763717
2.03266363979436 0.747284469406139 2.7775201920099 0.590626424327954 0.0113435081785325 0.226435640235627 0.397515080039578 0.0800309424530441 0.108586069735633 0.00576041733952249 0.234666266053997 0.630551328648431 2.31768244467373 0.212516478346063
3.38705388646766 0.937488471076757 1.99856985898027 0.696617108429471 0.00895709606976976 0.140886884848571 0.219223811797637 0.0829214490757334 0.06713312762158 0.00477425747349394 0.16972294992433 0.4409947024897 0.907289634657937 0.177299479240143
1.45845519979368 0.97738749168254 1.47774773912791 1.40241402820331 0.00615655600858063 0.0572979089582355 0.185583636074052 0.0645357841517842 0.166674967156543 0.0112917707691825 0.0887345519353306 0.468438925423811 1.79148240505927 0.443087340574409
0.93474591181237 0.420737952753703 0.919475508134408 0.353187713175868 0.050179944230425 0.159832206390809 0.398298661953727 0.0824944730742608 0.154363661475273 0.0125423985897496 0.0808558083884102 0.327644872785599 0.430179352891122 0.195767764384461
0.973474234408145 0.496782415451862 3.1191431303458 0.155686947302059 0.011916469961838 0.0504965303331843 0.150777533026845 0.0431089785340136 0.282064334009567 0.0129772989818392 0.0690825716443899 0.493653392520784 0.842291763288959 0.306564008167947
3.14669833587462 1.8838614693237 1.20214386361321 0.367324362388974 0.011984076184226 0.131295279441704 0.348661493944207 1.64037524206734 0.342476343395102 0.0212964994368668 3.47721595871449 1.21383335198443 2.27742479858434 0.177398322855639
2.33593694221435 1.45372916297897 2.12933882041549 0.481560831821676 0.00767770774396146 0.204830108010236 0.317248247486377 0.740125500836677 0.365193190488644 0.0169061914328649 2.0794343992442 1.48934382584534 2.27636595024388 0.298330378159038
1.52179509072883 1.00054964322654 1.93460298380872 0.383482376664099 0.0136570955469999 0.240736828320453 0.294203946699823 0.675468223904951 0.245935907702892 0.0167171588912709 1.81792052546296 0.709988429826234 1.24285151071839 0.107843236968177
1.54037842713272 1.50820023089339 1.01391645007184 0.310017004047436 0.0083060148073292 0.259795887564183 0.310293522802116 0.799048851267724 0.288480181912973 0.00598051656613954 2.76069625338015 1.23476734193525 2.07676659098338 0.202318692151003
1.80199901470252 1.05725741449087 1.25597281749423 0.413151946867627 0.00804126824078067 0.276446866562314 0.494181628744513 1.4802273603944 0.2816844212058 0.0133857207266245 1.6105194267684 1.07907077583226 1.43187555654274 0.227572259159736
0.830416055748571 0.295634204210198 0.29277894326437 0.0907115731817772 0.0140765562427848 0.228166365967258 0.265742163899438 0.879617080154812 0.361755884890353 0.0155378759233655 1.93318986537194 0.511965215015425 0.806801947233823 0.0927228073534461
1.45110965373646 0.880746308507522 0.537248872632911 17.8527504027238 0.009718998275877 0.294757319147006 0.403631366681495 1.20983148149577 0.350091202601035 0.00851253071974338 1.31960318071233 0.628804997235962 1.04217913493012 0.156243560150548
2.45702280042186 0.956108970994188 1.47617841749334 0.330084709433156 0.0191778810521009 0.411224510066345 0.35103889406392 1.0502664306938 0.381082769079741 0.0103746168364345 3.38510091613849 1.12440846230093 1.4150543420426 0.196192449183306
1.41327863148108 1.18077027990288 0.786607831539827 0.200422909471826 0.0160242160656492 0.146603674907666 0.313073132911562 2.0919143118569 0.905132843256961 0.0149938754548861 1.58683396500555 0.530183728249959 1.1146487794131 0.111583830360786
1.20650352727367 0.574917058313505 0.860501460970935 0.227654551151211 0.0157681754748038 0.351117733830094 0.38168115717633 0.403980460964727 0.155109564496906 0.0183504199207409 1.99010857798087 0.814218379193922 0.8909319805131 0.154095192006967
1.19435224517622 0.803704724758101 1.05682271590346 0.274275986029484 0.0157451281272877 0.229987703162852 0.406480783807706 1.66347912816318 0.389837760865929 0.0188114618311246 2.21952697113435 1.39807164103514 1.05567013515824 0.169102292400264
2.52142555539647 1.18374335811927 2.45424430072652 0.352819276107639 0.0111702912951575 0.738358717212057 0.408165671911547 1.60864978307948 0.474938394990387 0.0149143215494871 1.94493944316612 1.80356355401858 2.38446574486672 0.232408348461083
2.96352793823152 1.34240605447732 1.50732943362581 0.421036342945692 0.0239259044231271 0.151749749881514 0.380207596683438 0.996880967617235 0.484474837770352 0.0107675553234089 2.96591336401064 1.23249145956975 1.96133509414753 0.150521489583899
1.98448099079686 1.2243991064402 1.05153570060288 0.242064827092418 0.0135729396569871 0.168740471050165 0.346918232308733 1.09623094028471 0.264979534513977 0.0116891564678 3.37611179584257 0.782879264947195 1.57880918585501 0.133397569707412
3.13271616319575 1.11002165583931 1.23354434228492 0.32580835659796 0.00600085491647596 0.233194279138509 0.489329036925044 2.29178039347449 0.547046019151745 0.0132992661513994 2.68089333847832 1.14578283373455 1.41906051479186 0.159373102097203
1.40913899390732 1.21955845878931 1.37566543952505 0.329940622168416 0.0151263318046845 0.16570361368058 0.295527304896912 1.27035158154451 0.450410228592504 0.01806223355304 2.50709340734011 1.22942965166162 1.84320659068648 0.173537742818358
1.51024888833459 0.753577339067391 3.04019189541338 0.825361303171654 0.00895646691444145 0.271118659061295 0.54795479588114 1.21018001619108 0.308224033980268 0.023500761198429 1.93396334433784 1.13046205145777 1.17890001929095 0.156043600254515
2.49984247300242 1.18643090914844 1.56266561153215 0.422880467758906 0.0164346452656727 0.197607043230947 0.269956577406923 0.812736253532298 0.380585971066379 0.00604776617085505 3.18431826982074 1.55489445321415 2.88181381261418 0.256310890762113
1.36815843994229 0.975614665816425 1.09546868878874 0.226996978095298 0.00721583456846105 0.251923871238554 0.547945914930673 0.981110496940444 0.371054437282162 0.014711519764531 1.68824766087602 0.767432763583918 1.96288429834772 0.101811527559321
2.34600081603394 2.62038591711348 1.5549513859759 1.77899490590705 0.0113867493842068 1.0989568044458 1.37505687557322 1.15530680655074 1.87426657037988 0.00225797554882834 9.30622349768495 0.161699667784037 2.66948191781735 2.30381211615562
1.57194936084566 1.35246771333853 1.0912802295984 1.47372012953142 0.0170273825677526 3.04736721559622 0.865585352307707 1.21069982790303 1.445049880505 0.00541765207325129 6.01484965149514 0.229743104748018 2.06359513250918 2.43086416338235
1.60795050580423 1.71220319644422 1.24169079403159 1.46726678053368 0.0106652807793418 0.894920043725324 1.06659490553625 0.992037234011151 1.91838896555897 0.00958291508792925 7.30344175571077 0.148382445766037 1.85831909514899 1.95380497379721
1.81690157225644 1.64975562063579 1.39279177713013 1.3475808200226 0.00689841675395691 0.729002341023966 1.04456320087693 0.761555800957544 1.1852306251797 0.0114801212605233 4.13928526984152 166.800991197432 0.772871687859826 2.87956461281821
2.77257011971613 2.02699850678025 2.14157542691688 1.80848270896589 0.0179671410165885 1.05711345283469 1.4734821163321 1.24389926952648 1.84960234508231 0.00210126278400998 4.81503457848716 0.187837146196194 2.56893717514172 1.25125253936878
1.31283911238879 1.25731313583417 0.855045116354403 0.980333678600711 0.012344901942887 0.720079648353184 4.42637428186671 0.81596485583625 2.02075477283859 0.0282985726187258 3.37550666023537 1467.85018732643 1.39664923375346 2.36868111502177
1.76255769485749 1.90653942692163 1.30853785169249 1.61776062247233 0.010881335673516 0.372729472459193 2.61743930212453 0.731164820030827 1.55991633639578 0.0320327044764071 1.85518647114386 5030.90229925105 1.49967751132806 2.10157925786073
4.53267871819022 3.24938511107246 2.58569330899209 2.23689568852691 0.0151133793157026 0.625716946878726 1.09912988455496 0.756055622522 1.56729392015308 0.0149295140650634 5.56068313960998 755.196336598986 4.42967766286351 4.06650040049724
1.76329870225946 1.314725559735 1.15656093023246 1.48172975333818 0.0103220773543791 0.533407003194333 1.25642752412378 0.871168981457591 2.42154695951492 0.0304688203487018 3.0007839990555 3897.69715947864 1.73757660370892 2.18290824391347
1.10315730212371 0.414675660679102 0.835565248657266 0.440595956838576 0.0142203631088294 0.273815296418256 1.02969001498056 0.371696462674137 1.12283626298392 0.032035740367859 2.83802876185662 4084.48161987067 1.17965239238824 1.82879668369796
2.86976550889146 1.79745888152612 1.54012733696459 1.52868440371011 0.0160248556149444 0.431278083160046 0.605607499185196 0.384203879026315 0.819375484591193 0.0479424335925198 2.76958919385005 143.440072507311 2.37634484629004 2.02783945846873
0.709630475605536 1.13262724632886 0.617631884763209 1.00297647182428 0.0117825221572696 0.378523230226317 0.664580821416915 0.508371486204859 1.19607241305526 0.0394205936735218 5.81268002989019 614.367717864332 0.892605538057525 2.8635315668703
1.85359608264653 1.64882601982548 1.23143236924191 1.53380033412606 0.00822029965302396 0.703427524877632 1.07814348355279 1.11226047014847 1.44088472022033 0.0225617009632523 2.34175245742536 63.7811062223371 1.54546513590149 1.53630711497031
1.26885466385702 0.81648704078394 0.685776673194438 0.872414203238875 0.00677448228558229 0.448530008228454 1.60199915054977 0.313280896183551 0.918553297538299 0.0323652581384068 1.69413601435281 431.669549605842 1.26738746070979 1.89234335999264
1.40766357125731 1.06617407084549 1.03599958873005 1.05209388047867 0.011949348674247 0.869691038572295 0.988009650812471 0.877508205194413 1.11673384414864 0.0012171362515868 7.45309189457826 0.170811727444611 1.53464854456428 0.845166194837064
1.50184133884599 1.18587694296117 1.38699685903921 1.26392699036151 0.00762254669620235 0.987736683287073 1.91787516302895 1.74080644417372 1.38198272807062 0.00258583251751149 8.30649215784731 0.228483472175716 1.67607599449533 1.78131882822343
