0.441395779615297 0.850298265997814 0.280493419713611 0.190270077322493 0.00793109754864318 13.0495221814012 1.1506662993272 0.759967082519416 2.67186589847949 0.0501461277271369 1.02530804127034 0.27409611846732 1.8686890130145 0.360195493132346
0.767491573188524 1.33979834995481 0.670609724733836 0.209968959637521 0.00688013535365874 0.527999683573559 0.881776805209669 0.822840273880519 1.76876006147857 0.102475438765674 1.63659568434343 0.761586892657431 1.98635758216505 0.267849500080912
0.582477270660252 0.949689877633173 0.319800467127519 0.182145452630552 0.00505407155410926 0.526261151607978 0.905019394008104 0.730898498204771 1.07780125210016 0.0782400731041559 0.934696671675408 0.318869150170989 1.40860796316452 0.46144657977737
0.513516752978 1.25188553760633 0.453320936115897 0.189252763757249 0.0131721099001187 0.441374085414309 0.630376008959526 0.585593848426214 1.04847594290327 0.075403944325579 1.05499860140903 0.42536554498339 1.5445771462643 0.355427439166905
0.859210068812129 1.90239408331213 0.75345631120496 0.277558921759337 0.00795780950034376 0.858891881992831 1.13120744061784 1.21949800860988 2.35384843967759 0.0952687838817146 2.07098029819948 0.670041087639727 2.84362121842047 0.367478895566464
0.555743054067666 0.769126403176342 4.26904113761671 0.0855209686485991 0.00875863562088156 0.628707772086025 0.575950341745153 0.47089206000352 1.25623321318896 0.0968218855221852 0.897578920201971 0.310194070936329 0.95770239562445 0.252833117935728
0.675164009786941 1.00727742096471 0.714006098765565 0.140200019640274 0.00930952888929119 0.662560406724502 0.704665049309229 0.734261008124159 1.48338949227982 0.0661637642483802 0.890352501202343 0.341964177918022 1.17751819101513 0.257316355164072
2.24679256423519 4.53396758267353 2.54941590912956 0.62865781608167 0.0544608655773835 3.40549973198011 3.7112008214035 2.73684225946238 5.33129774091325 0.0670866986334851 3.97024023514063 1.62036215796085 4.0523458829441 0.443814294749878
0.73966491765594 1.16291718252361 1.02319373049306 0.29206282134865 0.0615554296937235 1.10018335227319 1.11331950063179 0.898319268660986 1.60505190346994 0.0488744730684761 1.74858615951305 0.881661519997011 1.974367859813 0.265177261221131
0.734935843138969 0.890025657131386 0.669293314646361 0.0287303431529911 0.00920093719751791 1.2109522593892 0.812453966865349 0.744295777273993 1.39553697314634 0.104487038738546 1.33986604269338 0.486773388800731 1.33527802494358 0.382363481511768
1.25782428334509 1.09135128941842 1.03999063185468 0.0304363885913751 0.00786861901451161 0.343965635005534 0.788291695485128 1.01845927734183 1.75455168312564 0.0593760005959815 1.19988319470468 0.727484143399039 1.69245283761065 0.307160954944171
1.0282161579611 1.8613206019312 0.707799344714645 0.0285261695337268 0.00947353486971302 3.80288738221512 1.32919953350181 1.13508471240743 3.44436326871778 0.0412942778671328 1.80056798143368 0.630747475903504 2.38848590399774 0.310566106425433
0.43984411035849 0.718181690051728 0.430036374362125 13.9850747151526 0.00851487725494679 0.333967557747058 0.526414553444817 0.49939376429167 0.72919221778807 0.0434924314908121 0.52179471746449 0.353774842450798 0.604299600718191 0.351710941403282
0.40147629762102 0.776632431419057 0.638861287561208 12.7754372149441 0.0084425085505371 0.532361131077548 0.932612228439562 0.67142820638444 1.37081935453067 0.0391517891851897 0.774553099433872 0.330554164644911 1.0141389789963 0.496723503969323
0.327214703007077 0.735653535318255 0.198136397068729 0.10000987614456 0.00499498688084354 0.504387197372335 0.853623341329407 0.592524354252742 0.933086593282803 0.0620565856093149 0.667539320044516 0.295045093959504 0.976479270279257 0.268092624099483
0.248069186598368 0.246791127270914 2.73999867189939 0.200528010173724 0.00769636859861329 0.153623378057673 0.158365063384598 0.226446996096138 0.183509316474559 0.00499481362656011 0.859368758511805 0.128315817928134 0.34242758319099 0.430889612860964
0.282798120486621 0.322511446199174 1.57773667796261 0.18798845956039 0.00684132349704378 0.115292265451496 0.200457326723827 0.236942281547163 0.123020629134811 0.00576668629960843 1.40042125780873 0.164883158474911 1.0732071417421 0.358240658458502
0.553895436930708 0.758626590337807 5.28284003041617 0.453474731149107 0.0083065742098433 0.158487623452896 0.225799692132105 0.331389697329801 0.309424097345127 0.00858185574449697 0.342194293461208 0.209881260057168 0.838750527709416 0.302096087122082
0.230850561533167 0.188971809452148 1.70827435535898 0.294611028123086 0.00721111481843204 0.101636158838774 0.137937966369851 0.16589571659628 0.146384427598991 0.0131972258429755 296.539083588136 0.187461373730455 0.429682726261629 0.328149396716103
0.329754806169171 1.4194742586317 0.944557692450238 2.027753823916 0.00493872979580435 0.197577100105211 0.364026867252445 0.59991028524969 0.213563538749396 0.0104366692140608 0.518993179568378 0.207983590701918 0.432335645538589 0.845898618512755
0.343994064312782 0.417108521622905 1.80674828776526 0.413096117933121 0.00603868497783954 0.115349376576552 0.190052096155746 0.318929834393271 0.17760965051178 0.0191969634984904 0.653703548741285 0.21760026430006 0.919636360602885 0.507104157346223
0.230410377817677 0.210292134615056 0.444641619574399 0.387909678634484 0.00422845746260951 0.173090195898138 0.223058322702766 0.287148187719968 0.442158114372338 0.0246320441488455 1.17921236146148 0.459617593055541 0.359466675154054 0.47620324744241
0.245659262907881 0.305817962350051 0.567236271594516 0.252549353242547 0.00445926198634246 0.185720042540073 0.293343338994612 0.446245914926548 0.434018503774165 0.0172166599718209 0.606037952899575 0.204814437742213 0.463489486029479 0.447307673257569
0.255405377880691 0.316826477850033 0.25513048192768 0.201444499369011 0.00761210639877805 0.0751925299580669 0.198805429015179 0.326691749688609 0.183249548277955 0.0142909676610495 0.517000109343282 0.129085225675224 0.189385414247706 0.262416867045986
0.323926393209323 0.34898571784929 0.297474893292576 0.22638914931661 0.00671138365358422 0.0944067083530563 0.183122269924394 0.247304936629267 0.184277483346541 0.0152461190358738 0.281709633003836 0.169895776977846 0.275082804973988 0.263520221812444
0.34665840728113 0.283858293379075 0.243532056838666 0.301842193959967 0.0127126262836706 0.125985703105917 0.173791906749762 0.416234318689612 0.275554838302262 0.0178070556139261 0.787731766571035 0.197987615432366 0.490641242865961 0.402831823805135
0.354337623666067 0.351650753787286 0.520861640319451 0.303349259189306 0.0110564534944472 0.166275811838594 0.169517564806907 0.319476389478212 0.333685426037882 0.0173152798970848 0.516979027161474 0.162653321806387 0.651838397951652 0.19578339524357
0.205285100107028 0.251446184537957 0.783984688166926 0.184957400449899 0.00989085563202748 0.110243919954276 0.111701763860427 0.225336841800371 0.168904447618216 0.0134468706145476 1.23358059720028 0.126144584893376 0.304118906100806 0.844265720271365
0.228389812150931 0.282449889502826 1.45436484469785 0.154945569127643 0.0124003740838045 0.0862574760208872 0.108276571170063 0.203614468628885 0.142542502023426 0.0188484844600162 0.177072030078285 0.105285251301106 0.357361408832019 0.288413620221252
0.362137231334 0.403316148393951 0.793026787445316 0.347879691412072 0.00822242840411986 0.173619600491699 0.219575982885401 0.395239941440181 0.348600371001214 0.006678126367434 1.30101553632795 0.288599080187618 0.462479201629067 0.49932909674434
0.226418959527343 0.413892174408383 1.23009314652414 0.243483421618164 0.00981331556594352 0.130424202273546 0.187911720641455 0.297454676652777 0.254163025173987 0.0104415464380867 0.943288032282073 0.174747546884225 0.592789931344125 1.03387007721348
0.333259457610876 0.172044454221631 0.313662160481988 0.107921023664228 0.00990019263779719 0.126853055035117 0.176867267366986 0.365254501715301 0.200566228232983 0.00930017552837695 0.890382838585563 0.149901003179784 0.44578424235985 0.635641794254586
0.134611352874119 0.196887232345884 1.63496572805751 0.159523578493385 0.0107940278175694 0.0848992897094882 0.175859367799833 0.198726878524975 0.149594595738253 0.00981731055982795 0.692826703242188 0.103271371273414 0.304916464124756 0.498559226806825
0.788163835632906 0.952931189661069 1.21707146651851 1.58245337785089 0.0157272856865244 1.45548125155773 3.26122528941064 3.80136817077668 2.43053661878444 0.0193864654339414 0.632124942929479 0.0698977232823393 2.0258190919197 0.0720369709162932
0.291186929202815 0.345087279843287 0.177121219439369 0.269876310425298 0.00793313927004978 0.277129535082109 0.418023174818068 0.753985927272018 1.00054183641753 0.0229121786951315 0.373315976290486 0.238602976937745 0.669965006141424 0.0572106334055425
0.522260165700837 0.557169699301925 0.319390848138427 0.444960138408638 0.0157002488582766 0.554435065859681 0.440713510756332 0.826831999548071 0.936762118615014 0.0130066507201824 0.665032081361333 0.381616025892057 0.910548894221334 0.083210549298136
0.404094409143136 0.367094477317828 0.198969408308267 0.246224487971785 0.00816784604671468 0.261608045890675 0.459469396924848 0.802611820085282 0.811996455653176 0.0104437959833186 0.535143430773253 0.383939846828106 0.76474571032027 0.0941914818156456
0.554315666487271 0.534791315831636 0.249850929077831 0.489486233629342 0.00727622963199093 0.39835039547909 0.390917888677093 0.491951870180932 0.763508573900118 0.0043762967885384 0.495362696329513 0.34028830725241 0.526338156728536 0.081247360720896
0.482644232842994 0.460908391465148 0.248530059578415 0.401594530586497 0.0107328626347671 0.394939676794938 0.48235007841098 0.828194503095225 0.863882583838929 0.00403752837909948 0.733806198308412 0.340777538711483 0.838836929653349 0.152020291764123
0.54102340284442 0.718988039132221 0.380308154776082 0.631141170949142 0.00948090032213549 0.51910169654763 0.919958010315475 1.87171603038739 1.65510796552359 0.00406178524746535 1.02160539257425 0.538177266898697 1.07345057138427 0.127028579591243
0.404288907543165 0.526497825909544 0.290306248483562 0.429493996450097 0.00964117508129306 0.221247662585504 0.30639615900626 0.52181841902201 0.633192227391619 0.00855401945547898 0.513189224943452 0.339260415300683 0.635748098088865 0.113055199721947
0.525317318751305 0.672102797315119 0.41393166273084 0.490314897613106 0.0115024394373236 0.28978867574517 0.278213709161287 0.4232462229794 0.699225559540144 0.00295112216837817 0.615000613969703 0.470140949319916 0.685544348751282 0.109041790242667
1.48344860932801 0.606592906526935 0.433244341885556 0.427136720518612 0.0148811190397367 0.506849206700412 0.708047245707098 0.970727448576832 0.52625117026804 0.00290644712788876 0.522856958002414 0.365969571318482 0.693934882530286 0.255744010604669
1.01341364018806 1.10448242630695 0.625711102237503 0.874058410164548 0.00700101385972927 0.755638722711682 0.891314786916394 0.926919018862433 1.34588137735416 0.00222054258427369 0.788202906561912 0.57544992219253 1.03109837879507 0.206688357412464
0.59460164296043 0.659754356828699 0.352315334179118 0.564531458965615 0.0084224185172801 0.661536363322372 0.732422594460813 1.01480611148411 1.00918868895706 0.00456805192232305 1.02246606868708 0.561735535404643 1.19951521326635 0.114615372825385
0.308378452292471 0.294902286540102 0.252279665893614 0.218094804512111 0.0145915852002091 0.172643100932981 0.357913668321913 0.628574259280895 0.744047804532683 0.000941616398319476 0.539787165665896 0.307296372675923 0.699083047239741 0.102017815749122
0.282361396840514 0.412617629307835 0.254660753490837 0.315783182073192 0.0106992235767801 0.248786783216076 0.189146903646016 0.36564692888515 0.44090903664949 0.0108918040956097 0.286243610641267 0.204961684774285 0.388338003734801 0.0425553082703995
0.751827251958242 0.7595553375568 2.25930659333339 2.21496195029971 0.0481000361456996 3.62473816153599 6.04630162417936 5.9261414938777 4.37041534711908 0.0263800980369793 1.42183502855781 0.167040028678232 3.92145362813784 0.109304672788178
0.954381574098983 0.565786721611037 1.82427717443108 1.32264804529488 0.0282628616129743 2.33602719718392 4.32886353363945 3.92993455302586 2.76266968850436 0.0234550524881354 0.795234242961291 0.157682600297003 2.12202538337838 0.132768229550758
0.69635506422712 0.389790163063881 1.82402821582738 1.30645445067843 0.0375472877139767 3.19415909868843 5.0831956995644 4.17635518870914 2.52495912919231 0.0240503401332721 0.486517131010205 0.166831891907908 2.18664399226943 0.107222105071638
0.540889024225126 0.414849830062916 1.53628435415834 1.7781671851214 0.0563850125883967 2.32928960364289 3.541740407867 3.78174974655547 3.45800585895355 0.0302184571507854 0.50666921699985 0.124765469618726 1.85582556681837 0.104385424556778
0.646961820939508 1.19886277924361 1.79488682269131 0.975690507952859 0.0282830134592956 2.75625895657806 6.22776396771006 8.35779987950296 6.73039844110128 0.0306565522955719 1.20993374844141 0.140635389352407 2.54963116298865 0.132373189237186
1.04366053253684 0.271280716761705 0.195377040533892 0.249800453920041 0.0108600534927703 0.120835768550433 1.0707755571369 0.29228014052756 5.81171388598663 0.00774001083451879 0.267518122101621 0.135878833821098 1.59601476488637 0.237272759183722
0.540608083935787 0.384945256794217 0.128680468000413 0.241799591275558 0.0246928180212891 0.231074805339974 0.838545384631546 0.180947162164843 3.86422135506502 0.00870325492393391 0.396347679383361 0.102170333713182 0.942260121058875 0.336233763086013
3.42038952703019 0.970483635466764 0.503322189991793 0.705570165852226 0.033110589886647 0.189902047956449 2.76058735794711 0.866243299403769 23.647718476963 0.00814798202422502 0.991185099681817 0.500537140479952 5.67627843530407 0.851608616461931
0.493870100831079 0.207054853002625 0.135107825074115 0.173274552297012 0.0269123778303129 0.12733489755708 0.594248935153123 0.368658422188309 2.94140155333915 0.0088825921197504 0.396658103932293 0.146035631456999 0.726319258090968 0.52519708528878
0.367513568900588 0.28909298768819 0.150754563809451 0.398884906949139 0.028342814581417 0.0906732948039471 0.623202044644885 0.238701832639803 3.93350140403943 0.0109339613179705 0.259573862538289 0.201588869962651 0.94408088539948 0.522340871606356
0.369826978077962 0.144176611908525 0.093781839966112 0.144727610327425 0.0453392883174368 0.162973638829965 0.709992339631751 0.0970086155250665 3.10378267802593 0.018989276003029 0.281279354921096 0.110201154169088 2.99017791001591 2.35232703236406
0.781870425434537 0.58559880430988 0.117672042565124 0.294027338631786 0.0234056344986044 0.123574667410844 0.525384411036406 0.251260816877697 5.41032125611833 0.0127399160344597 0.275061037113865 0.113349145186084 1.46134873636563 0.244157808188268
0.569329213951073 0.148977189608658 0.103580515824052 0.122587449181972 0.0196314683699498 0.128519177996769 0.419087787120694 0.448610204434291 4.40968962014453 0.0094295368149819 0.241619684881585 0.121445830452731 1.02211181862657 0.114446786981245
0.754012029792786 0.248130562772317 0.193881060170704 0.228101708987535 0.0150890648429031 0.163976150921533 0.849352964839827 0.126962315256276 4.74407469251909 0.0206559553126702 0.195129197555928 0.104889073817045 1.43397868555181 0.311046482432515
1.04850009927672 0.199915761467372 0.189266372292299 0.217913695238583 0.0201973750166894 0.155267790536222 0.663132895349977 0.365807432514136 5.2665030866688 0.0159557864055441 0.276498941942955 0.180005487313634 1.53693341397066 0.199024238683785
5.12495194778278 1.31715267919707 0.925274324903958 1.15941689570848 0.0163813505684296 0.317434920794625 4.57430514480333 0.839462252929836 45.9786129971637 0.016608839301341 1.50966062512375 0.636767317317626 7.4126880575895 1.6532665851569
3.07629949032499 0.999594339787703 0.556395900654738 0.585049018770877 0.0259964573685593 0.179120820980034 3.01557263487269 0.731564808667909 28.9735608653924 0.00925014063716505 1.00047484404827 0.426503224151855 5.29876967837897 1.03923518955291
0.711448041722441 0.266113513830315 0.129072721975811 0.277757610631945 0.0303413830032454 0.0867980448162417 0.751902176142287 0.218905770469156 5.08669527378086 0.00644825549639584 0.243285978485196 0.113190879473778 5.47095741283426 0.301848976165348
0.667532645337909 0.191903134765069 0.211956947000635 0.130411920988857 0.0134856012195535 0.0856339705085755 0.78855864262649 0.254237916048319 6.13312974217004 0.0176790302689222 0.286477297410822 0.165470984824311 1.20824873399837 1.10297750144997
0.705482940001245 0.269944792624442 0.147994416069682 0.183133936999313 0.0286387237496559 0.101022861667686 0.734438977963981 0.302599516984222 3.19993032302996 0.0113777838961252 0.253588074974238 0.0570071292385897 0.836120884293293 0.418182135440719
0.718561799946918 0.18493590345903 0.166053386283931 0.201736724228093 0.0194867859095913 0.0763557515779456 0.553358433609112 0.306768915400225 4.67425390087273 0.0179043585522495 12.6333977119628 0.0822281659661174 0.91144098324713 0.286119439457621
0.276825729705792 0.381130246335159 0.186055016533657 0.198938410099101 0.0135762129280237 0.0641884372127973 0.0585000476576136 0.0292939525919669 2.37169294615078 0.00564047377005482 0.387559616545191 0.107588809964071 0.377028665246135 0.147421354025543
0.376742087678139 0.479510906522784 0.342405114573531 0.431109004229007 0.0110872911964414 0.249608280743169 0.323616625744405 0.103315386416141 4.81551765028267 0.0153033350813554 0.535923666562525 0.20703267793762 0.47785032655796 0.0784772693064834
0.236725374162676 0.141285291058932 0.153121986771286 0.168005718043888 0.00701908994278248 0.110577069335867 0.0631350893327594 0.0340356175451056 2.64080268431494 0.00682669360028933 0.302122836135227 0.0768420478454819 0.407788060695711 0.142535380607498
0.206689547431965 0.168365950373912 0.119461917576557 0.259620482455285 0.0112239113334006 0.14277643283816 0.087555097139682 0.0371853333503902 2.63452329941887 0.00923243777098468 0.188382949452056 0.0841376185127845 0.238721792656311 0.29477167066211
0.133592594295696 0.114357123559441 0.0957273974060407 0.138762759552934 0.00573883797130746 0.0533814405258566 0.0866102809755264 0.0216007214320518 1.52021812489934 0.0110283672773052 0.287891491139836 0.0574714019304387 0.22606804377694 0.172695023543533
0.136701330786934 0.103946606955465 0.122989688502961 0.169623850769348 0.00540391693386945 0.41269172613267 0.111135705007856 0.0276502198821284 1.5184654905004 0.0145169717489259 0.198487132567966 0.0538722525299202 0.229683994932264 0.352404254423706
0.199353034707164 0.162178835061025 0.212168606539168 0.217634526359079 0.0106293065301698 0.093360093991283 0.0500486504070325 0.0530947270705158 3.33531119558423 0.0134028353702369 0.326163947135287 0.105257195093762 0.440817138615678 0.153246211934518
0.335394100188319 0.243303656854456 0.217977429695872 0.261719500991866 0.00575918345874033 0.257201045695952 0.0677219641457382 0.0345619128170294 3.95975430652301 0.0116554603014849 0.263108204804351 0.104786680852045 0.520232529013175 0.202509086838924
0.149262880589817 0.409739271896888 0.0715284500341887 0.160621269903791 0.0122934333790931 0.111619982751395 0.0907245919307025 0.0221069509756694 1.33108915549856 0.00706526932393069 0.118239263113551 0.0445477125759469 0.132021030839064 0.209952874035131
0.215161528379098 0.215041606475425 0.121754742814168 0.205500644521172 0.0142475399088578 0.105240516097858 0.0826040949183052 0.0565193336906034 3.11080655309916 0.00827312483738842 0.253953030278766 0.0720718404208396 0.430489601150059 0.209504089070422
0.387110951464708 0.370914035872198 0.202575452992528 0.245848390429573 0.00934544582169371 0.349588109946854 0.137707946541975 0.375937234361734 6.29009627430557 0.0148901470111064 0.387468081742235 0.113551372161498 0.928632666446464 0.28604796555172
0.226380654316682 0.139942578830906 0.172455096848594 0.147921671689174 0.0102224969550747 0.237448026372773 0.0454963305622342 0.0403857388849355 4.51074623453272 0.0135822373409245 0.228134193192986 0.0926998244346953 0.680984022559771 0.219202909912635
0.31908108634633 0.254987302235403 0.225532800329212 0.283520322691584 0.016807727057626 0.12386394022893 0.115050713476877 0.0564370805530039 6.17604172895595 0.0132913256154995 0.453752206937484 0.123722754776891 0.963230233687048 0.182626756494384
0.175457638174078 2.7143737970512 0.148705442528984 0.323991350210945 0.0114575263046132 0.139845563640568 0.069922954131713 0.1133505577523 3.38566487372216 0.0249142385796739 0.165951760885838 0.0869327578696298 0.539410702956586 0.266700462616981
0.276406701653644 1.48276983593382 0.267707333769046 0.285227912730729 0.00913894239367507 0.176035101743281 0.0719162961024961 0.0533118232997447 6.06052767475924 0.0110487229359103 0.32678735310031 0.128862659967598 0.960011242670246 0.187791611434444
0.142285704707355 0.303351704153682 0.122235460211675 0.138312829401901 0.0147240064850221 0.106508113305259 0.0622952931451761 0.0879468546623899 2.72647622424426 0.0125891093637567 0.118551603199166 0.0547494175773932 0.403498939079201 0.222668728726874
0.123337011595332 0.0761023013823063 0.0656360013332616 0.107661071516342 0.00981977608996095 0.147962740542561 0.0629636629077433 0.0505298965852018 1.58142761805208 0.0100524257376217 0.147273811968647 0.043157496580985 0.294717867194075 0.0745995862672943
0.27338619747695 0.261369690881783 0.209741393711148 0.196088213363919 0.00720287624337776 0.157699907754867 0.0618910836605246 0.0399279120862046 5.52099593972648 0.0113885468474969 0.291068383031721 0.0966290208966217 0.777772854838424 0.280152275676053
0.221945435440078 0.179620972376471 0.174806921830087 0.189747563608963 0.0110745878459915 0.386966297643836 0.0571206103784742 0.0216628991145527 3.58733741449018 0.0111196278425253 0.325638710043744 0.0616719647610477 0.636369232054083 0.172605834015637
0.243065551246979 0.151492187961933 0.118393538275119 0.204290328455408 0.0175183514776397 0.0771471507301886 0.123131743583965 0.03422336123409 4.09816253528389 0.0119644430388902 0.190272651562313 0.0774943168317767 0.506709122336637 0.0921278947615437
0.137067956835791 0.0907485473808307 0.129898829105754 0.137556096065754 0.00694665884554445 0.14506705337663 0.118653644339693 0.0210240891270744 3.60399926749888 0.0136369026173579 0.171416984476813 0.0667744303246911 0.481529784372976 0.159688432148689
0.161127976991752 0.204952018348719 0.132056405183911 0.188461643333503 0.0119501014066537 0.104663962881874 0.0949586311749177 0.0296343285002604 5.24051461416128 0.00773540361197737 0.284454553321372 0.0888854375253466 0.54683702374017 0.25465959653618
0.280296784363767 0.205908019333561 0.218598757525938 0.263075019336053 0.0144911380840519 0.0925268044239387 0.0534495947731474 0.034906146633352 7.39384540044813 0.00527081952205439 0.351229512928189 0.115186389572696 1.06550629143374 0.34347313973504
0.437852181408579 0.310933015202489 0.314311300746514 0.358182795919711 0.00483006154532923 0.137717506551433 0.0823037710861678 0.0468013216095517 8.4636592622893 0.00990395232350658 0.459350232458895 0.11607775108838 1.0672309143565 0.489933000093041
0.257066056022087 0.234135299862875 0.159452239164901 0.241569841686544 0.0087502449180459 0.0737365076149715 0.0575626572026191 0.0335904089660138 3.77868427430899 0.00900975179098822 0.389371669613881 0.0688132097285906 0.609788023590142 0.218523328349692
0.244363652550484 0.23521777011679 0.22403577088749 0.315605448936612 0.00673291327180764 0.16470034442864 0.131469027684181 0.0478747579315537 2.5187414129887 0.00575332924704657 0.221549165633071 0.096179359908678 0.352840748570539 0.115197595460877
0.23106345495386 0.159745845265337 0.142061964543523 0.162783616762978 0.0129091958049228 0.131192118980952 0.0565468503047202 0.0390924514125346 3.81095028471538 0.008773129214413 0.203374960256495 0.0685900916321495 0.500929486801401 0.136228018782742
0.323592522127488 0.245326755858825 0.250353541751808 0.270566789709646 0.0105830103241758 0.287507205693078 0.16078332228853 0.0491449331530272 7.7231149762121 0.00918125877029521 0.38927855734497 0.129616015297623 0.977461198956221 0.0805440864654809
0.145055207657822 0.14033935118203 0.0969791545636936 0.118579340276875 0.00569214533584257 0.0931801305861608 0.0724888613640142 0.0403957726128316 1.10449485151005 0.0066837168165842 0.158144836816756 0.0401649312675845 0.184891087526644 0.258755972245107
0.223075431937 1.75187101938863 0.17322490427847 0.195672847599591 0.00803681190825973 0.201014698059261 0.0438015528763138 0.0267696095592021 2.29315701277395 0.00737543738383226 0.178191047590957 0.077146578921889 0.27435005029394 0.104942923550147
0.222336302027967 0.306958198786218 0.223722218211414 0.257331608828828 0.00822631307873713 0.228464067798831 0.103691792047883 0.0462910585455494 2.70006730660711 0.00733171380388214 0.290098800565801 0.110550306253289 0.2914618939977 0.156778361658525
0.303340750242987 0.280547681626409 0.239512374335616 0.307290537029601 0.00923613088797275 0.0827440826735382 0.0773977085863641 0.0270505581331856 2.72005962404172 0.00507197434199935 0.271792132743694 0.0854876969361147 0.342149459730675 0.220294773678745
1.53998574960957 2.89034653434951 0.240050747077566 2.5839176607822 0.0225518494134977 0.48881290807476 0.948765706633242 1.71822621277077 2.39405081939839 0.00796886889070721 3.07758756443734 4.05938944604864 3.12923981817655 0.918702915634138
4.77934793169552 11.349976199183 0.68621490024286 10.2651917097588 0.0195339782156711 2.70143053652918 0.934684814382904 1.28133999793145 8.46223494146224 0.00484392010563957 10.5083654182823 1.38792483138153 7.83089222196004 1.57340662514253
4.3576820546337 8.54879883367215 0.455268065922944 8.54307673718915 0.0155983658254106 2.30723342654951 2.88022186249184 4.1828506276726 5.89536092100957 0.0093342162875017 7.88874478046752 1.0346809400272 8.34761593788144 1.6848400527063
0.682350615019403 0.983098425101086 0.105218604439706 0.937532946906534 0.0124657297183259 0.282497764131313 0.208710511888113 0.905157839473927 1.23519689130063 0.0121625232229584 1.52361337231239 0.572646611345202 1.77004578310714 0.50215493829366
1.78427792323854 3.56883075359039 0.172486383727325 3.13069896722018 0.0160525287434668 0.75701152763359 0.680720175047366 2.25611575336055 3.15835047197286 0.00592909858999599 3.69401175506026 1.00827875262581 3.70084745400866 1.47485274384052
0.561391325973294 0.846764476545097 0.132541922749214 0.665272927331567 0.0125243248946703 0.141901831276326 0.910511915786372 1.7454085718632 0.593788797119701 0.0127802117452423 0.758979413073721 2.43538996044494 1.17530934013864 0.417850250145973
1.28194022591039 0.751909695764617 0.225846891685241 0.649171597172466 0.0208751479707351 0.124416260464888 0.656685085555188 1.03710162273217 0.473613868784175 0.0168300357356277 0.714728872765788 0.530433089298647 1.4996774362336 0.501694256657017
0.248857886900646 0.234196624064174 0.184226136112269 0.12087883185106 0.0150070363634606 0.16477303655431 0.145627595307944 0.237965654630405 0.04541854825494 0.0110045508887295 0.0680572244797248 0.132829328154691 0.157631090415462 0.0514033616707718
0.24750132083 0.24170717472023 0.221551133584581 0.170533999294352 0.00723758883301262 0.108304488064185 0.224913289631918 0.154213963797004 0.0815763201182138 0.0074266550490226 0.121709402453141 0.186412275282887 0.186642716254636 0.0442377767849012
0.696121580300647 0.505016293180821 0.522839909685133 0.331017925783981 0.0101060633628399 0.308019044763714 0.557609161029588 0.222347412938754 0.0998561485291085 0.00313060752734199 0.239989196251844 0.262713796189764 0.642143631996396 0.080595200289048
0.487400006196997 0.427662040033671 0.445168079511311 0.256462526563695 0.018125641182443 0.0602586359084828 0.206215122429514 0.367772048367632 0.197024053514298 0.00531478656666634 0.235839816312077 0.422337826217796 0.610705406654848 0.0439352986052487
0.204663136250821 0.227661867809572 0.232376054682319 0.130372153643859 0.0129953449236043 0.0477165415784575 0.147362990424102 0.162610847987556 0.0627457879904107 0.00429810807204762 0.101832558317585 0.112462106629201 0.336217765083679 0.0377559257766366
0.23787690068348 0.318873897074577 0.216027036064677 0.439083414145477 0.00850601161674777 0.111740295366572 0.171751995126581 0.146649075347776 0.0980362235140339 0.00380165204054671 0.134927702863399 0.131011324724535 0.354225626955907 0.0361054631361001
0.306198331363826 0.345035121171674 0.33299425194309 0.278924453865289 0.00625215630012313 0.127187075684375 0.307048147594689 0.201796637046001 0.111133439870721 0.00386947162387227 0.137251593513519 0.161459738966485 0.261661425916283 0.0214828117488867
0.418400598194152 0.383861860931715 0.384451816123873 0.365799937382488 0.00624930535436219 0.120854680858825 0.310810124524933 0.236518555830424 0.0939320034755597 0.003839079196494 0.251322189456871 0.221377048453363 0.454621808495051 0.0329225828081951
0.290799586430978 0.264955496295567 0.247396659556931 0.178114965797304 0.0119898261930498 0.0819219969274292 0.224665964106283 0.212522479264513 0.14334004863845 0.00516935653698533 0.127411639191167 0.17985276553421 0.289698066891872 0.0289171348770746
0.278608658059226 0.228255062948097 0.310354846773037 0.196758734939931 0.00795284630307105 0.0601476575395457 0.108307069872412 0.129122348475829 0.483363186382654 0.00318377518090753 0.160632975045955 0.151027479067669 0.338787872319035 0.0378036443035872
0.272673087763743 0.458917020289756 0.307591893778048 0.243700770972804 0.00622280915151753 0.248254848055409 0.228468080260515 0.283369889046642 0.115102810412955 0.00182454137906039 0.136732217520993 0.17404723509981 0.45725872834403 0.034385588652074
0.489780686214155 0.370633326816225 0.392334030559264 0.194106399987106 0.00691669960190956 0.108517258814598 0.328766800086184 0.309193175881584 0.110344434326058 0.00363848240256355 0.217322788423809 0.225911929966023 0.607008422766234 0.0232141441149048
0.368403231727735 0.30421447483797 0.387017240837175 0.21178315577976 0.00795272315639602 0.133426617957957 0.238570558487081 0.280125723984656 0.125388962638744 0.00368171138159933 0.128169571858522 0.179694429809513 0.271295330214795 0.0319758434420529
0.288037802150581 0.354156907995131 0.246556066353878 0.2136099101439 0.0103240886010579 0.0559555423283909 0.168338445630802 0.179881245561635 0.0966047502210467 0.00395509493708161 0.13602692644719 0.164904581290759 0.380191814036804 0.0284494830016243
0.425540094847119 0.313340130601927 0.38350643091877 0.211683510812066 0.014076335879417 0.170205256310543 0.190376845488625 0.231595962590283 0.123387970604895 0.0044387516294852 0.184262893921288 0.22902268669256 0.551057344229763 0.0366591367959527
0.248460295788869 0.149076294055812 0.244408159075232 0.15667546937014 0.00549442307031064 0.0389465803697557 0.221529683355512 0.265705849877915 0.225882743962182 0.00292330826080769 0.208687410091382 0.106131551157148 0.136267762404464 0.0378265032922548
0.401231225016917 0.297539001515166 0.318762294324842 0.311256284581457 0.00646594571939252 0.0989895055506088 0.26263954418612 0.242497452423569 0.0941125215720592 0.00320338575655692 0.10932164439378 0.157210901544943 0.305142803661504 0.032080379463495
0.31438659077147 0.181790268772478 0.26508085080474 0.169257131915104 0.00905954079837635 0.0709064833402942 0.287183289040174 0.32760333075384 0.145307878357886 0.00754131597758522 0.173245690826712 0.17930219144464 0.391028266508858 0.0357245136493345
0.258444720686977 0.274123899272489 0.284535743322384 0.204036882994233 0.0077145815319957 0.173417869048789 0.301544543254454 0.302647396952427 0.144633814283292 0.00171277834601126 0.185542457295541 0.182324113284528 0.383537843688692 0.0352007586792214
0.484407713471618 0.40438034228071 0.696622858212102 0.278537968401763 0.0125190070914591 0.113902111725756 0.173003591829385 0.197154478916885 0.0959796411413475 0.00293673736374557 0.407023133482628 0.259318736495391 0.782402943004181 0.0311421280993355
0.238116826394717 0.247298642442089 0.217918365477708 0.172247507313997 0.010158596032952 0.442420829023306 0.106887370379138 0.155367287384841 0.0892358520391771 0.00607936687980824 0.113759138686527 0.106537512299781 0.258552010173459 0.0373052351127184
0.203123942512067 0.167193553392643 0.203249139476852 0.137029735674341 0.00722078747994654 0.140133792417695 0.208188640409284 0.200779289959128 0.0860355391163464 0.00624063595978881 0.0843801813133392 0.105691460421204 0.216365802457919 0.0219559358997762
0.247926672114321 0.144925531731169 0.148270692464126 0.109784178422014 0.00936241274720006 0.342146134991274 0.112951413029476 0.0837785661416618 0.0478540436573618 0.00840548409029914 0.102086838981646 0.155474072354572 0.247071010201919 0.0211701303777195
0.275864147430309 0.166825544388101 0.286303492259933 1.81129466169768 0.0160426642736249 0.130974896250047 0.180333406446506 0.212285709700235 0.144082534761895 0.00359612567709556 0.221653061510201 0.178536037306036 0.374295477016402 0.0285732360595077
0.631692462017508 0.92485075172412 0.784025392450167 0.755225726243693 0.00968532919845471 0.378783726440421 0.32038541895535 0.547075875431012 2.29721519795321 0.00699337567708696 6.11099711930379 0.373111561659489 1.37811658206872 0.689149882234412
0.592949286566788 4.31786699157258 0.671620513250931 1.26424063875286 0.010181569229566 2.37323908811219 0.0970781593234216 0.292939161796585 2.07850025184694 0.00863818556971164 0.568256303325372 0.24368730533012 2.88614542756278 1.00209126958699
0.661217649975189 3.85643199269192 0.525140571725827 1.12541360920192 0.0105963753571648 5.71922082749165 0.192312310650782 0.440494865485552 1.59686534096456 0.00448974559009926 1.23485184065865 0.206961536131362 4.20350001862735 0.774172532838005
0.761926146284289 9.1887384742237 0.653233409635492 0.637494419756698 0.0117707322761798 0.384457925406145 0.222131152772428 0.27231361275619 2.38342714098423 0.0111813767732012 0.904394816985656 0.313043495381082 17.7903821143235 0.761745243435601
1.49309265196332 33.8488393381769 1.4846948003315 2.30392663368879 0.0159920571753051 179.134095215312 0.956941045848389 0.937908246519475 2.16877876274915 0.00747643127921864 2.31179380543033 0.487534739816512 1.6722068917597 0.410156459180597
0.573511338660731 11.9111229285182 0.490044991591872 0.62187074117133 0.0128946394938174 0.503597997404951 0.174444180612976 0.207406432963625 1.19951336436261 0.00476338797224503 0.437809101412679 0.143183337062473 0.825810873308228 0.316702473812513
0.634370823840931 10.0336552443415 0.693378845573006 0.878698903483852 0.0162291289942286 0.518201894215512 0.329233759872498 0.420347251930559 0.900525059758704 0.00315074298710992 0.740304295844883 0.440909814091935 1.40455750573366 0.456964305606525
2.40162308998657 97.4566070547719 2.38547138598356 3.37132687063231 0.0157077273815269 1.41907734315306 1.13216740617773 1.81511153960695 5.12443669180481 0.005381709582708 1.88687953680162 0.933610131377436 4.3317797978041 0.454441707785924
2.27610825019748 34.1570757285524 2.32895218091049 3.09829696933343 0.00758254574145584 1.27370957063746 0.747034678226087 1.21585875943611 4.61308734924547 0.00448148244747265 1.81239129972461 0.862579913662397 4.81936747234678 0.538938578494437
1.38249464056702 1.31007388702187 0.373315080978542 0.157689535755328 0.0111365905902308 0.0625400350260812 1.28233765740601 2.50323536530699 2.46713862967155 0.040807771564778 1.11425188682451 0.297346898981197 2.23631527698389 0.0343348040420865
0.772284977391042 0.979770116152387 0.382056463552084 0.170296481986144 0.0198116681055339 0.0514348543954725 1.28356794611431 2.5882416514375 1.65977461922804 0.0448359041511698 1.00522879897554 0.205231369652362 0.962514412667928 0.038534909886898
1.17598384409338 1.1035226675491 0.331594924134754 0.144161003788981 0.0107599118105877 0.127363557397067 1.17045151966313 1.90177279802567 1.47010193352038 0.0330923373046195 0.560856992692723 0.161863253746346 1.16811563511479 0.0873394612338787
1.58727599347742 1.55440777280897 0.569000829897978 0.236088941332552 0.0136123861798801 0.0852912437324603 1.56476546196222 3.44665685537029 4.07168295935412 0.00946783619168433 1.3174870161544 0.421970159940123 2.43860803719457 0.0663749940682609
0.773617120748315 0.612236366330103 0.379519170556537 0.076586447340621 0.00880125329916631 0.059104342979423 1.17083358667028 2.10444693229133 2.07814150936661 0.0132842560707126 0.901558826135166 0.181769357425408 1.11634335025888 0.0316643092047255
2.05960095258476 1.56199570197085 0.717823429468481 0.272991211293691 0.0194774645652539 0.136741230497279 1.20850966785782 1.86798217599047 2.11309654749071 0.00922713910270531 1.18167601510756 0.392479657983208 3.11509768419156 0.0859039841549554
1.65667217806836 1.59716662571795 0.706729234847856 0.190959700660545 0.0140466367305996 0.108902753550017 2.06797558661901 4.67391935242053 3.23727308239438 0.00260187517315463 1.02274472402872 0.359335686455291 1.99443348684379 0.0765328262157216
0.802006066417337 0.773492336901158 0.289663765821003 0.104897290838725 0.0214973793748895 0.0541127545017971 0.958423133559415 2.53424019470332 1.92387753666238 0.0274764357308421 0.762912518313264 0.144894643466182 1.33604362666701 0.0585482431589852
0.575784997520573 0.787873605642359 0.228872670840841 0.471120334926188 0.0299656802975828 0.290784930664928 0.599294576011129 0.557149237822455 2.69345661327854 0.00125102220335388 0.767297275178097 0.479005688274274 0.954590496977062 0.0947966714225678
0.711775867812204 0.816968812414479 0.244533040162626 0.409535250795134 0.011060079339133 0.139044777321646 0.435311754226438 0.838115464535706 0.750220666956979 0.00127690576629959 0.806662480896361 0.568323991535263 0.930427207164803 0.246278624434251
0.326333455715236 0.280012524293855 0.142689837696434 0.339323817882213 0.00723233505058782 0.403766553861464 0.494544139101866 0.936122131024682 2.09435978164771 0.00208193157815022 0.833163325122173 0.359471981136977 1.26982157744951 0.214361019407304
0.280411283241261 0.656452456888598 0.170875029767132 0.533616917854704 0.012411894074814 0.2000501052008 0.46542625056236 0.462599478599238 0.48202257828627 0.00204719632168131 0.423803942967291 0.295973993105527 1.67093827589025 0.140078487085248
2.23589581037931 1.91971420041761 1.01806387220902 1.39779721024459 0.0146646484905756 1.13892786846484 3.54160346584326 3.97968744239089 4.0612017704158 0.0036491057812109 2.47413882695427 2.22278699147634 3.66802040262237 0.167949220035097
0.604689126889826 0.65283315042868 0.28076850484066 0.537876575209617 0.0128919321437415 0.19147527800989 1.17343889745013 1.10678019416784 0.533482266104029 0.00666316308242964 0.767115319639652 0.493371338195115 1.03001358661834 0.141027503329474
0.907076592428349 1.49739088399729 0.459922683002716 0.962124749647768 0.0107271519465738 0.136407019888189 0.652678928559675 0.897938506310475 0.983194699588527 0.0163309806132846 0.86655428870699 1.01828830501777 1.44519868465325 0.110369412423863
0.503360357169995 0.882009974568578 0.441945815455983 0.571152205496696 0.00807475523892918 0.67751217271717 0.649809957916012 1.78472222036348 1.60929523485579 0.0116975071519852 0.803687452410774 0.131496375418747 0.350235683322866 0.0284792688563041
1.55049724109035 2.73160026840505 6.8369277727099 1.2220281727999 0.0125854627185987 1.26603238091637 1.00246332705132 6.67557233253737 5.35624812591899 0.00582280210672085 1.72683751748806 0.231831044847864 0.800390437926987 0.0684909600887922
1.77343169715992 2.52888132710309 1.16014928310377 1.38921632637707 0.00588397500187708 8.98256455195083 0.700660884511644 2.4164383458031 2.28993646509891 0.0030606434537137 1.92411264406792 0.359313104815415 1.15861186313718 0.075357624609624
0.587588418442996 0.547472136840512 0.455112558369943 0.87958587185666 0.0261679419733337 0.103251107200009 0.755565152583574 0.183810222850914 0.333158624797854 0.00806337184457095 0.394690889513152 0.469681746100596 0.581213611876293 0.203085417300419
0.700156437526387 2.45162526193601 0.325589593039172 0.680538023209477 0.0187793190247248 0.0920810384112354 0.253162902832743 0.251867530459627 0.37860101160348 0.00485168721280009 0.700627197400154 0.424218856228577 1.48284480937339 0.26131166264659
0.768493073602562 0.794474983017533 0.469540275289149 0.619830544340384 0.055226700485287 0.249357065788026 0.88380555514983 0.800640057648261 0.717878984977779 0.00905486172281927 1.00095896060454 0.802881505978759 1.68138381971591 0.707651183915845
0.364614431729286 0.384915665250147 0.265911110316828 0.318579156045717 0.0118777065670642 0.164580654332662 0.343004321350618 0.270239074692571 0.560237281215109 0.00482410823645656 0.506421687293662 0.470862413243489 0.783863102757147 0.263018508078809
0.58513217524724 0.634115727872815 0.495176248316637 0.459523280421367 0.0142850221551394 0.155285390406077 0.345735177082725 0.273328658778578 0.584668124588643 0.0156867263362353 0.642188769490313 0.645781616407893 0.773390307345422 0.121560264443192
0.442305213489067 0.535071380087023 0.308081585173408 0.413880686099561 0.0170828904378965 0.114335467197244 0.27332658743962 0.363004083135893 0.714298229285341 0.0127113809920127 0.927438046084866 0.399960187045703 0.784485018442861 0.137925342910521
0.375342327785271 0.446014081406174 0.193973884308718 0.310645570747348 0.0184806030156954 0.177809748657887 0.921212099778477 0.26781952785115 0.54135739653216 0.00795823926643121 0.576826511192005 0.253393072882525 0.710627951294678 0.29875343557689
0.625563270189715 0.692355878039846 0.412489860931131 0.427536894730481 0.0110616687829118 0.22184290474351 0.622574678890573 0.579378137720666 1.01725273009538 0.0105145934118769 0.896514534102112 0.867811492655939 0.844277490476066 0.208149198732814
0.355932662183717 0.505845468184123 0.40130458611273 0.433828863579886 0.0180976108621915 0.175898200442145 0.461126742775963 0.370010031706608 0.527433532204697 0.015364519918737 0.420286305605795 0.440049844519452 0.538617220843182 0.125268851123023
1.03332972186685 0.726589210076872 0.521263591339709 0.659850846029125 0.0150871253442204 0.16659369831746 0.508497129878382 0.339467922660318 0.627136653698491 0.00807836607259832 1.17639776700382 0.81905701668056 1.40700822229548 0.343430179858132
0.497103430109357 0.417600523002597 0.272458167396676 0.318880936162149 0.0129716274088663 0.228533655718069 0.552216987246126 0.468587793517965 0.967355472037421 0.0069777395596353 0.634881039412087 0.532726262028159 0.658239066898698 0.201104144797551
0.481681124690313 0.367128489778371 0.290923695543452 0.398457114717089 0.0102007666643795 0.238090748580082 1.0061005648631 0.424359715232591 0.483220624451245 0.0169612384615439 0.568302941285915 0.454177888451566 0.617390764728809 0.117697645314805
0.701211603036992 0.622205234359132 0.30861291882822 0.324863300919716 0.01743465819912 0.202052420237426 0.518652710420949 0.413244728457706 0.575293382374934 0.00959006289890242 0.539210270707309 0.395868278079278 0.791433067872929 0.148658183399139
0.383777279598659 0.222055381983341 0.3232609617629 0.252945253260879 0.014445261490394 0.180907932407392 0.3814451612381 0.360668607857686 0.573230895866851 0.00464049267889529 0.385976755373396 0.369435410445967 0.778305997089158 0.140227598805952
0.526151411032862 0.382949847142147 0.375690157307574 0.372866181103414 0.0750956644554781 0.0954108811138966 0.391236103684253 0.211953676355759 0.430700523471939 0.00617757487645992 0.428092541563403 0.443513678621152 0.907062877870743 0.219639796823269
0.586791305525691 0.556586287811965 0.425187570363352 0.0473156812354206 0.0158564932255505 0.250386512774511 0.328914351898217 0.640678925912529 0.885789091696769 0.0737603904395931 1.02573346964404 0.855651054543949 0.889847495979036 0.130828758157956
0.995059586795068 0.954320290011157 0.573807415744502 0.174851766770748 0.00782132171013076 0.202219120630141 0.468048994840417 1.34917769461579 1.06138249466246 0.0370990668750692 0.702062505736208 0.995701419581101 0.988175253523232 0.217701386324553
0.56526495315764 0.594466601625382 0.369083609270835 0.16304314778075 0.0116737607414811 0.229429895569131 0.394087299013993 0.757290134349515 0.801386637033475 0.0522237866540762 0.690786864143598 0.715099483637347 1.03541720159532 0.150447365877337
0.574900590634251 0.494485192310096 0.427469301769275 0.0763048186070171 0.0312059989848216 0.227943546269907 0.331658713286183 0.388845999393091 0.705827071259707 0.0226289933847704 0.782935240199711 0.854747014772337 0.960185625035185 0.150266001868565
1.19390112183909 0.829256032025798 0.679212740073623 3.97596022522352 0.0137644213229623 0.566685925582843 1.05097400623795 2.02837950302651 2.33694251813754 0.041143496487301 1.03546316082536 1.55326829199402 0.656097398535907 0.183458587075561
0.669813214109754 0.663839351311383 0.587503016764668 4.10491125000997 0.010503898821106 0.322162010070781 0.420270658372116 0.809767266064117 1.17238209788964 0.0809401188064259 0.889064106657022 1.0758339188481 0.909499699725799 0.175977997338668
1.22176663165966 1.31666319700145 0.795856756386984 2.138977559007 0.00521320156518333 0.998590963197006 0.980408492884069 1.37364256239893 1.78858155942175 0.08847273268822 1.09622957181659 1.47051275336239 1.83973120453877 0.125587759299383
3.39571653966244 3.76794140914017 1.78003008752504 0.26476333568916 0.107352946293648 1.25710346156983 1.94363262648912 2.56669073221023 3.5832449278059 0.0206395539005412 2.66586552683152 3.28146997842518 4.57597166835223 0.253544203938471
0.778437497093531 0.726337053272666 0.3504770344025 0.104109344333216 0.0175950602712063 0.293841116049904 0.364974081344174 0.725903095295407 0.486096368879856 0.036532417651232 0.471057444441347 0.580076257236182 0.696086742235249 0.256262407058233
0.490873710222842 0.520120328096362 0.315778607228248 0.415142304309936 0.0152096026595866 0.131373155092525 0.249406365411673 0.335090887586672 0.481520957133506 0.034750596503516 0.458914376024367 0.534214198003129 0.749957182180271 0.272473288772896
0.706665129400815 0.562869014402866 0.307683755734227 1.78955919012067 0.00817029227984663 0.467546270956733 0.457128355062007 0.998685363119767 1.46315804886044 0.0231287990956056 0.529533557811938 0.487089150819841 0.676667831413927 0.280093035047067
1.83032962478447 1.63440799254549 0.919432170514213 2.67503342782848 0.00958594118260602 0.458346354833261 0.566031597940935 1.34406895192884 1.62914674811636 0.062830720575292 1.4667564283391 2.12739501283155 2.69682619926872 0.249894662057185
0.224933978732489 0.860859752126643 0.0818296068669784 0.097241182676695 0.0114277915037805 0.188616185332338 0.23656242245312 0.301421917996667 1.47312074774217 0.0332577904463752 0.899172376985047 0.257709599267405 1.09893479613394 2.31414676824482
0.573956153169166 0.949645980063246 0.234610766174426 0.193874228584669 0.105033569873489 0.307134458386462 0.307804697664794 0.450341145313893 1.66221130529172 0.00789604612175387 0.984538939165915 0.549490671595082 1.88061160636399 0.820235202581622
0.491839987151715 1.48542528481465 0.229179089241545 0.287041726449782 0.162894782840933 0.457301603357215 0.246830186396245 0.407696630170382 1.46120947679364 0.00622554797182431 1.13273738509731 0.597834743498851 1.99364815239591 0.265890347081048
0.466848975997215 1.60358800047671 0.183466162495625 0.191464298055685 0.0079265795194091 0.524103077308225 0.203490241356451 0.311396347587648 1.31423506166759 0.00682995810838293 1.11689449269622 0.609638242933978 1.29867787381534 1.18168296556304
0.405857395042669 1.39242858750815 0.202844402432726 0.222045257894229 0.0189058222532854 0.613607241738487 0.485394856662813 0.520636751299 1.87232651005982 0.00599392921230347 1.51770921867136 0.954813188514694 2.43985534492423 0.206575757636573
0.68935722260894 1.45699401694841 0.739611469052839 0.367648477157348 1.00629951539012 0.669848593163699 0.366993275641358 0.644840890696475 1.72588609777072 0.00899877791101549 0.837459181362596 0.55543826956849 1.41576411468638 0.185396054508542
0.328287465789142 0.925366998057302 0.127588681474748 0.122234600829854 0.00872024626191141 0.727959013332065 0.473526826097081 0.67127028346345 1.84145760447153 0.00934523198645049 0.886684518972706 0.81766317790302 1.37289670346882 0.29973030994903
0.473390261723037 1.05035198322456 0.0985162492336381 0.137106632774919 0.0111192586732923 0.336800276800033 0.210955356743779 0.246268306316318 1.17360836609443 0.0067231601831284 1.26357152168311 0.864182361816189 1.5511546721277 0.186067808528858
0.512513347459452 1.86155765935815 0.158668406754321 0.279350472006855 0.0172667688464134 0.512114143145902 0.291290170843993 0.465401387698369 1.58275558301578 0.0233327114562382 1.50607790670299 0.724993655049839 1.58653294910984 0.130631383269809
0.67160123833177 1.9593050203672 0.291816769423143 0.284122753340806 0.00941994193953533 1.00779900671328 0.607895186219904 0.729528414962498 2.45501052703356 0.0120886584416627 1.52107983386752 1.22297487644164 2.40145182574092 0.163493694490029
0.474532505578099 1.56348860450266 0.132774108290879 0.198155151459883 0.00801683006831654 0.345277736737042 0.373035329054472 0.490343491314934 1.0075875689018 0.0155176309243808 1.85813168131793 1.11916667293357 1.26315906915461 0.227482425050122
0.348549544987251 1.04717239241665 0.197210977032071 0.1407070730103 0.0068038567108028 0.638258666771594 0.531230954446669 0.651271363442829 2.00076569079658 0.00790443467983834 1.06626236732625 1.03994958684963 1.83461941920336 0.155026900297556
0.307512452894429 0.781323067913878 0.127780918543411 0.0881375246390212 0.00720690289215082 0.518212666175911 0.388829139996907 0.487592415629236 1.83752989847669 0.0245908243735987 0.860101226918745 0.475344286564206 3.14923981889992 2.24139566552201
0.577627613892416 1.55383826346308 0.132325613635119 0.231322435633109 0.0152554088441738 0.742592621423109 0.521039393266012 0.335516007757759 1.18166142326043 0.0108409299349095 1.27711306451961 0.631545268018729 1.31918676935231 0.256752266873733
0.485660249333829 1.64821134209017 0.147818091957815 0.214124527375406 0.0100372738670438 0.718401988428873 0.495796071089921 0.486585651218014 2.04014024059837 0.0389705108102166 1.03388614274664 0.840242376202691 4.3034652280372 1.99185115838443
0.560204097022094 1.49097449593589 0.112723156426655 0.174972908567762 0.0155849007680537 0.621050025570211 0.316686848461468 0.399124567696658 1.86606865320776 0.0468609582676435 2.20617724390501 0.767352288928379 1.99027534488925 1.20488410522204
0.351387146719243 1.33718303354878 0.163766018347768 0.212683941806341 0.044877959354176 0.722996735955836 0.617690454959494 0.699856089011742 2.69191833389799 0.0763708104077022 1.0244785414119 0.673898929592013 1.75656640386619 2.02147810789957
0.333310037971212 1.48187865184545 0.152180569793321 0.253894449408189 0.00757160339392594 0.423427977379719 0.268316509760502 0.485722464336719 1.64661206683608 0.0281974444669917 1.05706479218117 0.581274814100713 1.45901493137457 1.80183995292509
0.35380218451539 0.751901762471612 0.544319931859987 0.607738041817748 0.00873533796366078 0.322570655838731 0.662477450147299 0.617447278657525 0.834408909393583 0.0327573692854061 0.490330397783012 0.085996611039944 0.764453542507309 0.106368107653317
0.315191273607613 0.367037885363228 0.343251147993411 0.338545504812993 0.00746170255133956 0.406767459274424 0.380617366584069 0.350178882919491 0.366254773078846 0.0234153994472828 0.186213861655569 0.0587147347245716 0.335489766039559 0.0591166056468908
0.274552921370806 0.492039692278888 0.288241714074605 0.69264980405758 0.013268783668717 0.757781866396686 0.352705925203145 0.371300463858458 0.296479558853257 0.0192572621745162 0.239651378572455 0.07463341439439 0.619845136117721 0.0362524946893749
0.267555312517336 0.417130751367772 0.345449728493862 0.393512217166696 0.015871902739262 0.571598489292228 0.389311024964084 0.420715825541186 0.582847153080079 0.0266897931394632 0.333069617112263 0.101709546305896 0.529113262448235 0.0534722885322644
0.842152796375083 1.47853215158577 0.884017342693642 0.871438335310943 0.210004274896457 0.847281958920204 1.34522455201142 1.33671212671452 1.97911389708205 0.0145872293446641 1.06697334562671 0.0794613606535808 1.6725885045507 0.0521314924023207
0.598889754069902 0.64460457202907 0.782002812963237 0.610574274820789 0.00641016156673648 0.442931154894444 0.489413609712638 0.538325254731592 0.541356585194515 0.0237607722194066 0.428898312929663 0.138186622081126 0.847221961331994 0.0665799409515069
0.492733503325126 0.643714846352494 0.542702329547928 0.380685161132323 0.00715664728307824 1.02581377514017 0.468136934684308 0.322539427967984 0.399826617235947 0.032130342256722 0.460276583936358 0.0687026130413484 0.842526840513468 0.0793866115580484
0.388461358174313 0.618721171270021 0.473519690656157 0.338372653872783 0.00445063928262885 0.526489814927421 0.402186583868395 0.351157324963567 0.521800993512815 0.030830122180599 0.34537048706759 0.0803690637648497 0.937411956075264 0.0655221684610185
0.647030555405774 1.1641186851403 0.9327773240564 0.852512836411668 0.0148707724732105 0.438833830311203 0.925790016552024 0.949558588457295 1.18369275606878 0.0261064065194846 0.795584232543098 0.126301641898024 1.34895959273631 0.0989127546193112
0.350182709463662 0.455481050374111 0.410583174891843 0.307598191353299 0.00808729129221904 0.402983207470031 0.496901820282333 0.467376079710407 0.587635128639699 0.0224395395987852 0.443683049341293 0.0962444954594615 0.920331112679164 0.0655426445277971
0.40233451435697 0.636893323422598 0.456133645777835 0.356751254184932 0.00655554464119451 0.691002037733771 0.555266514763104 0.449220754713873 0.373742209871859 0.0353906053788264 0.336453469636185 0.114934819521109 0.503642720995374 0.0761770731287062
1.08312880662271 1.59166392555352 1.27032016449599 1.12378184984061 0.00571157100798989 0.543214864256035 0.961713213564514 0.855076383512366 0.911129219350104 0.0658168784954014 1.03666122894487 0.265984364173203 2.09512352879372 0.152302597285919
0.677053026093949 1.18565302655276 0.795870165735575 0.843460637347858 0.00566739819401716 0.628571205192213 1.41830114589661 1.43202424380427 1.50755751783844 0.0360603496444695 0.879435685662744 0.134800663758918 1.3992478371585 0.199160774203336
0.661287300213806 0.651206965336874 0.756281222464864 0.606176003348916 0.00934969563701919 1.12851247197867 0.760315387916554 0.687670829636382 0.941861160384457 0.0323460976179962 0.600158149899645 0.118257578902149 1.07494889772203 0.0935246389298247
0.276870901578239 0.358671722098449 0.295167659830847 0.224308183907756 0.00594473471755517 0.242149993702007 0.202979574349556 0.280773908094537 0.323798056492374 0.0225061885492339 0.315372143056064 0.0615147665010309 0.453229443652119 0.0403192041536958
0.317308059196757 0.472780951376655 0.450973567276145 0.359173293800026 0.00588703953234972 0.533748551451773 0.500687489010821 0.51765081980631 0.720523452990631 0.0258306209201876 0.268721664674549 0.0664191293157183 0.370445180290831 0.0698792901085809
0.332209403226752 0.315707655584152 0.368501449878071 0.25005130466187 0.00945876097786761 0.464229737965618 0.211329417176933 0.210454519877262 0.348039072019758 0.0178792140152371 0.219439238333665 0.0609416546845066 0.288680571143662 0.0532797204671898
0.377352899773927 0.640845307663358 0.392692116055271 0.285218559062645 0.00450793450774879 0.34707482178732 0.294217756832637 0.373188000093779 0.509665638973914 0.0232301677932233 0.268433653000727 0.0707456167681991 0.479497560663841 0.0371031067938561
0.468500008093796 0.702403750573701 0.43404771788009 0.29843094551826 0.00665787049307733 0.475707720715505 0.436886435462011 0.589117799393436 0.666656197441846 0.031368930114311 0.515890140725841 0.0592251506058372 0.892284910129121 0.0770183323367768
0.53911330908898 0.565145187438717 0.51523862437572 0.498437323945299 0.0126296614771612 0.59141431712259 0.531211049043222 0.672770591188913 0.768975923609688 0.0217685852035636 0.534842802088159 0.124814716730376 0.87967881221627 0.0599910327713509
0.549534053971116 1.70998017714885 1.11612174979783 1.02276028781381 0.0175388243916865 0.31096359066387 0.99084499279629 0.84854975123282 0.846578702131346 0.044078997988684 0.576346339140995 0.141681710052089 1.1681323029607 0.117635343164539
0.557282419103264 0.52455792585603 0.530499875524729 0.319034470225363 0.00860815791116313 0.968018944408054 0.332681651055684 0.459561177651232 0.432148120292572 0.038138379233715 0.418884636201043 0.0786547468808737 0.813300087573035 0.0723024133483025
0.707771345859217 1.02845202160219 0.697625369765318 0.671793820251913 0.00995760706513663 0.498327801353951 0.748674198358495 0.769167911033011 0.871254266955322 0.0310435321370415 0.639500011129803 0.169890118107865 1.16894870696272 0.101079031321946
1.15401590822166 2.50476202006563 1.414336405809 1.36760828458345 0.0889170429220016 1.10289004349457 2.06844932232459 1.54338174772441 1.56374981028636 0.0542923761811307 1.40697564359844 0.175321132417393 2.45434410118772 0.148196956221558
2.35222909652467 5.88657537866291 3.26923161670008 3.34096089709807 0.77876435344199 1.22658471083932 4.57063508653553 3.88005526233182 4.88543737084451 0.0520663798828864 2.76393814885215 1.72656366611459 6.83800728405424 0.980838310184212
0.279341835871069 0.582727852464476 0.527868390692445 0.321556047940154 0.0183662993740965 0.830071074948882 0.555296278744313 0.969654909308315 0.89712628743115 0.0406198803705063 0.410816472475933 0.108782451053287 0.614602074485446 0.0687324168732112
0.373641597435594 0.658915061459821 0.420632033501486 0.334145494958906 0.0100643889798871 0.834390289497276 0.277932023771539 0.375325581644535 0.37492205252614 0.0275572664953208 0.409399741021323 0.0258662180438848 0.922048783295793 0.0455453047772133
0.452437966536357 0.206610226074066 0.202633046510102 0.0930367355946417 0.0471606845685969 0.0494131951383446 0.162172141659912 0.181595579737266 0.04127758814648 0.0140021265163715 0.385421487368378 0.35753529189191 0.650843729497773 0.0400129153605539
0.506789404828506 0.214560817012396 0.231289606203411 0.173751450188584 0.0133565489133024 0.0467802386237978 0.137414210253525 0.184445574816673 0.0490337048498805 0.0262883614526294 0.583002662096771 0.650898348728384 0.608475154974367 0.0190722242443401
0.327140217239329 0.215070613792524 0.203830809377919 0.082417937744912 0.0118620406178682 0.0545625674879326 0.152628323287327 0.185336428813036 0.090853418891318 0.0514625935089443 0.533926944854577 0.475889337020928 1.08364062534496 0.0212747140954792
0.444536762577041 0.284098266217254 0.281844946440538 0.0509792844496297 0.0119465278386671 0.0713879441831132 0.146472958668261 0.204271161615047 0.0956661404039614 0.0439208327065967 0.354174385278323 0.510675758791906 0.809117806857393 0.0146057097418256
0.310121542065685 0.281089691690439 0.160892614807918 0.0445238598423309 0.00738556422699717 0.0443737875937731 0.143456378248194 0.133825471837585 0.0438061857976783 0.0573965860357106 0.415740174476896 0.47755811038507 0.694400988831575 0.0323451053440622
0.388207711465436 0.197213993152016 0.227129106255654 0.0531368041398808 0.00772642588264871 0.0628653293628371 0.102751401767443 0.21526891914932 0.0567524730717514 0.0525197285602679 0.476994317793815 0.533040216029796 0.772138581849139 0.0324898512669998
0.437345777622974 0.296139032519714 0.164176819696548 0.0719797237836448 0.0163883706051098 0.204239096695178 0.0960278996705091 0.112635583361038 0.0554185862774845 0.0193345819377092 0.316398318127038 0.317732140960831 0.755032114121083 0.0291541759590932
0.0536574309293265 0.80434128096477 0.293460927316308 0.610980172079049 0.0216323839724256 0.141294882996169 0.682280460425714 0.630561204244156 1.1590896569098 0.0092173208774159 0.403453034024531 0.491318922644149 1.47858293524498 0.247996352181102
0.154186648727475 1.74690434462333 0.424043975139271 0.835321610155555 0.0119143808327992 0.413968230537309 0.681307132945896 0.642766400574277 1.19627026119886 0.00977065722371499 0.528128333112573 0.715082151046623 2.72021705579408 0.244166653284189
0.105218375649283 0.960024508515043 0.359893717662805 0.686221857799963 0.0127678090535319 0.19816159701482 0.619190998884094 0.738143713107312 1.37382689708323 0.010399527647458 0.498371958541244 0.508596582915953 1.99976282303408 0.226583606664852
0.143644475878833 1.4810557510139 0.589648041625191 0.851710952751895 0.00992862703419877 0.346870852607351 0.827294104787123 1.10361196578956 1.42380177114483 0.00607843317562213 0.64393666757247 0.816250523843252 2.19464138859019 0.277585745653195
0.14977715282171 2.34291011808476 0.544107502402745 1.26078753815005 0.018499348521286 0.648699359707685 1.44285462337759 1.14851403909741 2.08861764901296 0.00595794879359032 0.793876048108358 0.893725080389269 1.71570670321931 0.634664688404188
0.235798170888799 2.90677205414206 0.925509154087351 1.21686795157764 0.0124603221483895 0.699563638860975 2.01972756810674 3.04745416068532 2.83485862389509 0.0118863002008498 1.30786225614081 1.47211617909144 3.78853987749738 0.478691525908951
0.381850904494869 4.949970280464 1.34859810914257 2.57031046015863 0.0194050999090843 0.86228981675364 1.57932671157017 1.92077462487876 3.73669119793598 0.00572038995960286 1.75230812097791 2.24338654896014 4.15594402107493 1.23692831019184
0.349761013679671 3.16304394900435 1.06736610173688 1.49291040277701 0.0145690996222947 0.614660371064423 1.4003504245716 2.29514546504648 3.88528301418809 0.00751442490638784 1.46449260446044 1.82737408648937 3.83492120608493 0.420470979896861
0.138902592595659 0.894022901307214 0.366242908383271 0.399769351854098 0.0179234959570587 0.21623872556483 0.436313282797461 0.607128465731933 1.06393755507391 0.0168182850385146 0.594332799364058 0.690903013755318 3.62088777421878 0.773766846583934
0.404655304929163 3.02558361555243 1.19145304396276 1.17530235203081 0.0128638285298795 0.313422246783578 1.10398028937424 1.20321700230217 2.17359927945436 0.0164589346186286 1.37499181906685 1.87363549195998 6.4959301497178 0.631349865887394
0.156526109057075 1.66015438530793 0.483632171748146 0.837653811455784 0.0221599646294314 0.503531847705832 1.03507218685033 0.814150818518428 1.24100377199925 0.0212593836230145 0.586450969820225 0.689629518481497 1.44493784488348 0.471710107312271
0.182765111751376 3.18706280329566 0.896847049864439 1.95085303421342 0.00999516734848917 0.470942036521774 1.15452919757269 1.0582805013726 2.51416842264571 0.0069565159282765 1.03689581425448 1.59211909629043 2.727365522654 0.411723724720706
0.270001790133456 3.09068598456074 0.921297262607731 1.16026754666107 0.0167369304953704 0.909442463683841 1.23466916907274 1.61971905408038 3.51152347686528 0.0191675474485087 1.23967070453178 1.60624300202783 5.24044560337431 0.510066667113501
0.196904954896268 1.73500175175136 0.540314905722126 0.627673693176251 0.00947496225166258 0.371969453123873 0.770201126264966 0.86599786727264 1.68368226564244 0.026569785104825 0.757728822154252 1.00364356373702 5.16953360530425 0.453348126449749
0.265634310070176 5.52812863194701 1.27213659583318 3.71923399712833 0.0126051272806603 1.0329231899822 2.03062008443733 2.89529453649082 3.66600548316607 0.00571193371383156 1.83958578238558 2.04157360453863 4.32942119401675 0.545418441230049
0.214497548365752 2.99841822086073 0.748965236697652 1.28028408084942 0.0191506064247531 0.659864788524812 1.4811910874957 1.11638752026314 2.09384518317348 0.00920924465434965 0.969834618321114 1.14652267708847 3.32719775594402 0.253848466184492
0.603933001734435 0.513610623920838 0.383712546221359 0.441831806882926 0.0158320118567936 4.14072050090093 1.12343320776192 1.04317408633816 0.635107054983692 0.0100188252790625 0.57343148045751 0.478562332867408 0.789101947974359 0.847342769300188
0.877864214506866 0.533932977097466 0.580912074008683 0.286471949287032 0.0106881736549385 0.182754446812733 0.84435695184315 1.80084402330048 0.957682044036771 0.0135982123065667 0.879049600265226 1.12860124950101 0.989347670724945 1.20736257075979
0.827263059724965 0.641328581132633 0.488359544224548 0.416203057479619 0.0106807256502943 0.332289339256942 1.1616203311376 2.01711581916759 1.74481540831104 0.0098903645905254 0.727416991211716 0.836816994015327 0.956059375221707 0.257337321689904
1.48684009982627 0.917862308420422 0.763710098052388 0.393867953818983 0.00888562191252298 0.176860430858903 1.377640818773 1.46612395308106 0.829096515173066 0.0166827850012685 1.10236235098779 1.44055401638085 1.48203374499101 0.403166195922647
0.916554265781875 0.591994078433049 0.746799978624245 0.343955028001777 0.0176570815137697 0.50491518483588 2.09079503529708 3.4047437772677 2.54157548736807 0.0124491136457575 2.23110674575061 2.50802081447797 1.92505472093931 0.226804246145943
1.49980366577014 0.953181328369692 0.768515786955946 0.440563059494048 0.00947434302840436 0.348559791078772 2.62294156732806 3.29603535972295 1.72926987488424 0.0139582085805221 0.91906629673308 0.993452017502494 1.20705556812702 0.805552230612472
0.588066798586502 0.384922160145981 0.448067937147484 0.416841403449492 0.0105259622194638 0.194787257993575 1.62638242944517 1.4957994369237 0.882956839925164 0.0109338044025305 0.771947646133802 0.935092513908969 1.04316009766634 0.572240655679478
0.89406080022703 0.890160272655364 0.523226676547992 0.408735777837871 0.0054210644850064 0.235559661503924 2.31862399631779 3.34501508493304 1.88453581071977 0.0245542881532075 1.04967486223626 1.12906211194258 1.43550512933098 0.30169014766708
1.92724823367489 0.801532897862958 1.19555705726347 0.442638550582516 0.00958564324042483 0.524016737940258 1.18043811208911 2.41924391958558 1.76759480932126 0.0144393784170876 2.31563422854357 3.83289868033576 2.26373656161113 0.367069198752586
0.664924062182601 0.524998152303742 0.470325580132834 0.47999014365891 0.0103256497839588 0.489283519107491 1.30602885028256 1.8904512056056 0.868146109014443 0.0182411677527599 0.387735157484188 0.638873781853039 0.449420886597748 0.526043211182713
1.45180905960405 0.984217438105112 0.963516073477506 0.679312531314917 0.00552308402927969 0.328234482419511 1.14259884850994 1.58045560593733 1.28251476169916 0.0063550637454154 1.32034995167009 1.77685239528274 1.51074612081768 0.308412666011376
1.6364406445253 1.20540617244585 0.959974863283448 0.604274123830785 0.0170443908228581 0.810659590192305 1.83325973933371 2.11518649642551 2.04957616067142 0.0101221265383903 1.53266535486992 1.77874684110793 2.62670366341733 0.366606633490492
0.869747147128349 0.590758192339613 0.612396242784587 0.455786975486947 0.00763574179152879 0.190239583079742 1.14314092789699 2.20915465912555 1.31021956517272 0.0157746420649422 2.84563854505309 1.21405589018273 0.702155820798578 0.228669538660657
1.41093061132063 1.33345895719357 0.886679159246951 0.707926021948124 0.0115326484405847 0.328937645338927 1.42225762605505 3.05702002440257 2.31069827778056 0.0200249872763288 1.72158215776544 1.87787954261845 1.64371214356857 0.244512190991596
1.20614649198247 0.775648234630847 0.830528525204832 0.455203109033549 0.00961637955351421 0.336298640962085 0.857885161613094 2.20732834028273 1.95192266072739 0.0159805601567145 1.26536643894037 2.15340552512775 1.25339145101154 0.564114515600924
0.766310731295381 0.621160013239571 0.477684221531484 0.379232630622769 0.00539054248579123 0.348059807163061 1.0046156389381 2.61013899573305 1.74901456572718 0.0131519011902524 1.27894599921035 1.28747387339308 1.34708807845617 0.429158341988287
0.695122772681823 0.375084790116561 0.341111550814807 0.244447651224117 0.0126034695851378 0.432756752506444 1.3842093354918 0.795144645055549 0.685140519995288 0.0139124862107445 0.656643433941102 0.566197021660296 0.703879324484332 0.184377121762905
0.636496974921969 0.540612679729314 0.506949592197801 0.324048808606763 0.00857688653131003 0.205184933916775 0.403595067136564 0.879442842041964 0.85901469312881 0.0130067976675438 0.656943942445025 0.814075417337892 0.67684306773395 1.36798621494682
0.650186464762968 0.472564849257495 0.466374833862996 0.281914594712017 0.00828155878555194 0.391367355440742 1.37122662687889 0.854960655093683 0.782440515028328 0.0084685901901058 0.830513820810803 1.03459206994241 0.906264270377328 0.57547549088931
0.963744384972308 0.804570420206082 0.592810667840213 0.43467043825852 0.00905953239674682 0.110732525565625 0.744525048936291 1.25195995961035 1.12925024715657 0.0115418637474186 0.792470623442955 0.93819961207586 1.02183740053553 0.423821067657395
0.473637609296698 0.547381618760584 0.33801708389592 0.538387899087231 0.0102097305455053 0.211032074918787 1.79216976830797 0.162969444390082 0.473781697461401 0.00185954990454065 0.631402158338746 0.131797653818292 0.712581663977944 0.0873891804785376
0.561130489448937 0.973265603720017 0.439153576359577 0.928081559821778 0.00725047812938007 1.04893003804661 1.45995270485739 0.254414420121692 0.877152479805509 0.00361585697898811 0.765983883904279 0.0879503052309753 1.15428998194061 0.0856848834376053
0.901332103372246 1.38334961967716 0.608337705451213 1.18228680426931 0.0127136113237832 0.841895321083881 0.913927911109831 0.387482587221911 1.89108857806587 0.00449177246466775 1.60228230142277 0.182238923095354 1.65519337224532 0.112188711276701
0.52633351697166 1.31486089557716 0.615050652945749 1.23087619570516 0.0141509244144602 0.971634327415567 1.63811739626094 0.783885179824624 1.59923482450937 0.00168474931019608 1.21176302713953 0.109919353726235 1.15302575187605 0.0586692624908747
0.226570739365541 0.371994901458565 0.148603042049507 0.318386032939936 0.00891887955710931 0.186290448532652 0.338307717543757 0.254960050906064 1.52886984579263 0.00160302882752102 0.781237174716249 0.0672884132327247 0.74799762843458 0.0578057245812656
0.365765373809966 0.497844373394528 0.242286721245941 0.413169186870823 0.0134474230549483 0.548925054228097 1.15062735191099 0.310379902648604 0.601853401880426 0.00248365048720486 0.583765995189395 0.0688969831461495 0.561556782101453 0.0523423972919663
0.295469412576565 0.521110306226749 0.264075909826909 0.443403334383817 0.00859509835506979 0.146137052460609 0.498929881241174 0.20141979127898 0.620885371667512 0.00311795211065695 0.501550734500507 0.0898456616233083 0.545963207348158 0.0669308716373919
0.213276623479794 0.452539258787449 0.158137661428303 0.24150380487985 0.00919750938515664 0.109046476759476 0.114462843239199 0.0849961979968369 0.258708626538376 0.00140879701614908 0.238482025088957 0.0500234867190968 0.349311856033301 0.0282248006752064
0.27134702811312 0.360107543641627 0.181329595474951 0.273168941693525 0.015735668787975 0.235147966310773 0.372198164347596 0.132004914239411 0.275854468332913 0.00554271103974948 0.482750404418508 0.0733920173991368 0.537313389561223 0.0419820069022944
0.288547613270682 0.437924717416367 0.208344632590836 0.339674928462386 0.0100582023904388 0.341779255088222 0.337837647196142 0.28879332246624 0.524788449731179 0.00223951030525659 0.558905026596812 0.0747715365938241 0.484430501386725 0.0392205280571407
0.656761133382305 1.10851085813136 0.670615912830903 0.844222136024412 0.0118149594611477 0.579397326398277 0.653263265528548 0.382924289294347 0.498746637453819 0.00180995247505148 0.738467809032979 0.0866382516541403 0.739836366150152 0.0516939242311532
0.363862208493091 0.213696234544053 0.136618937974484 0.0761552429134514 0.017652007879846 0.117757166976983 0.328655800190555 0.284853335166567 0.711221764113534 0.0280299553306652 0.136567361361575 0.082226601649417 0.281673562764188 0.0528409156723841
0.400679322956489 0.605085927323909 0.107732118574843 0.0378981025639607 0.0142221018192123 0.0347816565740967 1.98084413421316 0.3448111030454 0.280183444979727 0.032098796636916 0.0849808721080522 0.0569567037754461 0.358560857174846 0.0687259677372384
0.347401459139452 0.5051360243783 0.0633401094298731 0.039477703863378 0.0134687268299847 0.0250118304008433 0.341432411440189 0.200465554537934 0.453444949199525 0.019280086339388 0.105888932848072 0.0731745747776473 0.424742070628464 0.0553435998681429
0.316350506430372 0.806070792478891 0.109873213657374 0.0434624236846696 0.0152520751802948 0.0442375099453202 0.547186846656744 0.561219465851614 0.570640217341985 0.0297929287480489 0.115405363585146 0.067502118489602 0.41646574216258 0.0792794026484963
0.614610776856228 0.718370285132052 0.211265356886682 0.125777279387977 0.0123060453522553 0.109415094615693 1.61106959858493 0.218468674970296 0.682397627940055 0.0332992692634806 0.145864069795572 0.0920358556812098 0.435415550715139 0.120685267885053
0.23867701623442 0.235514803619533 0.0535736717618872 0.0666591027063407 0.00950605949444954 0.0584653681941767 0.376594640370645 0.345428188174383 0.282492491521643 0.0181688608114601 0.0706436044336485 0.0375066809321633 0.247590915435138 0.129901981563184
0.357847510166269 0.445003516945637 0.0792571599566501 0.0955214402668574 0.00910551356878822 0.0526317654214509 3.24022755766925 0.427636758508039 0.717493755966085 0.0195095703608926 0.100381330870641 0.0700964170406941 0.568975316168542 0.0618536060320366
0.279233638940423 0.11666083728428 0.090204661603288 0.112388027631268 0.0211869089561681 0.0520300302064776 10.4082863702905 0.280794558092483 0.219286064139988 0.052470644700857 0.0955880138322002 0.0774615015676349 0.522252559790443 0.0696268662552421
0.824197134534747 0.879605366709128 2.99020542463196 1.01235053093686 0.420700539920131 0.224053685488031 0.805160078060216 0.441365537527158 1.32950894339638 0.0177482055574138 0.176590223525322 0.214560479890499 0.259862276707477 0.0816587831993109
1.28913791907149 2.13527975156075 8.28955681115296 3.49287269718146 2.00391767912042 0.897566647559136 7.60783829843943 0.299986032269177 1.87673257592092 0.0392212112629994 0.219247504037974 0.284271859933419 0.596997075099705 0.208093934552722
0.227957726776748 0.135807926024379 0.0646015145580376 0.0621170815809 0.0257695036839305 0.0859717559442837 0.240667481873346 0.186066962849087 0.371661144915283 0.0524590934695788 0.0956429819131873 0.0406860247297985 0.308535696759699 0.0440960416153912
0.329122465464454 0.307094076035849 0.100742173094744 0.112767504683039 0.011752180673745 0.0876802328569976 1.87786190685082 0.443564492811473 0.697621740640629 0.0339267858796678 0.168174709370338 0.068764294192672 0.511582570303132 0.0682377521313139
0.395802759628963 0.26932771736219 0.0823265723026731 0.119474348745278 0.0134963453548913 0.0544549795352082 0.308312011317743 0.32517734993695 0.4191266127039 0.013880633999219 0.127545519183902 0.0759926292388133 0.642160206484832 0.119056011123536
0.570397877614382 0.43140581966131 0.141160170132865 0.062793867357457 0.00945713394852927 0.0468604270036194 0.244931426893993 0.351860026843859 0.344431620968349 0.0209703579115933 0.134092807649468 0.105976320287025 0.568775056843406 0.0828488339409808
0.427878193820449 0.967674690640729 0.0980140848401155 0.227417767224194 0.00997212814633685 0.198661139516682 5.77396440778611 0.254154366837838 0.541818264005011 0.0235804276638797 3.0650724932776 0.0654333613677548 14.8107143259093 0.114938758411589
0.327307216281362 0.192002129525036 0.134313523712386 0.0736299762562952 0.0142147714172815 0.0914437547782894 0.377573167369994 0.445175274843259 0.707230996112591 0.0269658224066436 0.996308232380645 0.0671664052461551 0.66599692358053 0.160957928727174
0.328924216796763 0.399461315811061 0.131300559253523 0.0442492454443231 0.0119404382432317 0.0359878498874147 0.274806667224335 0.382514995596999 0.571245764804132 0.046930419934703 0.124644074158052 0.0720042863149519 0.83147668275665 0.065349682150379
0.235198158684546 0.183446350208152 0.0396215892280088 0.053915786507528 0.0112727501531679 0.0421717415680166 0.258967718248454 0.292381195080951 0.574650216449361 0.0224711634804678 0.0870611247560931 0.0308562821296892 0.276159022405454 0.0442373021791453
0.6891568065532 0.186039202662616 0.229211325111927 0.14186849965634 0.00825834199735315 0.0319419474487904 0.462487584574668 0.377350535933454 0.44740115676833 0.016539099599872 0.213884257103539 0.120135241769951 0.500859141178192 0.0936643642119069
0.417197584581641 0.19561555794669 0.144588836981632 0.08955587097322 0.00677880997307632 0.0592524386853775 0.43871573161019 0.370191876256176 0.359468501999716 0.0336687479806293 0.0878832377731896 0.0564227854796079 0.52170953607812 0.0641710526529289
0.438178050180699 0.188358877248678 0.0842301940995805 0.133787232447406 0.0130420052904106 0.0434456939981308 0.383465807640931 0.198215500382224 0.395074158258141 0.0267256174324512 0.0622027903256208 0.0676753004996225 0.52643453983303 0.0700857491974491
0.589401850677316 0.894329130900368 2.01383698598655 0.578917921723806 0.227614930805269 0.147460874554508 0.446062913390738 0.276441710752585 0.426601076222164 0.0304617599228451 0.0652284293788303 0.111521016017451 0.192840156498813 0.0644276130117361
0.913728893833005 0.884497416099238 0.134881767943039 0.340238895042581 0.0134942358328899 0.0840407489920832 0.338969782533983 0.455083636499295 0.308339356687036 0.0321430346889383 0.299047620732256 0.0790912561666387 0.594640298586616 0.155413464214443
1.70423842204036 3.22031660925823 15.10492599895 4.62869014696934 5.92266825933772 2.07332388909558 2.72319698424498 0.793124841263496 4.96950087896234 0.0495451590025132 1.5167255785273 3.47907753226505 0.818456203880761 1.68074456959507
0.320006869797341 0.178589352734831 0.0475483733072988 0.081069380261506 0.00924737648252219 0.0666415761662642 0.352567248790859 0.304015518953254 0.497328423986351 0.0211511454234044 0.0943715631473391 0.0283429822480708 0.414984116895362 0.0564852533948211
0.181163556998783 0.5942082093989 0.048227741220566 0.0337503677337573 0.0131928384622809 0.0570300140890651 0.368684827578334 0.427516890473768 0.459954334748637 0.0289055238696052 0.0674183063627603 0.0330764487681997 0.268881263006037 0.162580537404776
0.78740043930265 0.863334726403338 0.783114751950545 0.836214906782266 0.00663481774516438 0.0444490448815381 0.566511570626509 1.06906999095368 1.55306638265857 0.026616784040326 0.856209444361262 0.253380435173147 1.19564205694901 0.424294860142643
0.99282056268907 1.12699912624422 1.04913042964762 1.22230813516605 0.00729362726973406 0.0589627057870601 0.516575422977193 1.11226760161118 2.50963510712953 0.0190745553736239 1.13294383194663 0.427024508413433 1.46328466815658 0.15636300014422
0.835641853345606 0.568532383435972 0.982443587017869 0.666994175072755 0.0118169586621848 0.0347625012396504 0.251273490994209 0.631187866042187 1.30410636870892 0.0256613067876031 1.01142492031901 0.416282971296476 1.63324489352237 0.286360712501323
0.807709935751704 0.68927781997527 0.662425456465151 0.77162843350811 0.00650257778210337 0.0603996763046287 0.522257703896385 1.1373616179759 1.4680038363863 0.0180609121237187 0.788176087890747 0.404116579361804 1.15739445701391 0.158435669364493
1.12949673468298 0.933683926638106 1.03819305579612 0.944366715076186 0.0164338486567615 0.0764709260876045 0.430941146890002 0.793926886079662 1.60441560413885 0.0191850557670067 1.0943280471686 0.329754492416336 1.37241599712495 0.247702117664087
0.661319926373099 0.359294170937491 0.38887310361092 0.415056047160265 0.00835117914891063 0.0489581375448934 0.207010273909511 0.46687614839506 0.847999795920549 0.0198183836228631 0.307623445144138 0.169678114527986 0.342828003731772 0.115961703877844
0.854115696373636 0.730905826647467 0.649367379155697 0.621730289257936 0.00942209926545695 0.0732514097629833 0.230913090434623 0.511795888198272 1.14219579953202 0.016657831464484 0.733825183651155 0.210886698589386 1.02123989972669 0.344105665501895
0.601089808526403 0.504025880715367 0.684482221116909 0.558203672250596 0.00901191506937161 0.0351985948870654 0.388601113820529 0.715933333029593 1.04098875565586 0.00793702457832051 0.57987423784562 0.222336434408572 0.824620474483132 0.652057278757752
0.788030267946638 0.796417863467156 0.734173525688815 0.759812641565994 0.00720432333740018 0.0339168028227589 0.238663872002804 0.354883257340261 1.00456663241182 0.0336597952975764 0.719403174344781 0.581562335777807 1.08284000071943 0.324723395982011
0.70530790821985 0.481136246040145 0.46879225498405 0.737975003877361 0.00773204788516446 0.0655555272702861 0.547018742459315 0.564300639290768 1.4601852383103 0.0325687424992039 0.718830143623136 0.249326541164706 1.16627767750579 0.139646674284351
0.741546543500101 0.703075795758563 0.603971965909535 0.775813986707742 0.0130105076111044 0.0950500369362827 0.503176516667153 0.659885016771226 1.25873073138851 0.0315518367871349 0.997183930452564 0.359987493525639 1.44850167887644 0.123581931896966
0.721062023696681 0.712796741970904 0.786801430952192 0.813221661060877 0.0177172003378902 0.113161862538272 0.777937159813965 1.14981619237806 1.66487073918812 0.0177469991734727 1.47277857602276 0.440977105609864 1.01088966095467 0.372837038938212
0.506894957343555 0.622959887470852 0.539876860030069 0.562534487205681 0.0130403147290819 0.030648740296576 0.316161560552673 0.466121455444652 0.800688073703872 0.0213458036685818 0.499335419670245 0.199687981731882 0.798491666652499 0.130941042732358
0.581546856815395 0.627427297961766 0.503052227754024 0.479846354222298 0.0107915454280072 0.0362069727523828 0.427337559476085 0.77950559355551 0.951855796085161 0.0384360372410929 0.652574209907743 0.186961600636806 1.14940149906867 0.132219941455337
0.510657407434565 0.651848996022576 0.558395334810344 0.772292661076782 0.0063604714229808 0.0923157234812691 1.10410356144444 1.04687802388525 1.27052205778353 0.0186266947789358 0.405692046809348 0.526829846406782 0.767535655859184 1.33063232212809
0.378965960094917 0.0689517799924314 0.556164275209303 0.153381362000748 0.0200388491525549 0.0274545259630933 0.119829723993055 0.0328094643445963 0.0596859363445269 0.0207939279247501 0.03275030840719 0.287920783953087 0.429534164702341 0.0579701771664853
0.354306875691292 0.121334765719991 0.577475255468382 0.0765119761721249 0.0105056429541772 0.0322759239349958 0.23834354870379 0.0319779887859743 0.0948319311004 0.023898403289633 0.053039915369397 0.239622136160126 0.429970563089442 0.028448728606879
0.526451403221046 0.132880868048267 1.45840763987621 0.153609381602946 0.0126320438934384 0.0711543495706621 0.40938667521796 0.0364858631056023 0.0927071865920084 0.0176046093141735 0.0603216184119703 0.304262405415496 0.499920184586626 0.0939366111379495
0.690560955112296 0.142491068435861 0.82637775351743 0.170674745540898 0.00933677739247997 0.0965389612775928 0.365789958928172 0.0427634976884093 0.0800131238480564 0.00841988861648345 0.0493272964608368 0.333804712285541 0.575104904162389 0.095581337319823
0.32090949954205 0.167758490143655 0.938539691418174 0.108156800476916 0.00971313227436336 0.0758410065682344 0.292132231955121 0.0506905355459645 0.188284207382076 0.0146354475942208 0.0624507563732442 0.193516942247934 0.56939782673791 0.0394192849593302
0.386163983583428 0.0857075529197344 0.422638253346237 0.144595916769642 0.00780864483435831 0.082644563920458 0.290465555158663 0.0880088576743852 0.130680267999674 0.0128016004278136 0.0522427182835189 0.347067331032919 0.443000669119774 0.0478802326421656
0.486330219775309 0.139739057934872 0.467978084498125 0.0925174848001538 0.0139435704280615 0.053298291431943 0.221769699593339 0.0319168585031449 0.0654828302410904 0.00730481022337936 0.04212628997693 0.194739200511649 0.289624342390752 0.0483098795262054
0.619674175760796 0.224925168740848 0.995466560106187 0.247373672630015 0.0168076106104125 0.0854192661566744 0.322428584678394 0.0534527863548264 0.121155970945604 0.00753845592084926 0.0681020305192577 0.2652156216538 0.811221231910088 0.0584185451717669
0.463056920409226 0.105223558872945 0.933831483624931 0.221255833257178 0.01317380286779 0.110841407743834 0.341135603597217 0.0593464061283852 0.138923009451105 0.00746570082590723 0.068704044943735 0.26179404992973 0.446444224237426 0.0723086442288949
0.457818550871881 0.183106652704028 0.568199910818364 0.369801519758814 0.00772121424007981 0.0662691797279264 0.264756000817355 0.0602184523215572 0.0778224462401635 0.0129186211267224 0.0525750740062046 0.265412546129648 0.472289096887406 0.0794692145795623
0.633714716158498 0.207342588420196 0.771304067141009 0.244179913891931 0.0384012527717147 0.143646276838703 0.35481561909643 0.042278149175647 0.0966008060407909 0.00805196577590389 0.0661206005142186 0.361609859600928 0.704456729491051 0.120048314230619
0.546927509161385 0.113690000417634 1.07001669964357 0.147535490048675 0.0171387063973335 0.0551606869424926 0.351163313573322 0.071238029591524 0.146602675438933 0.0194619296398015 0.0491273706333967 0.313862355287122 0.47016314758322 0.0580342294862163
1.31988344563462 0.803341093363223 0.790809290228557 0.342606699455457 0.00996918014370943 0.150243699948506 0.379283320279716 1.17434644216305 0.544287421376044 0.0134190754651251 1.54002398756766 0.724059222464251 1.40293786723793 0.101688483116795
0.878669310210309 0.630009982118001 0.68085953338624 0.225330346475845 0.00724301221644889 0.158476166508879 0.211797708653811 0.269408209401076 0.115823993133172 0.0120991021788515 0.998001672108394 0.469913511373812 0.686854512806879 0.128339084066624
1.51919938008099 1.0196432686257 1.12644638240491 0.291881659051744 0.0153447747438334 0.293383610490431 0.50027187481163 0.883904143840286 0.31010822901843 0.012005837828269 1.81368419523053 0.952038913603569 1.07550577257981 0.123367611817779
0.914456711847097 0.632149943152287 0.460113804173487 0.171223328126049 0.020026609837605 0.240587832042812 0.26510938983746 0.925349470959003 0.244159683847793 0.0170482829485076 2.14524544767469 0.732933788256837 1.18243226077319 0.121415335782896
0.867909955115238 0.433659635686771 0.594522631887041 0.187293412776321 0.00977473669805651 0.106807218373286 0.215991840914591 0.909426328009636 0.408289371362975 0.0114595511909594 1.57453327673975 0.604967053327377 1.02156881327736 0.0997888601942856
0.563061722412467 0.47718444614557 0.369629474787292 0.133120072144924 0.0121412163230061 0.173034988808237 0.384065012769304 0.765716738220554 0.28393478649128 0.0142743399342287 0.922493414931969 0.483782764250707 0.869590125160098 0.0963813886714159
0.694852405626712 0.560789205924216 0.466554481713957 6.10499691396325 0.01538443112028 0.163733528619697 0.395566526482915 0.990641538415399 0.248409086371461 0.0105908467130688 0.807643777769407 0.459247446691272 0.820756510117367 0.0948513545162791
0.870490609597232 0.598457151249985 0.542947316702743 0.244878486024496 0.00744852204554634 0.231445433199967 0.308994084958002 1.14487495390673 0.324422071976555 0.0178339436924729 1.19393408096907 0.456772618371584 1.10773667102184 0.0728205185253833
1.18322191624065 1.01285486382167 0.916960070810157 0.28186196557092 0.00637860481600047 0.143400064742858 0.202881476117743 0.666570445580077 0.271369174104637 0.0145820645529333 1.9524888165809 0.802156871944611 1.07729120850512 0.0663545309679497
1.04034061064667 0.67530874300369 0.68781059833512 0.238977860502213 0.00964135233122253 0.227166541355097 0.306355031768401 1.05726356469762 0.344145776801456 0.00976339343686498 1.1653959155877 0.715281974175815 0.851385273956729 0.126869872610272
0.621166682065381 0.529833124566815 0.653448624012268 0.154962298744845 0.0123148200236189 0.092845975090099 0.156837144032229 1.03098068061797 0.44667192531042 0.0166736959472167 1.62464186355624 0.506621191455739 1.03630524329787 0.091020784687259
1.16959465421877 0.976713791045101 1.31996251488663 0.315343088061929 0.0152098006401082 0.359966745079619 0.221309127907853 0.554471817167311 0.39502852231559 0.014192963214308 2.02730192853585 0.712647542738313 1.45445681354381 0.111433049321274
1.23325227418654 0.776349527233385 0.812133698972237 0.235309632086195 0.016332981411117 0.149169429720171 0.174774417428089 0.672895713030325 0.233070286725811 0.0154550375428162 2.05356833704658 0.805396864920764 1.37954695027555 0.117249246898602
1.04168276240941 0.646120134173916 0.824953738969518 0.207497142159974 0.0113074401023667 0.182964606706106 0.302474762873799 0.780325030069681 0.43360079244862 0.010968769113947 1.38097640793391 0.70587999296383 1.3684527998024 0.113587801226056
0.995303191763167 0.632129651810135 0.573985163833259 0.209984512566621 0.012142519602235 0.239828919677003 0.172602348662835 0.765060796528254 0.344709768527367 0.0204275112677739 1.25911359967976 0.584862104666725 1.08347819672295 0.0931958523317548
1.10276490811105 0.854345562660921 0.728221865426161 0.251910984211781 0.0113975498759918 0.227627835171969 0.501586046441686 1.49707823949137 0.511532297476524 0.0244304949065419 2.13755155717493 0.658883972476559 1.40745419298612 0.194351568508919
1.06665489553095 0.89386309768393 1.72018873169102 0.444281293035744 0.00894224146499026 0.330668725345072 0.38197470451681 0.894542020513028 0.499129271730119 0.0115188220522326 0.973817122147586 0.758433804883493 1.17258800307376 0.106695336407314
1.11885541396994 0.63550253810444 1.12249598466345 0.230090488024011 0.0158387191555269 0.146172827297477 0.2931583550167 1.31545707450587 0.37015926550091 0.0150166415554938 1.46175843822658 0.713369569898786 1.23282193910771 0.100439549340158
0.414672366502292 0.403066715299252 0.739763097099703 0.148622859797361 0.00636330482789678 0.161474256056509 0.1742838607123 0.450337383145425 0.257566385622043 0.00967615779645866 1.07703454058567 0.308454043634453 0.703864791421724 0.07973313446267
1.60642687312485 1.38679744793343 1.07780457885492 1.15356284400141 0.0127308145685313 0.33908623538851 0.559575055017819 0.60146690587285 1.01826035612697 0.0020331132063368 1.8196845688063 0.106352532894266 1.74522632777363 0.266128794615306
1.23208106748613 1.06626054172233 0.826308175885304 0.981752375003568 0.00809618111321122 0.907124026320916 0.564464769356422 0.550783126266947 1.1116364706708 0.00739184331379243 2.11289038246198 0.0534404968630665 1.14332798212478 0.36658718724722
0.819840048054526 0.680916025811201 0.651474355790482 0.578359801382852 0.0251642281094255 0.312426099280199 0.477581308826481 0.703013116473224 1.55600844714314 0.00321546317203562 2.94265852913886 0.0658455658708804 1.23653985645928 0.180277051994293
1.39512450682078 1.46585999534105 0.942421789296502 1.15397233223819 0.00955569981840243 0.265368823529202 0.352225701392068 0.386945220970206 0.892014953574621 0.0101444629544637 3.67450700234925 277.447115892811 1.74346188360708 0.442526373004185
0.980694039565345 1.02590712345913 0.813508078923874 0.964541031443791 0.0150157188993661 0.385683246331565 0.544387993982255 0.977777988111705 1.53281937253854 0.00118973618451769 6.00762541883577 0.05663468523245 1.53385362363717 0.419469644920995
0.833338832640182 0.777099687400241 0.604208019734396 0.79530293018959 0.0150712758625306 0.208402816532416 0.688374534043791 0.288858007736503 0.818770278261344 0.0221292699558313 1.97930855520143 971.557275318438 1.67791051908043 0.690428287673063
1.62729912059425 1.96767021455244 0.990807949288007 1.37906927910911 0.0104530695121261 0.265219268071475 0.968080958993645 0.187349206996352 0.81192684905698 0.0302997762707636 1.9608482852703 735.3296013742 1.43906068647316 0.325856861369863
0.86902660324895 1.29853873490663 0.624040881433177 0.792638312198129 0.0145658533012322 0.103466736802293 0.231261405300702 0.259495298441152 0.64324067015436 0.0310407368109047 2.01481639198381 217.691031408296 1.63114101720881 0.427758110653846
1.15225488184899 1.25480807023624 1.01074883901783 1.26674271521829 0.0078759121126836 0.25432359156483 0.578042727860829 0.573747177884025 1.15962228152167 0.0212264559678133 2.15167330852055 1143.72195976728 1.87315261780858 0.323577750989744
2.11641396344986 1.82877809732636 1.49322491557607 1.56099391816286 0.0121536308832796 0.222839222157418 0.406995657817536 0.401713994747055 2.14265949812372 0.0437615941605771 2.3855061850125 2274.50644442459 1.69384039026384 0.39872450530837
1.81567204501908 1.44377763234754 1.15635644300061 1.43601343929067 0.0208821374592883 0.215979253353734 0.386885724807871 0.38556251100841 0.686784035240399 0.030625287869942 2.28113333669933 116.255063339002 2.06793868029251 0.505358920093781
1.00275632784952 0.946227541529809 0.715724143201652 0.795687978826404 0.00841054589105484 0.288692975950541 0.581730465612015 0.533776007653904 0.937734986875572 0.033389737410172 3.14509626048441 361.169690405549 0.555357386278559 0.602127611657014
0.840761429710408 0.696815192318111 0.65440497210691 0.625792799716746 0.0154342615159528 0.181763783081581 0.465401538561337 0.414255427434598 0.763268928134432 0.026949619163844 1.26285577267345 33.4304626822056 0.907063393030293 0.205618954774792
0.691965020761309 0.546778418693757 0.548460282313714 0.51359357221216 0.0131548376948511 0.219434987119144 0.485055247562183 0.308025757021591 0.743836276858985 0.0426905078271863 2.81646030345871 103.705383060804 0.882991382805286 0.263352170651714
0.905953105024094 0.805435466074863 0.887343196751953 0.817138622673476 0.014932223440082 0.227379962916005 0.389711147769981 0.386244867152355 0.678271861908504 0.00121229128765755 3.22096353386151 0.0695461533819965 1.06276417207191 0.262864246221474
2.09672181079402 1.75688842308226 2.00931653238103 2.22044897611174 0.0120501656063605 0.48206696399845 0.601160564658746 0.477204929126657 0.90787455452306 0.00436772843469216 4.52031123545153 0.114322013692693 1.34955727292366 0.485843676585104
