51.5804785823173 94.7952315269684 49.7090134813214 25.011596025288 0.0328686711403169 65.2469035062638 69.9874446513429 41.0963579343017 108.873004732916 0.0530665790394708 140.864083029262 30.8599750560511 98.5317026953313 54.9510972599315
14.7475873827215 34.8227193387455 14.2813199578529 6.88832861775345 0.00728313451648748 24.2917164122587 35.9426802115865 21.4821313904461 34.0436564251377 0.10270484612834 42.3148050573716 13.1893324419638 40.6989797520766 26.0139922327638
13.645833618514 33.4825236869355 15.0099872685931 5.17865428771221 0.00740117663533512 17.1206806869581 18.9697135199956 12.8694699438078 29.2742033353525 0.0415753626661535 27.3433259727697 12.9403654062566 50.2046773422608 21.7823837652189
44.8969136232052 115.690693899111 47.1683388633542 18.3031324959134 0.0173273860801159 67.7594056977191 77.7682035485248 59.4501248925543 97.1922713684872 0.118291898155196 112.313757134164 31.4417593742229 113.108328245231 30.6403614065636
14.2315009638898 30.5610774095031 11.5174319747518 2.82237485095046 0.021472637740156 11.7701582099959 13.278272312474 11.4444806302781 21.3007621278073 0.0810579935400698 39.2266231765316 8.89111136043204 35.8092811043741 48.675919293636
22.5360294813928 59.7213551863305 79.3786593831332 6.57061808133114 0.00845360650847958 24.1086258030665 37.8801827575945 24.293486860935 39.5535755957099 0.100167589762123 45.7338212160818 21.8562109079297 62.5535253052321 12.062355801206
40.8330495688156 71.320098497028 52.2293778483497 9.33663185929872 0.0126412571503872 39.5637539138398 46.4162311395352 35.9748020823578 58.3545586886599 0.091913938703675 61.2385954860372 24.5835491287036 78.7398196992048 36.7126142217928
36.3448689185618 96.7091791538276 47.6734932635024 74.007819021332 1.24228544958684 68.5929616418959 71.0452913853568 56.8086682378349 107.218235320694 0.105828523065019 85.2249556910842 25.8511558394021 79.1921537515541 32.7859066835848
21.212720789672 48.6495717505241 24.8258662467747 3.47312846598004 0.137661725266545 30.8417334862552 35.5323592070575 27.9952250912304 43.320877239606 0.192286601273399 30.3236079969403 12.911467661546 26.7510523175521 10.0288697894775
13.7656743033897 19.3965554902853 12.9363740549489 0.694091297124096 0.0148400374181167 14.2553966250648 15.3471402862364 12.3740266169422 24.4671395318079 0.0893840152751463 25.0416635938769 7.38225439696769 56.9555130824202 28.2507345965112
10.6180111028944 13.7519440558642 10.9402442616997 0.442279933542756 0.0153720931074448 9.96490485982138 17.5885463770108 7.11036672376809 15.0797314142529 0.103291016370946 13.6103202801981 7.5314312536498 52.8160106945133 10.5984522891432
33.6879328570862 47.466393114476 35.6019354437888 2.10935343788202 0.0163609170009624 30.2748128411019 33.8748819235466 24.590457088105 48.9387060735037 0.0447703905441195 67.2649506927534 23.9324478010723 67.8193162189972 18.7906788691015
7.92075878058983 22.5818353794487 7.10433015957031 89.8671687474252 0.00896805173491251 11.8846336828524 17.734468128104 12.0800900129244 24.6192639454422 0.0321612920177544 24.0826341040381 4.88038619862989 34.3025761440995 78.4893385990297
20.8168897205373 36.2462302984682 19.5020911621515 332.997560250991 0.0138872502946393 15.7753622755315 20.8301924284281 15.5543532141637 27.520237380211 0.054376551432344 58.9427570011068 12.401116640911 54.1195142848089 17.6016003428363
6.77177786119869 29.915039603814 7.63739678894431 3.56003446675877 0.0148368035626734 13.2809698032258 15.0771075199281 8.41327288529095 14.2928613680555 0.0910549060947299 35.4501813949323 4.76743903990268 37.8069133984049 32.8122692703706
9.69533425912465 6.36208570631924 207.510130266288 9.1756795643421 0.0139363123637519 7.2222303114 6.27633736143654 5.4609323595606 6.50686720835462 0.00387620187276862 265.41088642146 11.5279527796426 50.825478615054 32.7906103632396
19.0849493760629 21.6227361471523 59.3667532668357 5.71603779159739 0.00737071234124968 1.23447391689535 2.61514757613758 5.03728183915555 2.42316996719788 0.00965736860075162 196.715946037321 8.16159256943625 58.1602490286973 35.7748194297737
9.88588186655579 18.1559124982524 338.004074232428 8.94745312092924 0.0126298675179516 2.58519363896145 4.81059058758216 5.82059585258598 3.3280324293142 0.0117506994296547 204.997215211568 4.36952557960067 82.0364013893734 27.1979511147441
4.46157088205474 26.4962781196198 72.1003217447386 14.5268907530934 0.0174500624178931 3.09798479271088 4.54287047570418 4.84345118082235 2.92176902975436 0.0234277458155301 1048.91024266473 16.2494112060859 26.6705045334147 76.3830360582596
12.5575115055623 27.3201191088057 44.0152349926638 26.3331376666463 0.0146995750065476 3.21130543138686 3.83370897708302 9.0778332399897 4.27046706789511 0.01540574195067 84.0034983724476 4.97962689174854 47.1754326032474 53.945383149753
10.378724772841 12.0669290443064 58.6960610175788 7.7453714612731 0.0111811654296076 3.9065015748554 5.60065073030818 8.5004709247132 4.36809319257917 0.0246961111508473 132.300875382634 5.28804074428625 26.4596391829783 10.1661530089677
2.50635012312339 3.91871865926537 29.4638531772506 9.76797191920717 0.0115068498322838 3.63328660258077 3.96957682162372 5.33662353593505 8.29030563102292 0.0229912888347455 175.850581391595 5.91846384318936 12.2710413505465 31.3489900378952
9.90342844712575 9.06965315566785 19.3316343881281 11.4844824668993 0.0177731930804369 5.89787025635116 6.97562084091958 13.1369391324999 8.38123458577626 0.0241240335463733 92.9356101045991 5.47321368912235 66.1804964558083 15.0011852068149
21.2346948963572 20.644362510297 35.7317010375677 12.6251584850204 0.00513966498740002 3.0938148439349 4.34203506094751 13.4148676154228 4.88409697780305 0.0111343631232267 46.4778725688156 7.12736159979243 26.2024193784313 18.6402022806231
2.28079447726653 1.82109404961263 34.2030578907105 1.2281270535467 0.0106675446827484 0.963774180449004 1.08344275693286 1.27987647266181 1.16868660808319 0.0119075748789966 56.8362721639274 1.21574577003374 4.28980216390004 60.8815243890104
17.0821678926771 17.2621267574428 36.1763572841829 6.39590757034526 0.00484387264174945 2.00918896914021 3.04028969551972 4.45326901067358 3.27594096179448 0.0172513948180328 50.0187446617973 4.80642752599544 20.1235641413154 58.1987209851495
4.27780783769933 5.1528194961464 16.715524455357 3.53490596025611 0.0165248889566562 2.4213548376133 2.16410459217913 2.42135156434572 2.14555737126235 0.010277118645547 18.1454052149522 2.00117511631956 5.06855891286112 9.85178710189339
2.09979677338438 11.8893880215688 83.5631506380189 7.32627244762751 0.00822283802658 3.34178413764955 1.46036741297286 1.60735912548075 1.91279034463103 0.00884373953077819 281.683786307347 7.61666961062329 11.6939095933082 67.816793286805
8.39372894654764 11.8040049333736 94.1932438551577 3.13691256301045 0.0197678913366366 2.4626048949048 3.96021773563375 4.20294410787218 3.20641912215583 0.0120353295713941 43.8314568236753 5.68154951342 14.6859475931224 18.9596566932583
8.33921063048316 6.51042998913909 46.4242774676902 8.29493942297916 0.00839760948477376 2.58592252956365 1.97742428941487 3.77679278950935 1.99701017899604 0.014007041012174 130.607928675773 9.59227010445018 9.5570137197964 30.0818322928127
5.64617511371999 8.85509102256563 173.245847892948 8.55864778210529 0.00415593433361119 4.3336273840126 3.2905221807544 6.27241343151809 5.69671706887788 0.0166606260307298 254.241379904178 17.3536469339106 17.9534013788943 52.7584982303263
44.6856192889414 36.2063537344272 96.1714281277723 17.9857655388318 0.00851170063594738 3.18237430895129 4.7312446977248 5.74869747329479 2.90866399057495 0.0142321003129026 134.659941620197 16.1674998589344 84.2584083122462 37.2982646532828
32.4106307957373 29.5492894932996 264.021031370429 16.4777597802553 0.00470949979686064 3.49414715982063 3.31778353378303 4.63269756506903 3.58986254801319 0.00383281483543271 424.777779868729 36.4103772681503 46.8127523052141 34.7281871516053
18.3835629372405 8.98011591720805 11.300475754822 15.6823980828175 0.0225906784038438 8.37757449567836 15.1106179700639 5.72302578955122 4.9927385280743 0.011934661857048 3.71257855828711 0.455876992413443 5.39051708029383 0.208640002262062
4.21301725197359 7.5407896750495 1.8853561583572 5.05641425641033 0.00813447749719235 4.62057190912341 5.84662834476563 4.9338440639279 4.98066457073408 0.0155015288690549 2.55877375423675 2.2429023628171 5.71985590314362 0.553977224019384
12.1220606138123 17.5779114725467 3.71929302292311 6.83683176012176 0.0154996459459752 2.87599554331384 4.95858881419164 3.77978343888312 3.72454458750203 0.00459576244191836 5.8017646509258 2.80922321251482 13.4210463880036 1.68071859102188
12.3864551358426 12.8660527810757 1.95813727372233 5.08750528848883 0.0164824628254564 1.39044698751882 2.0047248970332 3.76344636484942 3.04463069863705 0.0146740345379432 9.86104609917322 2.23691963394306 22.7780560042917 1.97429847785422
13.0422871400183 8.93388657600993 2.57534921514443 5.0859266548341 0.0100315453507242 3.69447079287102 5.13176012802525 4.59807270750508 5.69731044252672 0.0064497507104626 3.50062410751884 1.40040883625369 4.70856580630976 0.476135278993692
19.56437383594 22.4129632971065 4.27978600642378 11.2237109855901 0.00821119949188917 1.67813348544078 2.87834517659581 3.91267893340831 3.85078224539003 0.00727201173731845 7.51216678407127 5.06125288667727 15.312100473832 2.72434352333435
22.0775448439676 54.5773273274798 3.55861238326591 26.0657398289367 0.0126200586671374 3.67054763799356 7.91245335847703 10.4084129911438 8.34235456097963 0.00816890602136023 8.5336113809282 5.66106281292043 20.7952676865821 3.03093286695176
13.9305277369536 21.1112715162242 6.44359282635024 9.92487522264615 0.00836418873794825 3.86428918023211 3.98472133121502 3.72873047138146 5.32346208556446 0.010272883298107 13.8524996327215 4.66902129848802 23.6449938491361 3.62483797977593
22.0960105458366 20.1256750776735 3.5154721086015 8.16311986963708 0.0158624828738124 2.17121474218577 3.09154891023915 8.00030737619302 7.36322391430815 0.00429074622462156 17.9054541733461 6.06655926834783 41.0431476295075 5.52359439708682
55.7351465206279 5.69459853859748 1.44912936545467 7.00969208755891 0.0162974957582319 3.44501345136935 2.18622245426348 10.1483259055039 1.38910421840402 0.00515866769676903 5.8776474783771 5.29826570616023 12.8572264316453 3.83461401337709
19.954459051335 4.58966941793025 2.65325398290743 2.66857913017749 0.0107534827422775 1.96551861936861 3.63213608726662 6.22515921369385 7.20657165486163 0.00549366912194495 19.0799766438535 5.18282667393388 38.4824491873684 2.94906025420485
24.0646532636721 3.61241179533886 3.59865197814081 3.14221356099203 0.0141565673113936 2.18608617003408 2.74640718606567 4.03898775244713 4.43995380171578 0.0137584749402217 10.6725757057688 5.67228216070523 20.2707593439521 1.80240721981835
17.3441544513562 17.5130838268082 6.29719647996085 8.33516465796503 0.0115143733768669 4.50540048367172 0.958351708136133 1.94188795468268 2.50582182533407 0.00423691685051263 17.1170922571085 5.7237308820849 29.786163783391 2.541679706607
6.22364843759205 6.40375098082064 2.09568469421181 3.31211606353409 0.0183196089417173 2.77875103633526 2.20691828387665 3.35766164136697 2.21708971402932 0.00776806877593245 5.55625640809174 2.91055818302892 10.6267038516972 1.28220321339931
26.9649438971887 17.9861484239962 35.937042421497 35.0017686691462 0.0206178756457175 38.4615882251706 29.1011975358646 35.0860681763925 9.26577120501944 0.0246080706181389 15.0212538570969 0.801549837732755 41.67840909866 0.402039611559717
33.673368938037 15.0169842453944 104.157154070594 105.56150392092 0.0256931359228008 132.150377492644 119.428151660609 99.7954165334367 39.3542206284446 0.0393687140599991 33.5597861070085 3.15587846742067 109.67879339803 0.625060612315344
1.3486439719982 3.73325782174344 3.16483700105246 4.83849128171224 0.0266637254693005 6.44092031469482 2.73368061481736 2.07357473855878 3.51692320558634 0.032431363104011 2.12391345493977 0.336305743336893 5.14201544734625 0.129563239281664
23.9918810183704 3.98362953780903 35.7815477653347 47.5342955170464 0.0261856421028611 34.2944728435778 34.8406624074821 32.377958923157 14.4933105467059 0.0371131540548973 10.229765129384 1.47621326504663 59.3418292868523 0.361261704506782
17.76356913483 18.682628722071 13.91202206855 12.1611285637637 0.048100848357142 6.00212111692474 9.7661035054811 6.08199384899465 5.27864977364656 0.0273201966521457 6.0701638533904 0.643184776599322 19.6096751305774 0.101322084878454
4.71828851624134 1.50442836286966 0.700142166645565 17.1816175821415 0.0130446627075257 4.38697874920763 0.917803074690438 3.56745694052889 7.69956713514788 0.00811010411164291 1.9811449566465 6.6808027279251 2.89525701209088 2.15338011197538
3.42070766790735 8.03324548096107 1.36744831902953 12.7381381818403 0.0164321087598184 3.81397353569574 2.69517127213988 5.00490752294069 19.7226231176704 0.0276136147074802 9.9020047213197 11.5116635764016 9.36012234450761 2.13986443393856
4.05514574229999 3.2606023018217 0.517698493928649 4.05929234689243 0.0132192930251464 3.91387767604816 3.24146942719732 1.97989561883004 26.8116415679009 0.0130332951876798 3.99020047810287 4.24039503575497 8.43556292130473 6.77398275912902
5.7577688522168 2.14057222865292 0.455828982411171 5.60796520845859 0.0224065082211224 2.42454174623219 2.48069754392096 23.1118422489767 20.2232102294546 0.024244548955166 18.1103018959775 2.59081850650382 13.1091904155952 5.78753100411353
6.05673244580826 3.69294049359607 1.33886395935581 7.44228213312222 0.0214089488783679 1.80906112055885 2.74797519488508 1.82838756330603 29.9150383021587 0.0127987164438204 2.93282419414702 2.74744302299467 16.8133965585657 5.49460376734275
5.2725350234169 2.89380781236997 1.45181242159862 2.40780258821604 0.13497811015924 3.60174167394271 5.06272171963642 1.42800102789756 34.4418681046736 0.0168698847554995 5.88323786422741 7.65104169120201 12.7574123139641 42.154183890401
6.5455027274839 11.8457910912366 0.673972820027976 13.9084406122344 0.0201626408452588 0.460268344022014 5.60701337214378 3.51182432525469 45.4401692930396 0.0112914604996432 3.70937154109976 3.40082254712066 6.7666529670352 3.38078855252268
3.18610435409424 5.66680369052865 0.81583919395177 12.7308180702459 0.0269454718809905 1.66227039547334 4.92188592961226 6.57435442240821 32.0957748764714 0.017619777935363 3.01499173353011 6.45708471890191 2.53423762446675 2.78286002860492
4.03031839479065 1.20243189809139 0.705547820312861 4.31692931470711 0.0205399100471969 4.32003095735116 1.67553159678744 9.82308575026425 13.9799769615557 0.0158644749795513 6.48992426460634 5.26103095938273 12.140543003039 2.77875316910379
1.6473816793971 1.78165487844833 0.241147185835732 1.64133467559009 0.019371118913704 4.12438270396816 2.11780404087419 6.30748935953439 15.9763796756592 0.0199214556962393 3.71518794646109 5.82662609443957 6.42607723641729 5.07667565578801
19.3509789379983 5.81630003653174 2.3550397437052 4.50121179810939 0.00761097607239319 7.61988277033039 10.840529862938 5.27142854558141 134.978799107887 0.00967430604866983 8.09964883535257 3.82478745025624 36.2964289098497 10.2017748776833
8.87935823778327 2.08267734220516 1.35232726292837 4.41402352093235 0.270019080214749 1.75844485857283 4.97393369872152 8.82507785946742 62.2654917374992 0.0208221372246316 2.75107523478173 4.33264870465982 12.3544335544827 8.52732600607211
4.68713679615902 3.55385952251041 1.45556277787022 12.5789953201497 0.0897647235686951 2.02472098822787 3.43566257262344 1.68088357945332 33.4708945873087 0.0101624780621304 2.23432234176163 2.07871768025405 84.3153139041058 10.5879547166656
3.63409050966604 2.78533212282362 0.699642751596312 2.82910210064753 0.0313503821371328 1.1868203660223 2.90106638466969 2.76402606967057 24.6370967807999 0.015870520017384 2.11199345636028 2.56254244307901 11.7618747522557 13.4516313704659
5.06344245050232 6.73355263392023 2.73726370079329 4.73396498935407 0.0191078585645405 2.7348450008947 3.235790088471 2.09003415938012 36.7277812982786 0.00908916205115224 6.73062611780458 2.96048084140045 31.1541173197329 3.58475572826339
7.53614396087966 9.41301046833547 0.624197663259663 7.68488691189809 0.116908818721154 1.51677418847507 2.8634184570722 11.7262129510599 58.174631566855 0.00931288534417983 467.803083838209 2.84786022214769 16.6544490490347 3.10681216826532
5.77651235258331 7.0280029995528 2.82670510917318 4.82308138881936 0.0146275825487921 3.07981952060885 1.25063584546254 0.894281464284734 37.7237151144227 0.00395354104768558 8.19899658016051 1.66380838668976 11.5694558214951 29.3130726386901
4.75637092694128 7.17737509698574 1.51097261071755 4.30202973078273 0.0238115485906584 0.999376459896721 0.522461684318637 0.222921170954979 24.7081688265697 0.0139913631857528 2.06517603058768 0.602140860771812 5.03033261672801 5.66254045616841
4.07910931699609 3.03714996786339 2.303679430058 3.71489822217505 0.0124877397548532 1.00373839761185 0.438600843329003 0.327431489479872 29.0867812197692 0.0137804207673652 2.26210845733132 0.94266805516204 4.48363149553512 7.50397016010789
10.1099805685304 9.22779244362922 5.09137541559319 6.22284667335968 0.013337062249619 0.738512640728421 1.14505764752032 0.284933955242252 73.6438231990629 0.0147325473196491 5.34150574941121 2.55718372654274 14.3454220067448 12.9229509118397
6.57210282975844 7.06103907856054 3.65601159421514 15.1534476657773 0.00549405162355754 2.01992711167993 0.71763042529728 0.652668249579273 131.034239488388 0.014557690733671 5.08731328150014 1.78593683722101 10.0015771805052 30.2028822859924
7.27708292457333 4.46866512180696 3.33882971933871 2.27897221913002 0.00489540703741105 0.799438703846003 0.370266281848597 0.449744794815002 30.5716541786531 0.018458558369206 2.1818649389879 1.38714478503783 5.84168524879655 27.4863502849765
2.28120921566903 2.44557702660301 1.34068286522378 5.66934899944594 0.013148821365958 1.40190372448227 0.757164698494656 0.71464766184617 46.7199685701567 0.022604830290132 2.90019721029379 0.827210030737802 7.95790945511516 26.0002005131425
3.43782624683213 3.80938249316218 2.07470895771112 5.83809117736965 0.0170763055721046 1.95053166112408 0.370402294648523 0.727226614301557 83.9359285146962 0.0169141891127377 3.61089872963313 1.15437363658049 10.5020301181949 29.1983366904928
4.84706891891094 8.74151649140182 2.71525074704866 7.37758420509262 0.0163001081005062 1.30793401092364 1.06835763274395 0.921487356635018 66.9274712374849 0.0136039073593669 5.36761733092748 1.11343296100998 6.23913183370224 28.0954100300486
2.51087028370806 2.49329953012092 1.27982382516006 4.78742305463669 0.0139416547490547 1.42414891707338 0.741759493829088 0.300494384126112 41.6640082107706 0.0121226120451152 2.11097266691909 0.709833626674548 7.05762095359615 12.1998585496411
2.6007267889302 2.63667261224819 1.38890713896664 3.41529023598977 0.0132920166935794 1.13989702906221 0.420660829629983 4.84577509548708 55.6471048371424 0.01207307639015 2.12937697475519 0.621907009930139 7.10074890256149 24.7626021036102
2.18920657646169 2.06695389317379 2.81971349948467 5.04317710654532 0.00913669092154865 3.37430821026608 0.520393561209032 0.853041832534386 97.3893040531938 0.0215422602766801 3.19910632851469 0.906572756177818 18.5983472812195 10.2092196928873
5.45438584844051 5.97297626178282 2.95872308469541 4.1190936446844 0.0115377249955333 2.16316511202746 0.938887685655668 0.268366300717309 111.749967831911 0.0098248214296885 4.32937277577418 1.22431211977437 23.9114768026786 13.6301065707845
5.34122302946083 60.3759146815112 2.98526382143507 4.41568804854194 0.0103956453663046 0.899654900388791 1.46086396792585 1.93946266227745 110.066279867355 0.0187550245600605 2.95317154842372 1.32098205246304 17.898568550603 6.93528786421877
3.11510557898478 50.9917756207291 1.68372035715188 11.3311603895971 0.00670116353520294 0.85689362534247 0.972526573508999 0.867460833276579 98.8780851867347 0.0234777837996219 4.64115560125811 0.952612320647534 13.83532001211 12.9848014622924
4.73757719426267 12.9192940906783 2.38305888378227 8.06490152297514 0.0193759016958989 1.04334766998781 0.562688203133918 1.5281171577696 90.4878068290424 0.0137150716447147 3.50950748768433 0.895842473626073 13.7895082708483 5.87128131899519
1.99817002030879 2.01010327093502 2.06485434063474 6.52972313836143 0.0173259056165312 1.28353498868861 1.38066987847875 0.225425488289875 83.6351490749675 0.0141639073238808 4.54387143108539 0.943388085034846 9.1925423762477 8.36610948694291
7.21837829540644 7.59862171874965 3.3444806999238 4.86363658468831 0.0150730865266853 1.90842680218523 0.451757024981903 0.480462566470609 116.125021976046 0.0208289475673044 4.6925722793881 1.89167060351313 18.6374382239332 15.6850746379049
4.09811475960951 3.14221780627498 2.00431452978379 5.16654482764708 0.0121566697838722 1.27777101213336 0.849415821179186 0.258545677273672 96.9703305940031 0.0247442150928264 3.51316680494244 0.756298985014875 11.5266598940042 20.7040920991814
2.70219064670766 1.54540877328133 1.51325690331986 4.0965723482674 0.0198373236801044 0.832630980580793 0.823034888887978 0.383098027360134 52.7983391046476 0.017629904888284 2.87788861219854 0.683546900553222 9.07300804377495 10.7771249643982
2.19342361191957 2.8695565854746 1.11771892256062 4.66172118532558 0.011371604842544 2.30822097302491 0.562212073738153 0.32166543467531 54.6522684876241 0.015710847976627 2.23940144452945 0.672114053791945 5.9712649190495 5.17631041549186
4.23169650835269 5.03426903528355 1.46723345731303 4.84782725758728 0.0142960475413456 1.05595534267009 0.66537956415755 0.649866498268215 112.180802986587 0.0253326423032587 2.86626975423151 0.685824269404511 13.2163948857246 14.3205464028966
8.43182775675109 7.24638817169444 4.37715948843415 6.4660480859543 0.00680754388613525 0.881539853768655 0.488000512503946 0.173106892161932 161.812155884886 0.010363193761987 5.7177715333064 1.68054177087873 23.8747233835664 20.8263207642353
1.15341475919777 2.00985576912789 0.665051551318139 2.46030360144817 0.0147579601156048 1.46326291818869 0.728011890752661 0.290060572119837 35.7886292183166 0.015257935606212 2.49616699623655 0.412093155724618 3.29368966477375 34.3702273390568
5.91531203109566 6.17432788755944 3.38801323857811 5.83789903010772 0.0118239469554659 1.15454936058908 1.14209782326264 0.462073799149017 68.4490936757418 0.0116482832468988 8.50684346942246 1.49216793281347 15.1718261112002 17.3934387885589
10.0847832617005 8.1133761003462 5.16902641081651 8.94207890465499 0.00929549776432265 2.50869131248351 1.48154630920175 0.873086362323197 83.7761406482876 0.00821826711643815 4.82416583061357 1.9038245815168 11.449164899263 7.0395093147194
1.77910383565491 0.620728315003192 0.857763148817501 2.13687388033982 0.0145677514237224 4.77980938780881 0.539383441916314 0.164495012180306 36.3929387967683 0.0109594094526538 2.10637291436974 0.576841162651951 5.82959426715583 32.6634971755761
4.23489740970423 4.64968675741938 2.30318565520719 5.17518524577185 0.0131390389910056 2.25747545386918 1.30247828093438 0.152528226001538 52.3759713200352 0.0122121670396852 3.77581992935269 1.13013621137092 13.4646131602416 24.5454774706798
6.35742824918402 6.95900824461933 4.26680696982539 6.33107064115375 0.0190109905232972 1.25534322696353 0.970696605421744 0.142922295816534 60.3900998665407 0.00527442987723687 5.65692963668781 1.8502332176979 9.3157208118278 8.57573948511978
9.26191197208521 60.748697115097 7.37158466733257 11.180708502883 0.022236520427063 2.85207600900817 1.16208224877503 0.35152226015859 102.398117444499 0.0167422797733656 8.54509050549792 2.50240988122811 13.8855171891276 9.22380875927824
6.78325730038582 5.95027668713551 3.82340243291063 6.21786516673846 0.00869778148903768 1.32117143624252 0.23004051204199 0.406667909042568 54.6234505528801 0.0187241919760573 4.95837627245855 1.40918365458626 6.10832953240298 7.09081557333985
6.52627564494887 8.59107686662456 4.06236823514517 8.03171825061405 0.0193784488866974 3.41793869233419 0.367966724942429 0.384260632965914 63.9955949242038 0.0149358216550219 7.21453105358545 2.19405913931065 8.634955601915 6.58427003894369
76.2797305194477 65.3003832374905 27.1174816072337 84.6835290270005 0.00885061457903453 5.8152816535401 76.7356738436082 188.25664208697 54.9084460769323 0.00635247135704026 89.5848024753369 194.368889739428 89.0676406021043 61.4625421882734
41.8527699466481 68.9005237819905 9.08949601788252 63.555737972859 0.0241952647475926 15.6215718101934 38.090858422146 10.682767530284 51.3088838949706 0.00997287031863519 91.0041404121191 18.1436411461764 67.7521471654675 21.1913815229615
145.32591149216 306.612215959389 17.4831076348368 282.382819599939 0.0125946864218659 88.7787512941372 144.65886382283 110.994578600499 243.575074511981 0.0127556804083597 305.210147431693 35.1975947378965 255.308357831543 87.2211327538356
20.6263296614075 27.2214427872729 5.23332320912018 24.5762506059411 0.013387128209264 9.64172159116749 6.4721385793495 5.18066875066353 19.3595466080203 0.00912114803250218 21.7568413283098 21.0154590929911 19.1190111768678 12.3640083961727
55.5275359900343 83.5477447918302 8.698081850723 53.3324800787278 0.0142395810414912 8.49943523229242 25.9119717938304 136.088875682731 77.2142837728927 0.0126878755235607 56.8521762810579 21.7537419544474 60.7813128799906 16.4308909529647
34.0206216221959 47.5466591216428 5.57861278057286 36.8339038914855 0.0214397494704466 1.00321066147096 16.0048772430015 15.6131682106192 25.3466221642114 0.0136561747243447 50.610028565791 42.4991905601583 61.3139719545506 25.9269861170903
36.8832382964298 36.0252498683052 13.8551362847965 36.6993525522544 0.00749706132603654 7.95951097506586 11.8482370257638 29.2666201161914 42.7901229021082 0.00861905286761988 59.7488787652187 17.4929892111698 34.4378699991693 7.71999607968241
2.96377525406651 2.62322085660101 3.15480112289868 2.01753264302642 0.0152626780255522 3.61535963630626 2.11428618877976 6.01369346105273 0.622761144469791 0.00620613949823733 1.10658026894645 1.80643971426769 3.44823064648706 0.451989050616742
26.1557215837741 21.3118008640294 19.9687542618541 12.3374972003075 0.0106440750755717 1.00516381911117 8.19424226424456 8.18990170604694 2.18377907652456 0.00887082922954013 4.01466363582475 8.37225201898677 23.8234179939204 1.33153176423526
69.2334813345974 55.2503368404545 43.9718516261881 26.4632519114977 0.0112431012659281 4.14625311181162 12.503099739469 9.50342761646277 3.00745201507576 0.00484187188021435 10.5070344519322 17.2911351216202 38.8204479578363 2.28725229842413
15.7936084222712 15.784020972327 9.86163526481484 9.65378341986693 0.00965728399158356 2.36514289510115 4.51240114008313 4.66623886727241 3.36940252860619 0.00740673463074116 4.49078046119488 4.91394732903137 13.9409099926111 0.629369799649374
25.3441817469072 18.1631391037902 12.978995960974 7.13579473939025 0.013771985151381 0.794128892037991 2.29918436313848 1.64198654932113 1.72171252672947 0.00743904577479475 2.77502121934358 5.5516886846412 18.7535706891945 0.876264160232502
44.7315829720984 37.4689409212474 20.0588520559039 15.4197358716992 0.0196550276426189 1.73921611703298 6.99568103044941 6.42043577541431 2.50058947195328 0.00667231854433606 5.03542983860187 8.25689828510236 26.0798113593269 1.18103321496209
42.753468315489 33.5769745053252 20.2684970623509 13.9965119333951 0.01311088239559 2.25168938277661 5.04612811864547 4.77249319185132 1.83045029020505 0.0116668635995906 5.34227217636234 7.47703887882402 16.1134253078916 0.927127638173112
10.24973147604 10.3811029914213 7.81412165629751 8.35401223577961 0.0368445918449881 1.64589241383896 3.43910580051734 3.18505667671168 1.04667424930723 0.0114152486890844 3.09764810929483 3.09253889479215 7.23855444897554 1.30662222238373
1.62846383571034 2.34195777083754 1.93862972697896 1.42513561476167 0.00938162072189028 1.45105584300456 2.81438437368437 4.24159251366253 1.6629914740707 0.00599088511691952 1.03742892541012 1.03823766459235 3.27823155632158 0.905011046018813
48.3014434129767 33.0329277525476 18.9725008059367 13.6879446193493 0.0108633916297391 1.14237846856806 4.7642656398374 3.88626986012628 5.66728899767296 0.00475105786805081 5.06928915024291 9.50622316856293 23.2564707303786 2.10143562620077
12.1310156664376 9.64001613205244 10.0321394662449 5.24554856560584 0.00789044156997908 9.08683043419949 3.9723894641777 3.9086795934075 1.64238563897551 0.00174791222158119 5.3606818719203 6.0240536717148 15.6395972300213 1.106291966545
29.6444849198514 26.8606052373886 17.681331809042 16.5637386177509 0.0046798913351335 3.00568607993697 9.48559208036929 10.5759233848113 3.37320129703021 0.00330264124543736 5.05866282132041 7.73820406460149 11.7329300675085 1.64744624661231
9.35977871608628 8.53805543286143 21.2307285987848 4.64567033617596 0.0109626048255771 1.95680902738532 4.38562634345835 3.68792045711197 1.83829451631017 0.00452493474379462 2.45108872694757 2.96889447145111 6.6004572108888 0.765624125772353
5.60285985458892 5.92685609805266 5.65642334305083 4.47087969586297 0.022446645644155 1.99286815359095 2.7461053832098 2.83774058824853 2.59422593071909 0.009002319355749 2.39399615709968 2.14459502592152 10.3499962146058 0.343246005325759
79.2399916663861 52.0600565124109 39.3928107267954 24.2868104133514 0.0176488459643115 2.10133409364684 8.52515777676848 10.1503890426265 2.12098599759701 0.00632718890615148 10.2546095919069 17.5585596767951 44.9259510920096 2.46179218319429
19.7082580892763 19.2493461792691 10.6832541999159 9.01037221821132 0.0145268737736586 1.68313529083982 5.35155095587034 7.34489294431589 2.52477525313775 0.0018860263098749 3.70391571371981 4.46971854973024 13.0968292305364 2.05833804127063
36.3933873381075 27.2949967466656 17.1824919811782 12.4172850834786 0.011279459785203 1.07253126228886 2.61593587257089 1.99952129326035 1.22439560510992 0.00618510582414366 2.40117524894606 5.8458928633467 9.19610869063122 1.04683430912059
22.6963281124226 18.7726321564468 17.6346453516271 13.5367074798947 0.00418274657496687 3.0956272266568 15.1736811177093 15.8011278639292 5.79277373606329 0.00310315714632166 11.64914853377 9.32004971214366 26.1940659156736 1.68594383151245
21.0357536900374 11.59859067596 14.5365189823532 6.45310682884087 0.0112027641670974 9.6213949815581 5.66156702490142 4.70730500668668 1.27275934328304 0.00170997634709899 3.72520733327497 5.08220609229404 7.41182453501657 1.10429271681386
19.6022837392142 17.8618751929499 18.9748478703108 12.1433228048333 0.0109362001541743 1.23779674896313 4.19428567563318 4.82974694821216 2.45805655610317 0.00205526630462575 13.3121015420551 5.42681369133456 71.8087342272137 1.35342667861671
8.47530696627583 5.8476815568235 6.73830036238411 3.4751288566756 0.00626442277379537 3.36068168003114 2.92323930150364 3.22500943077297 1.86820011210886 0.00714634093982509 2.21475337098475 3.01457295153901 6.44143120800035 1.11499013862299
16.2416295949845 13.5197360081468 5.87119066248259 6.47315504844215 0.00802039812618061 1.71056275629764 5.38804706419864 3.77864722904272 2.66768582595251 0.0105442822089204 2.45623316216378 4.08844378768984 6.880258302729 0.901162208338763
43.0947983587032 32.312680386543 21.5441812207274 13.6441926084478 0.0113414424335798 2.30866750448028 6.28375156314579 5.67917833851249 1.49530498590606 0.00451232056168278 5.15271636059496 9.27518649613021 18.3711286524134 1.34868381464801
25.951942225784 20.4148082318233 11.7198795545204 31.9597084882475 0.00878818406552121 1.92781984393487 2.46972967867704 2.44302848831165 0.959911168587716 0.00518550041971421 2.41656317545083 4.45646822078147 7.86668842612174 1.01874075028284
16.2405135161291 47.8542972028829 10.0583078908889 17.8908742621424 0.024153464361004 1.25734980142324 0.84663271009269 2.71168525700781 19.8506182123711 0.0087054989411649 9.24614561680203 2.11479661472295 29.6418779196016 397.482490877341
44.496954721137 747.815526358714 26.2746892637465 74.9605100236568 0.0581066932328069 52.6499227220284 3.56381463484364 9.24462955569737 73.5380070825902 0.0123757470126308 44.3695329810354 6.7215210792425 495.008788430917 92.6532180254096
19.2425591707507 207.257027801197 12.476820241604 52.3751848252912 0.0384282035873332 168.398598452265 1.11026787900512 1.3124266940046 47.2996033392408 0.0060530898590737 13.2727847817921 2.50829692422276 340.243798384113 111.807080878281
20.3835491756772 609.948658745212 15.625939693883 54.8290377974679 0.0230114577571592 5.56525044114863 3.59438470189017 4.18287762394687 103.466759962529 0.00838937836536397 32.5187653413753 2.51177200527963 1584.49865790018 216.745561418515
17.7371058361604 842.500816133855 16.4234719542982 49.0036600382103 0.0327006633134493 4318.30263322951 96.1875795848833 21.6001493597967 97.5992126196985 0.012292993947646 25.9115469927593 3.71576490214598 172.73362114334 103.006161677678
3.3329296032854 352.565452968084 2.206789707126 6.82090026000538 0.04037905364135 9.5784260897518 2.67057948509328 1.97746779693214 24.3379339844838 0.00238096765281548 8.3385374712641 0.885311513393284 298.734861336384 129.880303538578
9.17374532017293 259.560657919333 7.74554671788227 12.9654104874584 0.0192082467605994 8.32778717305437 1.75840585235107 3.61721294463782 12.0586740545488 0.00338004224505472 5.88934247726227 3.44124304739804 124.472400898014 50.7929137614743
19.3260915864534 1228.83298384991 17.3893353535651 30.360704014977 0.0552224237008875 16.2550369330399 10.815392965701 12.2136868549403 44.431480219733 0.00725121108574564 15.8608236604691 5.7339129173728 54.8805242192784 35.9612711159237
27.8775996771927 700.903459482682 27.324131616466 62.3097693158393 0.0380477748741945 33.7311019518931 18.4962319594508 18.1184665719307 82.0346049304477 0.00277110836960078 19.1616588733698 8.59642898276453 75.1395240691825 98.4521167422361
10.7873350473455 14.9337534206237 2.80545670462875 2.30037485947837 0.0125824119284927 0.456663760725055 4.59398442730462 5.5795744743553 7.54042196625871 0.0416819033114613 6.1074636675364 0.627390300253315 19.1457067314292 0.201953637198361
15.7328354768295 17.751847012625 2.20466525031909 3.12175268336633 0.0275943413279137 0.613097834191307 2.9063446639198 8.08933287469488 6.40964675839903 0.0300126206222696 12.209556611561 2.15027770540917 21.380699641025 0.915143292956332
13.5777463863724 13.3105257195831 2.77987174078637 3.37948952942375 0.0119542611461989 0.363225063673822 4.75564651885901 6.06770040232353 8.48541534199005 0.0269200498664592 6.73179767407475 1.00556312083381 18.2176518313802 0.990378949839848
9.05605433722028 9.39774887158068 1.8371373893169 2.69879578462645 0.0128051609679135 0.359770607244288 7.0199572678994 9.19430489856285 10.7928395817149 0.00679877160070879 5.49525268764579 1.14782766743681 17.6975062136157 0.360650137204997
8.89771753820261 11.5435022474644 2.39016060792692 1.5707837560982 0.0276341693982939 0.563134310922757 4.68210156543332 8.7474851620979 6.71750396781317 0.00863163364928507 4.72002039426098 1.00647330330005 17.3272509356682 0.301291074350098
44.4087000645335 40.3554164089629 8.73410533875675 5.86349646140064 0.017049122533622 3.04483252154029 22.2273675286849 26.7409277825642 34.6982355416951 0.00373844089479356 23.7048351488556 4.51795541352251 74.8792317952479 2.67352932788387
39.8364321350352 49.0881145118077 13.5596688369794 5.08662855991691 0.0187780230765829 2.17757724362143 25.0680504195208 65.4439577086549 36.1963915615807 0.00331761721583336 13.1643097204237 4.50672891498151 14.8601819990425 1.46321948195096
6.56661328978182 8.59245994907423 2.28143235564586 3.10314298743877 0.0129998208117327 1.20841104977508 10.1570323089054 18.8246620245121 20.3169356009456 0.0483310003944194 6.55353930267962 1.02345409718489 11.0172654637838 0.375793416059278
14.5937274305363 18.7473354233327 6.69984952697122 11.2402450473322 0.276768487794137 5.34758543718758 13.1120087628903 10.8446659954073 138.949162087004 0.00694730037036238 10.3623964983398 10.6328812042575 21.9755735837983 15.2919769559171
8.90562605524727 41.4677872763855 8.05905653035505 4.66558910332093 0.0305514298428282 1.98670091734469 13.5296150399243 3.95953339377002 6.6974146064552 0.00159219398596568 7.81690967649438 11.091534391489 147.209073129389 6.36937812715518
7.10447186041631 14.6622099091593 6.40977025148844 4.54107252212697 0.0133435559817034 6.49264347199517 9.30672512719546 12.8968902775969 54.2838650468788 0.00716844798202337 8.19901594098421 4.70692041449814 20.5291314825897 23.0704030812617
4.60188572266217 67.5400010091419 2.93529265233566 20.0924788410389 0.0344215464827449 11.1325112178415 8.23794532662285 7.82722243981973 14.9608277504978 0.0092880725160036 20.9626065690042 12.9531507990076 124.159295894235 11.7765007422148
31.2516167251353 39.65061033058 20.0031593667588 22.2679809803943 0.137341134022857 8.51602282052909 20.528325999642 7.75128239524259 10.8271158665178 0.014531143894681 25.1939313685999 14.2799554512118 47.5949679487388 17.4417144401579
5.60043204090121 8.26721433493026 19.7195913826764 5.38500331466499 0.0177748817810924 6.22139244004377 16.5970595224434 47.1321960723132 22.5796436272194 0.0353952349411842 25.2489233037019 11.5209659699745 25.217764437772 7.52350828490509
19.6268841292738 233.027621867951 6.84515635557824 9.58147624090787 0.0279176401392676 9.73933367060855 11.7548739988866 15.1499560623686 22.5102939415913 0.0452772945515751 23.929650186036 16.8816712231243 75.509135338342 11.1158743305403
20.0379253260844 49.3356196939503 6.47611264799419 16.7531882188127 0.013408496164698 15.8193178160834 3.07769421777025 11.1248786684392 20.1453899960891 0.0239191823895835 13.0750248722705 0.949535374463416 6.15713560001673 0.916286055798066
37.7743177135277 105.833735570481 80.8362190469964 30.0459876130592 0.0283169188195678 25.6372861237693 4.65800108222491 24.1513912720662 39.0454079194152 0.0044988563787809 35.6411869580055 5.13513279667433 9.52375832212129 0.746861833767627
16.0241611742579 31.0938053406697 5.89282884115043 33.3853003559204 0.0170979756370076 65.7414090988096 7.64947757141792 16.4368985598476 30.0588073188887 0.0039813197658839 10.2632861908437 1.80596524871688 5.68406498132902 0.356189120663972
5.18116269231507 9.30875245916501 2.23381221056796 20.7450228099127 0.0364549134188586 0.320110776127422 18.8942704629964 3.58347586954502 2.11242814434847 0.00719085117371847 78.3812522227852 2.03994234308766 37.0872602956394 2.46234202958502
12.9058519013885 358.823848357014 6.34708722630381 9.52793195920042 0.0677433759804704 2.19192311293389 4.94394425855758 4.06022206414665 6.22360892999343 0.010427497222841 64.8979506042887 13.9067371680076 106.920873819963 8.41603966159459
42.9154429134676 30.1617876925137 17.5113752745607 18.1648635338948 0.825352231327429 6.06059694189995 15.1211095640111 10.2578180202756 22.5757008377112 0.00809385540489049 81.913931568731 35.4470892951921 112.073488931281 26.7256748876397
6.66595202976075 5.0371931938281 5.8054364756729 3.49574699431837 0.0288332669094792 1.64012298105614 3.968306211197 1.97206936190418 3.49944354608657 0.0100153689999357 29.6054170873052 4.9047361169465 15.5330675473034 3.101645747498
40.1990255922836 44.7298823673096 20.7350855661654 20.1285752904597 0.0193979549811845 3.72120504295681 9.17821298071237 8.94148764048214 18.1584196525112 0.0046497355220821 146.034893577938 43.1905600952036 200.873052994145 15.0556719320105
41.4255207253691 37.8064954637619 15.2328321731413 20.519917850948 0.0210526021334344 5.91673887328818 11.2863941709289 11.0042296365194 13.0933235205528 0.00623198457097719 47.9495085258607 26.0290249870956 73.9273104297744 6.85559871108267
21.440026876273 11.7601942592516 8.25142643240142 3.29116839781972 0.0135233469905686 2.6640890912366 13.1115963490285 3.31043397036075 8.00836693370551 0.0109938807982871 33.6832385916691 16.7311961325078 54.8394390504638 8.85736946520884
23.4910485743279 14.9978844946703 10.1628317742033 8.10259709720745 0.0123366985452656 3.48812381738137 14.1758659455335 5.56199162592361 9.11355352671987 0.00574433231072939 42.4350401196562 23.7506392325278 78.7543401484281 10.5429833534706
35.7343752961183 15.2801148076954 11.2026237242384 8.95265785352577 0.0156763353933632 3.48213432073935 4.46229608156831 5.2914016382411 11.0495936849533 0.0105160728951416 45.436157216764 30.7723182649228 200.559669236641 15.7205810279944
15.584383615378 4.55756172678044 4.14226231395822 2.93191708576886 0.0117788663960464 1.90954864526785 3.79966434522809 6.38591732586976 11.5276411188049 0.0105826575189175 57.3781243910156 16.7213826500187 105.008720860582 17.4006804505966
20.4632548834533 33.2288728917969 6.49018116483331 14.6663729628462 0.0151870292984413 2.97171152127507 10.5529793374601 5.44434649670689 5.42409633864684 0.0132657250477652 18.4960269521953 12.2753280899644 41.8520631946172 3.83740632616445
18.6425987265778 12.5042291445758 9.95041716093278 10.0783976836861 0.069216339977408 4.34179374978284 7.22113907933669 9.40230306354543 9.38861931327669 0.0151811987556919 38.4678152841882 18.3875306129492 43.7597906797451 8.97478121578265
41.0866707863032 31.42325799401 13.745909857205 14.0291232282072 0.0178644271647374 5.27187348386205 10.0465759990307 7.01089290304248 15.8289705615022 0.0236875898368212 74.7105898612913 36.0223140489965 127.596863048163 12.5475790833732
13.0884079064533 3.47211424106958 3.89083612451001 1.50479680351974 0.0251784999541817 0.978715934594925 2.32835790827242 1.03139754555025 1.69876262449789 0.00563790976430831 27.9562561748647 3.89446136370453 17.4920697486971 4.8311025411068
3.6648581515929 2.87056712808738 2.65985916266727 1.43333133259271 0.0395836711252508 0.568903349916632 10.9954707738641 1.29703729814847 1.45182270792855 0.00696183719950052 24.4730686021265 3.77504704819401 16.0404809457876 2.61690908225677
17.0089444473339 14.4824447094933 3.39800486394111 0.782807338922028 0.0487867573489751 0.814193286257649 1.65910694847842 1.95543261772965 7.95959312926452 0.0607566659941475 12.0579342835275 6.35512767758234 7.5461713055227 4.13509296018487
22.5863431338488 26.2298321787604 5.76270557172131 2.15648458727978 0.0205669139902783 4.58261505903439 9.71256288374066 8.56142637287093 12.4751227164048 0.03185653009758 5.71068999135481 10.5191098420832 17.2717433263103 1.91285775313805
8.51984414382238 10.0744236962916 5.25102543087354 4.46376406191698 0.0129934677788062 3.21950127760219 3.86926561690402 6.70551576329021 10.7840671801842 0.0630586292864223 9.69395588927063 9.51521490909768 16.1643446951743 3.14846737645256
5.99190242894464 4.6446039284033 3.3082126080941 0.465591752268538 0.0779087231306305 0.79308567097459 1.41389142429581 3.69945293923602 2.63691338863304 0.107731818900917 3.98970012800224 2.62029444569825 5.24152588799099 1.51861243427608
9.42704733200983 13.2747229648135 6.98770393612261 111.880057620213 0.0218636704320332 6.46913478770937 6.37653633240855 9.88781559151294 16.520393684301 0.0982404986297589 11.1487927449366 10.883058245184 16.1656001321289 2.40089974942727
5.90001093756864 5.22887456801905 7.97374017701895 186.258764992458 0.0148311052065363 5.49996591997749 10.6206127843328 13.2652477641709 14.0817709314008 0.140746159937309 7.56541590745122 10.0304266436321 11.1147211219803 1.71787025971111
33.1884261583567 38.5331003500274 20.2829863296529 57.3685896645788 0.0104852434770635 38.5552793257807 19.9754492874194 36.0203334475745 47.7098509790215 0.0618207692304424 34.9450212706272 37.4762850575665 44.4187591575937 3.25474655310399
49.936996763165 62.0992782074844 21.9529214072376 5.38002743969371 0.509099910213149 8.14943311723925 18.1512524153649 20.4885235899432 32.4610150759121 0.0638250460723146 17.928205883996 31.0878080527599 52.0820399064495 3.62834537500761
14.3668743447117 39.5938370521551 4.17850879585967 2.36019185459347 0.037899580566957 6.87215675226048 7.11378908722859 8.05096296630968 3.39634844440122 0.0791399407819441 8.70746670595036 8.60871184298077 10.5181204903192 1.35232697529233
10.5294736666202 13.0963116939627 3.52082591409745 13.4072529021738 0.00353755571417545 1.69784121498074 2.18201045920768 2.54491516935296 9.00360786338611 0.0385474382191925 9.85088503121073 6.54879358612633 8.30950324091454 3.86255694679375
37.1606562210324 52.276211707152 15.9510952706914 67.9867974251001 0.00918942604890408 14.1105548592671 17.1354484262874 31.8847665804586 54.5769226578691 0.0265420389061378 29.7884943660034 27.6734901720514 52.324294606597 2.78881903664998
32.4138993519617 58.5110140663659 20.5672290395659 261.960229568948 0.0215090573513829 11.9048553940157 32.6415090942348 37.1735474083671 56.9585264493358 0.113460309786203 45.4917626623004 44.0555228277422 43.420692956442 6.94984219317738
8.57096629944115 35.1422636527253 1.87714663458552 2.9456795889656 0.0358381129459429 5.07168002689302 3.872962433856 2.60613889461638 12.7615937280288 0.0355814040157064 67.9490237350634 11.0938741428679 39.0957588754549 177.094760000611
14.3541669133519 56.2344267722141 3.49491620614618 5.25564605879969 0.0717106041610276 13.6873511766262 5.55442477202314 6.14988249323643 32.6870299745529 0.00596420475691971 54.0790700206272 14.1000698292875 43.3234054875276 33.6400705589306
17.9969312643653 74.7439259662778 5.22345675236679 7.81290919051272 2.59249470221536 25.6943243277923 14.293200043698 13.2079456012837 54.0180288917584 0.00638962658715532 60.698896161991 24.2014312838503 113.384577760013 12.89164781903
2.2708986104955 18.7336505105625 1.24817876242276 2.31649012006659 0.0229997744055118 6.2121257251097 3.925637340954 4.22362502410408 16.1978859141866 0.0104046843228902 52.1303046445508 3.77054853377554 13.8061728032147 36.2584525704504
2.30361444825366 14.5956031920816 1.00415246573078 1.90158926689185 0.0132228568920614 10.3894724051715 6.12897646477257 7.75373245109409 28.8504337046383 0.0183134847736186 25.949730876642 6.78539831733834 18.4133073207886 7.3283357043247
7.45237053076929 37.8812999037962 3.36053295737517 4.68960248643668 3.55199668814366 14.9698373732052 7.99596711980614 9.60811926986556 32.9968260724919 0.0109679695959034 77.8285175408817 11.3562764169055 54.3615366376602 30.8040249993428
16.2429606928671 40.9807659569612 3.65652018281055 5.6419699938758 0.0171144126720041 16.4447189849878 8.54519685116525 9.24745950427935 34.7447317963389 0.0169132411514794 63.0811941148856 15.2603197010514 43.120077480805 35.2265077143666
14.6665567940842 55.9139276904355 4.7758151253496 5.83788376649265 0.0135516251452296 28.8087192293906 15.5074709803749 18.9797976987866 67.8347084639247 0.00469001229895073 78.0361866733834 29.365594424658 87.5998748600216 8.95538937766873
22.7913175722797 108.358236278052 6.77352885505688 11.109300658366 0.0130591209709994 46.9564811921638 17.0629789370221 22.0256857962636 79.5703122300139 0.0221765332760788 116.807606173469 32.0179315178506 122.36064078706 10.9389189925712
9.70291052284292 44.942405225028 3.13310968901533 4.29602848147863 0.0110841234766937 13.820678431416 6.45635584286987 8.51033741384323 29.5553172451359 0.00953087512137478 121.327162319958 14.492756196561 47.1507675346719 27.1799287289159
6.93276200888749 28.2229496934316 1.07793984433597 3.07629124201922 0.0196315451202585 10.7199990359652 3.76732781681836 5.34988993588551 15.9099165371754 0.0149928930249197 29.2057406750543 7.12632388438416 44.7491081797784 3.43751020339102
13.2405984624844 52.9556526993817 5.25397518953604 6.69216273119928 0.0147894569265331 23.5163399876239 10.5822688805602 14.4364915357028 52.7037246075342 0.018526012052176 97.7637063284104 20.6685354988753 47.7408374384351 4.70658805567388
9.38165432225848 50.9348134216169 2.78825613729078 7.34803462751228 0.0199144585867641 25.5002747435448 10.7783151675011 13.2330935017697 68.5663898163446 0.0409351052967091 53.7535907770425 20.4309283236452 55.7222515388006 17.6187419692106
16.1651479380472 77.7559094755314 6.96540768186096 8.45927157258469 0.237492241012411 31.6323963426023 16.6518093530462 19.6023120744572 59.7276600329955 0.0139037540596667 57.2309956846871 34.5202028164355 65.8211626185783 9.09127235674381
17.0890709028181 77.7598438314606 5.01808631398324 9.99691012289344 0.0182954341945382 29.1873695850115 10.9562708043041 14.187164200536 66.9948813324652 0.0399959771586465 81.0630840301164 26.5623571866097 110.104303765961 17.3112323728547
16.6410767259393 72.3484432005946 4.63360867674334 10.3586104352591 0.171675548996838 34.1170942478708 13.0351185023672 15.247144946855 79.0642142496861 0.0523332701898427 63.0861311421933 26.9909653156502 98.8025006549223 43.9994041385384
24.6054714749054 121.350189529266 6.4675830709508 13.7102805363445 0.234777869706715 59.5207450864547 24.6805602362172 26.2120930202623 153.936661768859 0.0436509922325595 49.7236308336754 44.589515343521 117.924244323181 39.5170147379241
7.12063336940827 53.0588943412401 3.04833938260906 5.43447677843969 0.0187033143498554 14.5865162342176 8.23219357344973 8.09176789187569 36.1840287619227 0.0298137044783937 65.4380014439612 11.7636543675854 43.6854984063013 51.8015124807379
15.4468407500883 34.011505408548 16.5349728369848 16.7817365655544 0.00779072624412137 10.3203832184373 16.4246404130292 10.2305843454914 13.6324550702231 0.0332065359326404 12.8024895545001 1.79235202347234 22.1245666003327 1.23718246016269
5.42631426861312 8.30939591136191 5.8845522548754 7.47489988388187 0.0163057744268056 8.26656209214738 7.73292673469628 6.43138131809693 7.21833494129803 0.0254628122922706 4.89234329560899 0.485664757833127 30.5599405594546 0.876767768972075
6.0176670392965 5.27282925441759 5.19027375236644 9.90456785135828 0.0531105286549363 44.5621917615986 5.05212234298723 5.47856115333597 3.75088683355169 0.0317352287311258 4.75900270983903 0.590601383081737 20.7763541642284 0.774565962069097
14.4081118904401 27.4250752286529 12.8607083632112 13.9565510358988 0.00762745156964599 9.38181609723759 12.0093251194926 11.3664540169055 13.0619911654018 0.039515068932388 11.8611224881116 1.66597416694462 40.2216111422807 0.669582985453594
27.7576985848544 48.1230096631213 36.0654194478583 29.9910776672568 6.91689690001787 31.4475865677302 43.9552091536143 41.0982065542059 49.9256822949057 0.049887806914402 27.0117538660645 0.971055596411825 33.5121031719428 0.651560147164199
3.82579472205124 6.61724054880164 3.58876912383531 2.36578717064718 0.00659845222953035 9.31984077962331 1.92528793526714 1.84279237171262 2.10918242426359 0.0323796807012599 2.16190814599983 0.49307798556288 6.6298957593338 0.924705214644575
6.61410114992123 8.2263361458079 7.18658732354049 6.86966625581061 0.0121806621070124 38.0573553490739 4.95856358029012 4.2855129354337 4.66506450122614 0.034748260758284 3.42721031538016 0.726557196907162 25.8513037833989 1.23610385712315
6.90424510316753 12.6038815057801 5.65783211973775 4.37136090305296 0.00956678789081221 5.08159229094069 6.59179041781839 6.97356383216895 6.36151581475172 0.03382843150674 6.61575339119265 0.707122572053765 27.5367147637689 0.24418456431991
21.0022081501894 26.2710539945529 24.2953611107539 19.5294328962068 0.0238895464530172 16.7085432613832 22.2015535786902 22.0717634878742 21.6444619539637 0.0401075234608839 18.7214947814253 2.27207161366749 66.6874550681038 1.82862825099593
3.89466436222186 6.98321881964503 2.94804873119377 2.57771434359908 0.0139454760970145 9.73594803743025 2.51695552040865 3.15043933803448 1.95286084495021 0.0214232779245059 3.03044509426778 0.28129571187101 6.88727284778361 0.323304411040226
14.0196015437524 20.2083239618213 15.6067723072109 10.7382725591604 0.0151277281102817 16.6566028050447 12.8934510982633 10.9466677619199 11.6400286143571 0.0307321480810397 10.9572313602459 0.942725740939555 31.5883501256618 1.6599116089657
15.2429010901016 15.2393182296791 18.9388427988899 13.5541753762883 0.0108683558465826 15.8160369931044 15.279978330763 13.7327401461993 18.7819927167202 0.076081727784671 8.67425056516861 2.33524963331401 21.7354334101663 0.749905911947741
6.85941458227539 4.54762525813624 7.5142060572111 3.75979110308423 0.00584386647945239 14.1361560291654 5.3883539373522 3.75482609499483 7.17089868620096 0.0498996831488662 5.13270026560196 0.844724722750595 25.964462287205 0.595069171434402
10.5480577566382 9.96618637767945 13.106809821923 8.2912955808781 0.0124735280913933 21.0783701241369 10.1391332527965 10.0815901658361 13.7864194919551 0.0625435700456429 8.34357972504707 1.83838941948249 27.7978472973837 0.767184408058079
1.20713299092808 2.79364754295445 2.08544128125433 1.67907088080836 0.00920512254041478 8.11321437471118 1.4440548248211 1.19132311900078 2.14914055137976 0.0160073810527915 0.787144046366992 0.151212825506082 14.8599818470468 0.488972192419277
5.60235045110035 7.43272616472867 7.24303932678957 4.40940975327532 0.015370286911079 19.8286916777196 6.9901119369752 8.3633127712493 9.38982381566376 0.0285539695243354 6.19416054751234 1.04523219087271 17.0305513724325 1.38788358471675
2.10279214197169 1.91735439817967 2.67046277485482 2.18707492722034 0.00589846879705996 20.0901667096904 1.31453291691834 1.39246277242178 1.03574101365744 0.00576176274359719 1.68459330730897 0.281130449343817 19.0667909495505 0.749972331705589
7.21536111422251 9.44974646074759 8.49323681873111 7.65611571737752 0.0118607775966461 12.9271505775978 10.7746301747007 8.14216124849913 10.9661954558465 0.0278853947451998 8.78589485117138 1.23388641096538 28.8942554220703 1.26605512788764
5.9152252196417 10.0797722011145 7.01247753119439 6.44180921907178 0.0061150491363532 8.36644320169056 10.1765731974584 6.97825917908616 8.17125361902863 0.0275626758331456 5.62800654959499 0.369361181015577 34.2481530785316 0.664385252279722
10.0710435884712 13.9947541861632 12.6632422839859 12.325732730673 0.00706339136602129 15.7922228842297 9.33877057824057 7.72189902970899 9.52854485054205 0.0295436436219468 10.5439729620164 1.69017993459216 38.2071861293903 0.791618554484934
11.0014753309595 10.324585757587 9.10719863061083 5.53634448804474 0.00996808554316087 3.60830175212361 7.28019639528583 9.82367555895515 9.30202515237187 0.0375881161456475 7.36858452394473 0.823866380860653 62.5536702610959 1.00853809549294
5.91479601079082 13.4615117704073 8.17998951219294 5.34923854785346 0.0125654409662997 17.0386295238064 7.45070620186629 5.66047533780315 7.43290182074313 0.0303372779547985 6.75065743284576 0.548933631535107 17.1483803458568 2.18349507696187
11.4577626176353 11.0067523394464 12.0978321040843 9.88064093011255 0.0126940489849167 10.0867826896892 12.5175553652423 12.1440729134733 13.0738223517742 0.0383825174414162 7.15681429039423 1.71954975295645 22.2196941897703 0.590741538526826
15.8723929266291 20.726418959012 23.334840822331 20.2665432796505 1.31693383315743 26.9360078683886 29.4448471920793 22.3401981275681 28.9438540635496 0.076132535227041 14.1066350209597 2.39896430496766 30.8857343345724 1.35869557825218
14.5230958472058 38.1817524481033 21.3910008441911 18.3098200799062 3.948087570051 10.6398376671879 29.087480195726 27.0559102465203 34.8890793123533 0.0397810393967967 16.2846154023192 2.71767712352822 159.258892530332 2.36110024242602
5.28099708227789 5.19050336915257 5.57029917053704 4.8983459556526 0.110561457183889 36.4874896655154 2.44578388342675 3.32504239764071 2.72123672083025 0.0375567014379667 3.37594023822594 0.438368123418424 30.9125676424093 0.79461068755446
5.59844330367704 7.55804423705853 6.00134907808258 3.25482262889935 0.544288996838225 35.2542100963424 5.05614268456065 5.6336295078013 6.18948036222608 0.0282180606225421 4.92400530259497 0.891328061255176 86.4997953206814 1.07230965388038
30.1057818660938 8.87644446163159 11.8517476339125 1.2575158224556 0.0229766788020378 0.475956724185588 0.94126453051412 2.72256044258532 1.67515325801399 0.0100048814990121 7.02805845113364 19.9506132378202 41.5101048227939 0.788483686016813
48.0454061264708 10.2914524273455 14.410519812827 2.68689818312856 0.0123002088734161 0.484049651550601 5.66225026138271 2.80926428306408 0.703262415840273 0.0327050208918564 14.112857255795 15.9772207720954 13.8782355736221 1.3194509367428
15.1324615056083 7.9482264224624 2.41984272763134 1.24801715614334 0.0186316231807761 0.378381829152206 0.888122665003516 0.833437704673064 0.506374496654819 0.0988170088154603 4.6586964507589 5.53921848830639 99.8875598403368 0.563614064343624
11.2563970646342 3.89104687922823 3.51053647919232 1.78937980541861 0.0161299882206691 0.350267708942876 2.13162034696291 1.82460985834824 1.86884953097208 0.0254366726146787 9.05895973350166 7.26321375254069 176.729782831749 0.33978688378936
13.1783876613152 4.17143318056325 6.48811711995241 0.565511039571155 0.0124538451152259 0.403904544963926 1.35311273209708 0.913600572226834 0.78301810627467 0.0207358911262307 3.3058980790945 7.52412453195524 48.585409051899 0.35581115031514
30.3453237546706 5.11149183700241 10.6210388189051 0.901270373987033 0.0190432431350283 1.69923047488873 1.31985095559832 1.60406740594917 0.996115040420541 0.0881858210639956 15.8385728158739 18.513292175694 10.5640062017327 1.84568347195659
16.4532020362646 2.37700723943252 6.25030118120517 0.228622104865292 0.0133987331089468 0.450015349083389 0.674406771076897 1.38426516853243 0.235887831943444 0.106000018195136 3.3425812612788 8.65370401352779 5.17333445667473 1.30380913826698
1.97163623195838 46.641033512124 5.67081468029482 7.3486149855661 0.032882481104691 3.52024712984499 7.78188279287797 9.73362804243978 7.9387457606625 0.0118193519443115 11.0660435522384 17.0714249853387 83.9032957333431 28.7653312693768
0.969356535800985 20.6606499758526 3.57242611337539 8.8401591251852 0.0167649220372193 3.30337429412923 4.32656416303412 8.16853281760567 16.3091652876934 0.00291876282388649 9.66545470359416 13.1229701629601 51.0237390938659 8.19263324626772
2.89680275621333 38.9168571030703 8.07526461666428 15.4379183396993 0.0220417007192145 7.28454611756038 12.0342186427431 15.0877909372819 24.428200103203 0.00849126604518033 19.3201390878537 13.2887561678192 41.5282916048141 36.2487114222887
2.84998684031674 41.5384745366954 8.21151641508304 21.4219224669238 0.0271871440828161 7.49248717077286 17.0484170712482 12.0905018131411 44.4831115956154 0.00898427230519728 15.5047840118351 12.1812029713388 57.9967402384428 8.58147419286769
4.11038250227587 39.0216700113821 8.56235972148681 9.05450625014796 0.0154021666081861 2.44726538813822 12.8889156237385 5.89207604046512 11.2689210305633 0.008502104182759 20.4167512367772 17.4243861961896 110.084323375783 8.44684299732582
1.06961123071531 17.5222664061732 3.63817066081227 6.12894242617694 0.0169277922085878 3.4730333024465 23.4785829566483 41.1252730645916 13.9130023478461 0.00614679075678992 13.7522921188632 7.86692383599076 19.1650357900056 18.1453448136111
2.54375921759592 43.9109176454224 8.96515143061454 19.8070593549053 0.011913572435855 9.71533051163495 19.7720083633358 20.0409687577199 36.9257833233224 0.0158644085180518 14.1235199069044 15.7614548921011 28.1394604586287 13.0542476406056
11.5621267798422 130.006531284077 35.2084199271292 70.904339529341 0.0144415977837573 35.8299624360522 68.7487487942259 68.315708287462 134.036991921308 0.0132583947506805 51.5972734827219 77.9291050418315 114.165272699761 46.186068363091
2.35906442918334 28.1785182415023 7.31618344874305 13.2693895912789 0.0210930947680327 9.31801702028419 19.7942951318071 12.3902292251972 26.275973728593 0.025571447673912 26.1976544386672 11.3309029977112 63.6056236579282 7.49771503253071
2.78256390264987 42.8114384029032 6.49511406564076 12.9742668339963 0.0321020122258664 9.44444530939866 19.173855091122 11.0485418053254 35.1736404942599 0.0198267483783506 14.7059697418141 10.1713403821773 58.3174631404424 24.7294255616764
3.52901807656926 90.7981638554877 9.89299086381364 27.7669109183162 0.0217596420020904 15.5436671513151 29.772914676336 25.750916393763 40.8934852519137 0.0249281798909663 20.8462382261836 16.029558255254 34.6497175154048 10.4248864875188
0.590501383066039 6.31836727255121 1.27367572286557 1.64038724809764 0.0214342434605144 0.951428995966438 4.76231423344114 1.16343303108047 3.59239734469834 0.014573708712804 3.26165095541487 2.25080452981941 12.6391939049573 7.37932692811161
3.82528920340143 62.4749327176503 9.31509989096508 14.9027187529236 0.0278906480915376 30.0747582208181 22.544566738452 23.8275612816495 37.3652845632751 0.0262469111311009 18.6990447359928 15.1442424350275 60.7125484608766 11.3023307314861
1.3144639741512 24.1266236964299 3.0831139004365 5.31341185110088 0.0135536134551154 7.68663535374784 40.9598354109497 12.4180653572217 18.1726393687266 0.0101307114542139 4.47978591054571 4.47282210816501 26.1668345251262 9.40396515008991
1.14639029920363 32.2078872389877 5.58884856588998 12.848631682517 0.00622479199110436 4.9450704070351 11.3571277659558 21.296414379919 22.736926007004 0.0117474331101424 21.3819176437613 10.3527744702548 94.9660569893752 8.88421469772005
2.82865168359816 23.4147526860142 4.05516045178418 8.14332126276556 0.0144651518904353 3.84859614155633 11.958008974191 7.81023845331656 15.2899252728425 0.00613184934486479 5.28653997354797 6.16340885776287 22.5456955472533 1.06508553235
8.1052071531142 9.03487967830285 8.8292330285269 7.47471458802752 0.020993974648888 252.560268959484 6.4078570364104 10.6633421042849 9.15757001823319 0.0178188332442088 8.5649306451043 8.05502009747071 12.146657755996 46.4958782332943
25.2531973290949 20.7651346308445 15.9576879015181 6.77614039173199 0.014299473590791 5.14698933479663 9.62310327828795 13.0149682057617 9.54532249767962 0.0163027231815769 18.4306836019632 26.9910821608244 34.4773846620037 67.2459297053646
6.85134988510068 5.64922582631264 8.18817593388654 4.54623160114423 0.0118218298881849 4.21918722144433 6.34121455583467 6.60275935283841 12.000826366714 0.0107849106220396 2.78321315092532 4.93383743991816 5.74458284992746 101.056007603353
15.9171998770694 21.0071167310104 6.52940313100492 8.40223690863534 0.016397225233933 2.29540404740378 9.07050160946669 8.95887920422171 6.90495716585291 0.0322813254428273 14.7372559816739 12.5530818385426 30.0256298763893 38.954397010403
4.50562941146073 3.28423376474847 4.0310889422179 1.2647890417431 0.0122279488269855 1.04861601122769 2.4859973048839 4.68406641020041 3.87365863027014 0.0126263359158936 4.01614320926479 3.99130962595619 2.30242377814317 24.0954357210442
21.0183255412895 25.0659114325317 14.1583991797788 15.7887951036154 0.0114693858143112 8.84011555034467 12.1529093385248 12.1822788430141 17.7617658732894 0.0134672026198667 18.7227567443057 15.94547300685 22.1309921894173 41.0462816825639
5.62983188902658 4.09964175185692 5.34319967366329 4.90760127849202 0.0171231673054572 10.9182688108285 4.2643831721771 5.8697298907326 5.29426457183797 0.00589976305689931 4.39984537461558 4.88744357039183 3.68093896222253 63.3390018036328
7.0769152200278 8.82413172193907 9.36876750020346 8.46659866318887 0.0110373843039897 4.48989571965734 15.1639446665276 19.885804894989 14.5563036675174 0.0149255814924364 10.0151633503934 9.38939555322802 8.65353300247846 56.9912615409049
8.64908398246022 15.9550309133161 9.16625288326257 8.86998559097124 0.00954846622573696 3.23323264934554 5.54580024387669 7.05681080054582 8.15014346621667 0.0152691568525301 8.75147176193429 8.26465724679815 14.0696199232579 14.4271172629652
16.74024293341 35.0407660393303 9.75450137380575 16.970771921881 0.0133096622335128 10.5175202424035 16.8817861791483 24.8373767221999 16.3548761485872 0.0182944985258682 20.5546733182025 15.1338763623418 25.6475433057109 43.6891135222483
10.5268850888855 9.94650734784615 6.26031435574917 4.95360254028253 0.0112686658119865 3.14361485653411 2.00911581887019 3.93041561801108 4.24985285295262 0.0206956260165658 9.5384705266725 7.51134383359202 8.12511991383759 35.9654160183142
10.3422390764469 11.1113713669873 15.5451864891046 10.5643470602866 0.00504017031855989 20.3495267768991 15.5634255795582 17.6077754562633 19.0749729283666 0.016520760919426 17.4737654023763 18.6505632622115 17.8744430216536 17.6944651972486
18.8538202831178 24.732420422137 10.1423521790809 19.6949531831203 0.0083611525183585 5.67113124726779 12.8787140022112 11.884486384058 12.2839258967922 0.0195427574873659 215.82948835221 16.177408626066 25.1272922212991 20.4346259208871
9.75309188350026 7.63885710929231 8.05370774637694 5.87123008688387 0.00601280874623663 7.26168212126344 7.34818657329316 13.216460562597 9.75757665118581 0.0350225392470297 8.70499347247958 8.22473606714629 11.1207624206234 14.3654071126434
15.4026755621046 12.5782378937079 7.75513012001873 12.2230973696505 0.0059317978776273 6.42573802905616 14.8537154337302 18.2390948431097 14.6990585123049 0.0364717146358908 7.6389175649241 13.3448044637402 12.2634085567489 96.1118648446694
18.6274262931429 18.1834729044382 10.2917852569801 9.76586250178391 0.0181374387198933 21.7096538634881 12.1638721793895 15.898431383116 12.9848496993228 0.0218415356562516 11.0266594480771 22.1811664342607 18.8376945412563 18.3773952886327
20.4671612857546 15.2348554259845 12.7449270345978 12.5368125945375 0.0145080753753419 18.5875503681591 10.1918797955789 10.2423792953225 10.0583557890754 0.0326897614201845 14.3688588683285 16.1293157979356 15.3052497969106 32.9070856715806
18.2855743291915 14.1363430379203 10.6331279573051 7.99468079831212 0.0095577820336358 8.20343013190567 5.77311317932017 10.6781407635832 10.1780819042632 0.0119907054691749 9.98153950045559 12.4037356162068 20.3514507623386 68.8151565937759
9.05056737081963 6.66954296983153 3.64775363317039 1.62661692834097 0.0331128888630062 6.27726798625582 8.02453796247766 3.76696722203824 3.25440800687749 0.0209339175471965 3.67541162271827 6.30829858277732 5.98303649002457 103.475501461003
3.16023771002273 3.57648939795978 3.76038926996104 2.41266615771141 0.0241387000429866 1.44262234631958 2.78029359686404 3.87492330032977 1.44998474235638 0.017623156958955 2.10794335384578 3.97913500148422 14.5426400784139 106.783548392988
18.9231392329748 31.6255728770103 8.60946920166331 22.2950207713188 0.0103885620681482 5.46623625708762 13.0058111414482 3.97494881257694 11.3867137945348 0.00326280086171599 32.6908001303055 2.74170871355143 97.8811615665802 1.46192397699397
20.7614797059728 66.6269366141039 14.7632579848793 58.7950297618725 0.0161069817565825 33.5387615694833 137.807066316987 13.0768418105386 29.8071715420362 0.00804767636681502 43.3944371324449 2.43091879713268 50.6470756691991 2.44051950272614
23.8750268876763 35.1182293311783 14.4748759763935 25.8515305623354 0.0130465625057951 13.4577078992745 18.3448063974271 8.22449433738064 17.3615711500289 0.0133463482258458 35.1042713994845 2.72215250708049 54.2272512185374 1.45134001613364
6.46446830973757 14.075059966219 3.81797370621955 11.0459371115801 0.0347791819964126 7.83906982103505 7.43570426014796 4.54419716729829 9.57872905416143 0.00235963848267815 7.54482119207609 0.866659424649586 11.8622055908034 1.19473430239744
13.2501260000061 19.4844830101151 7.2462436164832 15.4871198779398 0.0143243532566359 7.36611515111227 12.3718794170292 3.07558820412653 6.1389367020997 0.00439282354040764 19.9259954590766 1.06324948676037 28.3841840448846 0.524346607456218
22.0708305559998 24.291020941414 11.663493691081 18.6816641967934 0.0163020548408546 4.37309880420654 37.642355398669 3.47325964445919 12.9286902785984 0.00441681901309972 23.2524700912948 2.86193986019688 30.7277218055484 1.80474796489866
2.27790448613763 2.8044802597878 1.42404578789362 1.74397412508028 0.0155186349775778 2.35929886159726 5.96091137969572 0.757016611742896 2.11696707175618 0.00414646679928499 2.50756528020897 0.182241913323655 3.26529868768799 0.301393770211062
2.27970396187445 4.29989908221759 1.238084452931 3.21971930117538 0.00601294317819602 4.02275486659678 5.05938785775943 3.37561426050543 4.82230074395647 0.00214188113114561 4.56991899111193 0.300813415944148 4.81017612701697 0.578053115762814
7.9787457635705 8.54987129737867 3.20905381981425 8.08776980971668 0.0149035798374122 3.71280852007281 4.29856794579704 2.06383589405854 5.19238589037232 0.00347306454425385 9.35025291579119 1.06872115352266 17.9140936203908 0.522384299705411
8.26076078328657 13.0489028516455 4.62717021891959 7.20628379434506 0.00697726058424111 3.61766071350613 5.37037921005602 1.77043224073072 2.68970536295943 0.00284994525279416 12.8530112202333 1.04000009930446 23.9300031850903 1.05399144945609
8.13005553669752 13.5736604403466 7.81735976888156 12.5297634551096 0.0127093213582548 6.84386334526711 9.0857637766381 5.55929771236355 19.1948232758823 0.00233150714892027 15.7367426985561 1.65940139197853 16.9296453278034 1.50812002494797
1.85607186283301 4.42653592936 0.710839991370558 12.0533402167553 0.0860359833759652 3.02039093132762 1.85140176508879 3.74388462177713 24.3574790129861 0.0227390006872084 2.73582363059428 0.318096162265009 3.32645720728017 0.338310977149989
12.9020639672591 7.75194769669868 1.78517271123915 4.60613524729752 0.059746905926888 1.449301545319 43.0217021159874 2.54599198813617 3.02518430060313 0.0449161368545228 3.39701185625665 0.435352067315727 7.98843328210136 1.04309987540821
3.54637139839013 2.47343487715312 0.734335562761579 2.82635290943412 0.0199180232893407 1.67255522129879 0.929784005859805 0.925535699863704 29.0659235135511 0.0169319494413281 1.60124259670022 0.391255910394326 0.637306735727975 0.174733651870713
7.71963020231518 4.24733392977464 1.45073880928199 3.12038259666245 0.00769815181378692 1.77491862765032 1.33902441670473 1.51378706078868 7.1460713419727 0.0393070667837988 1.63720703309972 0.664211273143926 4.67224041332415 1.78378119107555
5.98141396333673 3.34683571395569 1.12847414188945 4.66540752018314 0.0153536377131 5.5152203814495 315.569596264162 3.65952451570473 13.7406835617369 0.0386475698775941 9.5687072492563 0.626028987957009 5.24087425367922 0.518796644426905
7.14474587833672 5.94477867151414 0.756460099079778 2.36229502829941 0.0208594718930184 1.47891220953671 2.42944085126361 6.9116890195504 10.8473679455806 0.0207042999849702 1.37832758577586 0.134115106366802 5.53387427696086 1.13295232567277
9.29740982668359 6.80469510426307 0.784472505209435 6.66199971975685 0.0162249202238204 3.13462600379057 185.803698966309 1.00393183720039 23.2906471010036 0.0418559624631698 3.84297047986639 0.249337146482924 3.23886897369471 0.620527771503717
1.73621422534294 3.19434145631974 0.224033299369952 12.605188175779 0.0154717957309772 1.44332839471573 162.209799486451 1.11413635220239 7.04768328878698 0.0194840259430188 4.34662935316451 0.518026612523753 2.78663755121609 0.605485495996665
18.2161428670623 15.3257112324296 37.8171169010616 19.8104112537544 4.90391038968915 7.42035184150626 5.75912180644364 0.908142604994121 11.4619516837334 0.0174855427643368 0.968890391663877 0.827211530118287 3.19007920311435 0.707842757079693
23.2176102757153 41.5778532834468 200.102495441115 75.4366256774878 55.3122165524617 26.0759331444093 287.263709866968 2.31047157983147 21.3702858227233 0.0686935792684235 1.9100674494126 2.28657948588454 21.183069982731 2.43068134433655
13.049030424627 4.61444768540907 1.42556374139617 6.84189857857113 0.0160819512551982 10.8287928514475 1.86846253787711 2.22371275468354 37.0772562199592 0.0397916059184788 4.47642281319136 0.493829374564112 2.46020578838707 0.912503877654202
2.88655161922095 4.00647000520186 0.656703375698718 1.69310284355753 0.0263525140873404 2.5782162446106 18.0749194619871 2.33211215621797 13.8842537953478 0.0286291823992117 2.28501207783848 0.329748728338124 6.06401790498181 0.618557651587207
4.66720088163344 5.86089267548301 1.2264152151975 1.30312065939916 0.00914842408859902 0.715450180935189 2.28106212629269 1.42863895192042 24.4548042441281 0.0399167008014432 1.09508174939751 0.54964511312798 2.72288783622279 0.545165770798535
7.76388264785566 3.20669263601873 1.06014072163361 4.37023387513519 0.0117883387726679 1.47942480076276 1.75815430913212 1.12431830013057 14.5210555166498 0.0425499761356831 2.1124839690554 1.12982893256597 6.69735528541748 0.529770487212211
4.81365409271004 32.6575289122225 0.775675049984213 97.0722973587485 0.00997780528598894 3.90568328803413 115.329056756598 3.75361272394902 63.3120603990534 0.078688859025645 118.795032395543 0.334752643607229 15455.6561616357 1.64573713297682
1.61926650172958 2.20101260996823 0.271647543927531 10.1205276294479 0.012091465373427 2.40341991259743 1.11679064079968 2.33902732024917 30.6427795479728 0.0430208121209151 21.6806186082177 0.223590801367151 212.099072592309 1.43649304928905
0.942925298136794 1.97329057527535 0.319046976719609 3.51992483419842 0.00602042963812252 1.36201987580439 1.3299168535681 1.6729240220638 11.7591131014561 0.0293470742207515 4.18540766156009 0.116118012612076 311.576897326245 0.464946320550922
2.39223645859171 3.49329098444572 0.502648822220652 2.03624993966725 0.0171991071149889 0.352060680529345 0.89270876043737 3.12591993272641 16.933664986758 0.0230681584644525 1.74418460743798 0.248390772268876 2.48638084619721 0.224729789986347
3.22785299447805 1.36263918465824 0.408755235652986 2.22283718978414 0.0119492450143685 0.629431933285267 2.1917908850202 3.61800028120315 8.38658636501061 0.0592295754383193 3.63372007780155 0.310659279804859 3.64642799918732 0.494126816310015
1.08762806095723 3.24789966626131 0.406844403963128 1.66189453524454 0.0125266171204066 2.75276094156554 1.77548229177838 0.816996201222861 6.10432411562281 0.0330308500785533 5.7729401874594 0.407826315090339 4.22120722701766 0.453516095503702
2.63325674574789 3.85553675411802 0.736352055455548 3.49041112422297 0.0142890552993624 0.828177512281794 2.19268473938517 1.68446008706693 11.0009630361528 0.0633487902213446 3.39708552756607 0.185355411413906 2.68241639268107 0.374243076513911
15.822279174791 10.9973888155598 12.6379653247422 7.22069817056617 1.42475807106463 1.70557685509567 5.54463205753374 2.56509847500466 6.34551458214238 0.0140336705751629 2.32769659375391 0.691710692633227 2.30695410297069 0.573237673587592
4.38732499561953 13.3766355429656 1.40294788901535 160.019743837621 0.00911519909657049 4.50855229813394 5.74291077534931 3.83063096270442 12.4666263562998 0.0408565242186827 19.2273994183051 0.959021662852232 43.6481796994251 3.75621449827248
17.6870492687304 63.5478463495109 259.832206195078 76.7506642772666 120.598115910552 45.8896495147669 46.0405218061168 5.26286718886668 61.9656253620191 0.0537063960155858 9.35741920793143 21.5940091468171 2.96513012251783 11.7324139966343
8.61649429413813 4.54101397744996 1.03233775906646 2.62285163560533 0.0126214560077136 0.610856107310688 0.652326854227893 0.633240532030744 14.0588944248925 0.0358768892475924 0.755645546099719 0.461679015440266 3.84941853895402 0.787107692630233
6.15639851206059 1.36219482741106 0.747786665133897 2.24987170717685 0.0124565732503484 1.14775895789537 1.42273990672636 1.43541497375887 20.1215285238178 0.0251389502132242 3.43064867261971 0.31522513978265 2.06028654128449 11.0335061313014
2.11774683951397 1.92698463029928 4.84115332468181 1.50488259465571 0.00593439256481478 0.358507447239484 1.528371318759 2.43315274734214 3.39285846596408 0.0240381489235743 2.25494432790389 3.6668124060861 16.2223646797045 33.7989423491744
1.69108464311453 3.71169476996757 10.0776072018731 2.99734825586888 0.0125014794679865 0.698062754760879 1.88386322942509 3.47023049671581 3.59390437337227 0.0280553938823992 7.3586664010873 0.912917396541325 4.40442449777917 7.2316433886758
2.88550886735633 2.87901156510039 7.62009344838667 2.58278568553891 0.0102972558050453 0.383597709965558 2.45773548760475 3.73153326788456 4.5782942601713 0.0174581456664635 8.08980288403602 4.70310811902701 4.95737637564091 39.0502408723936
1.90972244209338 1.67028099895967 3.77134282599399 1.71051219555551 0.00847208109944323 0.197156245123564 2.27005969315353 91.8874555161199 3.25871667126991 0.0230495058412893 5.23041931778374 6.51886047708015 5.75499910403509 74.9180721781976
15.892100361718 7.54630372024282 10.0864907951993 4.40274304511989 0.0129958438878891 0.555335443600362 0.957304623631941 1.25520422429296 3.40538935379552 0.025891669226531 8.96575591585199 5.6353571001029 8.40109161175753 34.7527132191344
8.21076126476673 2.71626265021685 7.90837210106126 1.60137219361256 0.0104059403980095 0.289204665419755 1.58605338950645 0.952591016411341 2.85567223259234 0.0403036114498372 3.15827582094597 0.629871716211255 9.75320869753257 4.82133493272164
3.65437493487913 3.23230840358415 8.9773768823099 2.04442068245606 0.010024609733359 1.14080788025933 1.45834533548112 1.77296771362445 3.18450036424985 0.0283941686558704 6.31736524707409 1.76777226714263 4.47349404969782 32.3632129238331
4.06087095026952 2.89762580640621 5.31631218426931 4.51321781203603 0.0255396507439636 1.14253601638784 2.31805188569435 2.20982963884695 5.32559384715166 0.0283454807221801 14.4501948212442 2.76860853173143 5.15048999313855 215.986910244697
7.19634825242746 4.54741910018235 2.90651382678942 3.57046445463604 0.0134068425841655 0.742839575075201 2.39068322843485 2.85954810891831 4.00707453421077 0.00893049358746407 7.69537549296818 2.73461688444892 6.57817429947824 52.7056178063482
3.78506655286164 2.93326859357 4.47771182390698 2.70145941989797 0.0118239829318363 0.743582942771192 0.86531708339511 1.85011756429517 3.80172700546052 0.0291784883880469 3.73093432008893 3.73645792977936 19.4616493635026 17.3263467616483
5.8873363892008 6.9587800492616 6.47354028364324 4.72954375112945 0.0134216102787964 0.619352413807964 1.0996280487525 3.19270506217802 5.78454857039545 0.0305818352495751 6.68273632050529 4.77882634302235 4.81066894427457 16.3230636242478
32.8560862643615 60.7647498405702 21.6767720344481 20.2410712870925 0.0182043240150564 2.62586317549692 7.00697329098248 11.0189439011209 24.6433983482168 0.0389240317903146 60.7869852125156 12.1844857368217 30.9689665530099 47.3562579410283
3.98908894189528 1.89620387194565 2.34012562127224 1.69102731047038 0.0320453037660394 0.283005695304886 0.573321120276177 0.930886161032406 2.22374102127258 0.0240471271696174 14.7209007184942 8.3593322659587 2.37071422689672 43.8820448995938
1.83900512817725 3.06206537557135 4.68969654381952 3.03154172559816 0.00381827286555591 0.594231975620992 2.03644454889544 3.20472893093326 6.14726422382492 0.0154696325746501 12.1982998548097 2.29484128129388 2.71398084071251 43.5768829686544
3.57325138851915 2.45727434353343 5.14298135737173 2.71381424536203 0.00891597180472171 0.309141675742503 1.75242734647799 3.35165577279955 7.14683762863085 0.0159039453523549 8.27564902975693 22.7050493620323 6.23228959142642 121.043804429946
7.85673037696223 3.62564931760689 5.52019964661732 1.64916869742923 0.0177505569647198 0.846445178277249 1.71126168694161 0.316210369604657 0.554365929492648 0.0232026121008042 0.220829441444977 1.95562080435629 4.55851800323361 2.53111842035882
20.8209098022975 10.7236146880601 14.631252930713 5.02205781773049 0.0143443978068812 0.779970909384733 1.82549881858774 0.190244910230507 1.19663963422258 0.0323987142728342 0.535137082176914 5.80123238095558 9.64984656257167 8.09145075455908
30.0117730000351 13.8637352594207 111.333803223577 4.63825675515383 0.0267101336219696 0.284823362710191 0.649765666443026 0.141905250411809 0.530677600266519 0.00890242237204046 0.373499298866446 2.8609251489885 15.821153997326 10.7722012883518
53.6758191307133 29.7819162185066 18.6081448874457 1.96900293275727 0.0216607210706819 1.16340163609746 2.19752840176049 0.440837600940202 1.03762399952268 0.0114751578777675 0.368413938869825 9.59837568744902 14.2390605111604 15.0025578345493
33.4213236049486 11.8938622562108 21.5127066026457 6.01572326102469 0.0221289817783248 0.871561197353162 2.66277114635962 0.317887941787061 0.409067838232989 0.00826316140248102 0.679198065281864 7.80249007086444 21.8653734039803 6.72088199175406
6.70845675898793 8.43813812840506 20.0541181048834 0.781677896460978 0.0239875019783874 0.164804307980561 0.456896011469878 0.3113764322866 0.409570459631127 0.0171549249158025 0.202300903317671 1.13895409250395 1.81513781193399 0.831739496342737
46.1692690283766 7.98787656416922 15.4923075394583 4.40027089379389 0.0103964404777621 0.957671770913704 8.43358072914465 0.426690160400263 0.804618291095942 0.012015992378431 0.288664110841187 13.3362152191714 12.3581747833871 2.55310129684049
23.482693817976 9.61119298109512 33.8909784399803 7.90828700569467 0.0114121947432006 3.22995343041201 3.17350506140354 1.33293538148738 3.83398124287854 0.00764390827621332 5.08400254431513 6.06067414156573 54.1353457833232 3.24163412088865
68.4035636051039 14.3349753848777 4.57299539681165 5.80447931841218 0.0297237659882938 0.239424560729679 0.963570610679368 0.287485148668932 0.310787722098589 0.00742150920944232 0.439902347019636 1.57225314090523 6.34223134200974 4.90485309391008
21.2232887789072 13.419312426438 13.1251731234518 20.2167648834292 0.0147887574043267 0.238542092089502 1.09521467572866 0.280607207106317 0.223481718129278 0.00933824948639379 1.16959600710237 4.31846347377759 19.2120085388035 11.4461322006409
12.2724002102334 4.37783134377262 4.97519696032856 1.35520745310228 0.014723432153471 0.497614736910448 1.90920501642887 0.718124316568654 0.369818221291757 0.0166305237136367 0.2835904045438 1.24382621347974 3.35301120027825 1.17903479047339
6.02906936428782 4.67966523162134 18.1829968105175 0.75972922179694 0.0150326100887664 0.177226936124697 1.3955301067852 0.941632355143504 0.477111781252054 0.0136638183042775 0.120398889841804 0.603529234456892 0.621435319779422 9.50340374663939
27.6280718178892 27.6187906850327 14.2793558842284 6.89213651596749 0.0133296027545952 2.04400945221798 3.90979746714013 8.86795317143319 5.11277785596656 0.00600265800261523 17.236218828332 14.3034585986673 31.9500739952793 2.15632134138316
5.51726417015243 4.05877431722063 2.826801003331 0.983717655326508 0.0233304432428113 1.92096473982052 1.21490877032708 2.57090533495809 1.19273621626574 0.0195644100780132 5.44283603313561 3.5081166016192 3.25740878716697 0.400569332069071
11.2407457672942 8.60132456333759 5.88509492255537 1.3164869977753 0.0108037727156581 1.49968173547889 1.66868633223072 4.29076677639309 1.33816721728428 0.0264219902163336 8.35232223459513 6.25781279540364 9.48837722006482 1.45496978399547
9.09160861462238 8.43435197069865 5.55095802680398 1.50335264667791 0.012773583721267 1.03868948840754 0.352619516778288 2.32250796060006 0.405725111165341 0.0154149107056975 15.7454376922684 3.98046599209228 5.51427220589131 0.712101460118426
4.10287876879249 4.30971777943838 1.42954858129918 0.74576026235056 0.0159651657212899 0.647457558614317 1.27647715299153 3.36265806981211 1.22088000693793 0.0179145315684808 2.64684634981239 2.25078855229233 1.14343505188356 0.486390963195236
7.09576049214589 7.89096482237138 4.56990732799899 1.54604852007069 0.0155174278770035 0.440278170931714 1.17133450485775 2.3654351441851 0.567870140263931 0.0338587206372191 10.0215174155573 4.40143058597629 8.82530503286894 1.11753232224841
10.026490140974 9.66906671401895 8.15849618786368 201.360536603286 0.0136327669119188 0.877589634833049 1.99737171907678 4.26593638455759 2.66084582580439 0.00960671318269531 4.62519675186741 6.07583400215698 6.61660887789378 0.518980317401679
21.3300649936284 17.5264280311842 9.10099608210462 5.96541691201884 0.0174864900681275 1.27691441199396 2.47538187038354 5.33813610912307 2.11990343936209 0.0141698867418235 10.5455484274684 9.8140013691259 21.9094991038587 1.65325770266569
4.61612173275026 5.53641265286254 3.0899265904002 1.37797379669368 0.0262098131733822 0.798267576052679 0.937138631476481 2.62807657573525 1.16468138129929 0.0147689210661609 3.89612999177678 3.53933308386546 6.45624378694052 0.570521344873354
3.63040441497478 2.16407717251705 4.63500225201933 0.889840406364444 0.0217485189871465 1.02850376811975 0.652686998742053 1.47913817410414 0.753440523490322 0.0269374086080461 6.06726971159856 1.17015809783589 2.61755950405518 0.215528172703757
5.29319003879348 2.6162204748744 3.64928676455965 1.52779946922547 0.0233563295386193 1.40502981121008 0.389573885063946 2.47241993925149 1.12280098690909 0.015996808227594 5.53998543935585 7.38058649195631 4.38069954691679 0.85025460613737
25.9561631660342 22.6910136337562 10.2016510840212 3.87630893908862 0.020234584308318 3.76530208083711 0.913561348862343 2.33531160409543 0.771784208549937 0.00953778190664586 8.46830708916856 7.09567408013113 10.5544498819756 1.5541030456187
2.67424955783487 4.81146712119439 1.90954883211956 0.826792429051667 0.0333571120653196 1.15802920771007 0.596821635188908 1.53609814383406 0.519682575885749 0.0552386025274618 2.21274002989528 1.77159143468129 2.28081730498664 0.243521683644766
8.83973369576735 6.55069565841393 5.00054273801027 2.20053544511002 0.0149659313768126 0.538418989701112 0.749505216696018 1.82920461258409 0.854463925803468 0.0224045230242302 6.03557663813149 2.17230136936626 6.09546759802258 0.395495614596858
1.53543088143787 0.792407323724227 2.57765937373263 0.358467421842068 0.0185546197011481 0.324689826778713 0.324458834466557 1.25069836465011 0.261233329449697 0.0351820845770854 3.36241166795405 1.23009300449928 0.74373542103185 0.270305394404469
6.77623848577045 3.95772537493778 2.33229637344111 1.60949833165072 0.0119348176289778 0.93388664989679 0.916323205653014 3.56284464134913 1.71944392186949 0.0176472948675793 6.59730642435284 6.24102387900584 10.1173125637481 0.907054380074851
42.6890832457066 35.7584554888314 22.4082837917453 7.40709502908273 0.0168247584174986 2.42138193869522 3.49556377366243 9.72779539763582 3.25899079336352 0.00805691705854818 20.7731396299897 13.0281299888272 32.2994864475086 2.160727881562
10.3570299328226 7.32674833102934 20.8971370918024 1.96314604315009 0.0238788625079668 0.596685229204643 0.830217288495471 3.59013217796499 1.0618482609927 0.0106354471653523 4.48992788166612 2.56406204014207 4.0564819616623 0.604656612438019
2.3011217032567 2.56935043749824 3.24331970082652 1.53619168537412 0.0119582528901252 0.818318287998843 1.06586504442895 2.47524486638166 0.927834257877213 0.025163229485225 3.35338575997366 2.98484775055704 4.07029692136607 0.431035801280374
60.9320421557115 66.9926937364552 63.093297869722 61.7972166935387 0.0259394612603113 38.5282140496042 48.2061852249188 41.8218128007017 81.3849867553166 0.00171943342388277 50.1783867094147 1.6293860129972 67.7182523203332 48.529165510642
49.9694117589874 60.0997003019904 38.381500346653 66.0280738165637 0.0163128972246663 44.0813031556317 38.6325536543884 39.097701810339 65.0910794897744 0.00572913909483152 48.4133392014946 3.38749482396955 55.1645340177391 56.6769575615564
66.1351038680038 67.2339158550824 61.4880185102709 60.3068823193733 0.0114684597180346 29.9683277263898 33.1446148174694 35.6037175158639 74.4578558066811 0.00780492444951221 90.6680269089063 3.53045805567824 82.5742549777689 117.967762191704
42.5389220317883 51.1774177168854 32.4716426255382 40.9949357959419 0.0109206061655964 13.7145630981685 17.478916353181 23.4091035907709 58.4371290470749 0.0183305823095388 86.6924409097567 2171.6505771436 41.6012751784316 113.540816481556
50.2848949212741 47.8870054124574 35.8386314394029 49.8336881502335 0.0234340858708584 23.5404892890872 35.0341979717938 32.6204189589894 60.4359560980953 0.00221136960576156 37.337214612785 2.33412983972228 52.6916742330872 29.0053685321902
47.7225993598642 52.2011088110139 36.6178198197093 53.0492782037015 0.0175641618907863 31.7482947473611 79.3631028896378 31.1155123425077 54.4769806485676 0.0186587904082507 42.2246610737306 6346.75579565308 45.6574116697207 192.958496790627
34.1003754247781 33.4929812572195 24.7915011729341 20.1951912159265 0.00701570174420712 16.3682251832753 28.3200943774092 19.1965374155906 55.3976736251 0.0158481449471656 51.4933758499152 22938.631584791 33.4177827543908 42.3935552467461
94.7598579283541 80.2533186309497 73.182266763614 49.6608101866095 0.0110675380740674 22.9845256442138 25.2075640967316 25.0910687231607 41.3753791665595 0.0252766884419398 59.8648767981649 1484.25614269308 87.6553900376975 87.9712129538474
26.2297555311997 31.0083454185355 21.2435744721494 23.6861994195942 0.0157245050659877 10.5253556136849 11.0769546758815 14.7849443990421 20.059401836844 0.010147987661185 15.8667975719414 14084.5656797882 23.1927539640599 76.4080937474064
24.5458967505023 24.0163596238386 18.250658262019 35.3774513883271 0.026835916398976 16.5133481013596 14.7678123833806 18.0445761184711 34.711174342798 0.0319320138367207 35.0455907293447 11836.3466006197 25.4472261370256 45.3026119381305
16.1629678405504 16.3601030215009 9.97124770190931 13.7596295606529 0.0118870794034766 10.7378616826055 15.4629364586564 17.9097758520208 29.2591399589125 0.0352070989215118 36.2479078489911 742.481678535604 25.6341903633089 71.4339061947396
18.5864186746955 15.7112261331227 10.5918908509736 11.2530819784827 0.0252823769617582 7.77102409250055 17.3369482967808 10.7063379157077 21.5874633760399 0.0634482678949133 30.0916175746905 2914.95305162941 16.1556297606241 142.934763061774
23.8275910294145 25.430657978548 13.6215377481647 29.8651746959967 0.00721418152157966 16.4404462463301 26.2249144590195 18.5924253766456 35.4151322994401 0.0384392327324505 28.7176288010483 234.304509199449 33.2266926644817 64.119722620094
19.2021096516009 18.33308951823 11.6536505324577 16.0239549882036 0.0133242850055914 12.0709255424266 6.85124055104868 12.9873216265198 22.7592000586905 0.0688442798198488 21.4513109522306 1067.81855092082 14.5369314092092 15.9162673774991
36.6402262622722 41.7403963700324 42.9340703789504 39.0307124623887 0.011802712104806 23.4302337222985 36.0360034191123 34.770144241842 55.605885336006 0.000993936130110952 68.3384623872623 3.25119228494843 42.6875954891981 47.5854062702359
74.3582937608176 84.9177573162207 64.9064026372305 67.849771172599 0.0212833856217151 41.7209484815588 42.2558118628237 48.780710775074 78.6300209787517 0.0041763329635116 77.7029844339145 4.91701913458582 79.5440407745768 43.7466816799269
