0.221410432604977 0.490803681507657 0.232752685180134 0.140227584214428 0.0177366874036306 8.53085939034388 1.04911889125864 0.603826546410956 1.79806388029391 0.0792625650296809 0.291151388341926 0.177510070187195 0.275247897301483 0.159256564304244
0.167086595779231 0.335843922607457 0.1758633797 0.115973664243787 0.0167417069326265 0.258465831773286 0.329140894332677 0.191204516376459 0.424835154858541 0.081139757396832 0.348206748968499 0.135608721741171 0.40144186012043 0.212561172175907
0.178817076445531 0.328815877598978 0.190222065496238 0.109649108700985 0.0121672946681916 0.151319141865499 0.208270620673163 0.201882919692826 0.270928645394739 0.0960577851176149 0.320956298846186 0.17638562457214 0.329246364160744 0.151754754915722
0.206919227844387 0.481307232219706 0.146550488465755 0.156305602888699 0.0139232680490575 0.150275856303304 0.241605532081302 0.24938181196436 0.342397394759673 0.0414249172745428 0.304365946729373 0.131405035274795 0.348807862962369 0.178262643691245
0.126378176285367 0.341664787028372 0.142588598463658 0.09590449095757 0.0181260030736729 0.325464458657501 0.311654399850442 0.248731422231968 0.341032910555572 0.0904437247373688 0.310092967564667 0.121030318726062 0.333609752957302 0.0877251861223433
0.29164020521477 0.500253719647837 1.52466491833188 0.0796419382902428 0.0124075646398813 1.00682205127748 0.304930128779398 0.303682250606288 0.956757320487466 0.0544369389587734 0.48211544842609 0.226726210085723 0.578829118479805 0.176672787180158
0.274490439832342 0.514726320445444 0.259374083095592 0.0806734142254391 0.0101725008117709 0.210922722147042 0.288362301316624 0.248289351222096 0.453329135740042 0.126207848160401 0.492199545081589 0.163561048587389 0.450040812247111 0.112256495925878
0.460838710291514 0.8886050285698 0.537443249553543 0.134508610562711 0.0181133841175124 2.02110053743351 0.842647104769396 0.730890729823515 1.60918793706893 0.0770148117703818 0.956200133472746 0.437313022739485 1.10513983537036 0.15170219859109
0.33198439617483 0.535732922447502 0.332471781218856 0.139880769216486 0.0325128321439335 0.570375493836067 0.411654899811495 0.351415420907372 0.568625654687999 0.0850600542385703 0.572681668989397 0.199504077572294 0.56922270282943 0.103652175070009
0.282273634683856 0.548681365156167 0.326371497596847 0.0362621833885202 0.0162827219590004 1.30068430663364 0.515276054657908 0.316045685681175 0.604991824746105 0.0903958447507219 0.521733727892523 0.213198673389883 0.52820691057084 0.163198230657713
0.213360819778162 0.325002849741434 0.246681171064212 0.0279927337425117 0.0193817627761783 0.142488948594339 0.238018786569448 0.16087419845972 0.294500356657136 0.0682741397827431 0.291133944342411 0.159962223861241 0.348983018842226 0.174246601068047
0.261426567657744 0.545130155977578 0.285499640310097 0.0338718979466657 0.0200852275513619 5.29067928302111 0.696369065212722 0.419313600359921 1.49738677769528 0.0731801194463226 0.626991358635999 0.21572487172072 0.653280252342508 0.136173342139168
0.240104377979161 0.408812991175858 0.203055253049296 10.6504565193866 0.012826911201353 0.173625439559815 0.206980691295262 0.143813852237792 0.238683812970326 0.0771597112112093 0.366863203264014 0.151449058794752 0.35321814638464 0.113560898926633
0.239829709376522 0.481787140984712 0.28002941214402 3.82500329544029 0.0145732413082486 0.1764237700376 0.309496295470676 0.244468349505371 0.391423392146495 0.0498902481732422 0.361608152557899 0.146585411897444 0.436332461709927 0.14673076171016
0.141392040146824 0.238370408322959 0.106402954120836 0.109851527935581 0.0112299153747167 0.171089292495515 0.430918120535284 0.15745484895358 0.249526941982188 0.0716962725281031 0.245017845105044 0.107680857317877 0.259536681335535 0.143141852929639
0.189876939752946 0.20638053927264 0.864005260518252 0.166476456584364 0.0109924475808841 0.0908708944076977 0.115474128099654 0.164337307222298 0.165823860864057 0.0155058006137292 0.291431336089188 0.100180447638589 0.524939513170672 0.0914648924766225
0.11017588695739 0.183294201166914 0.565787954934993 0.0748589025597633 0.00876152798661891 0.0609985741601283 0.0754568817701967 0.153091126372589 0.152421689821854 0.0133900230581022 0.269960395665831 0.074482797878543 0.414992842023488 0.0725644130055424
0.134233177453543 0.274945595267142 1.5475937851283 0.144126949538622 0.00939468598415696 0.0580113123906792 0.083578832094508 0.121444940262694 0.112867874361343 0.0191195102574374 0.338287417623666 0.104645166858532 0.59172132990624 0.0795567998608321
0.208598734604451 0.272300801814827 0.247312001898638 0.215909449733322 0.0109103650070656 0.0895421173131656 0.130838952744976 0.202729455669151 0.183253552359819 0.0162263594558515 79.9058695325898 0.159170579847941 0.619598813967343 0.0938912630461407
0.230647439205377 0.427095710591077 0.38287418217158 0.467845357834208 0.0118980844465736 0.0760104616993938 0.123841082322906 0.218182268208986 0.17017831680554 0.0169379845993499 0.368953274181866 0.131711144333453 0.691686977396892 0.131074507669814
0.170346623303128 0.244065290979621 0.376020845202434 0.152496531983033 0.00857201175198109 0.0549331045046505 0.103753472445573 0.153086737189864 0.128870717361834 0.0199362961082471 0.328858049381146 0.107851645488103 0.567356238314784 0.0529286346914372
0.127561139900181 0.114578039977228 0.191585449404802 0.173804765434393 0.00957002294038727 0.0487094340635109 0.10457085496745 0.155688743124506 0.154997706735021 0.0161953257168021 0.168296589410581 0.275162806308454 0.181621900619641 0.084942940665677
0.176220569626587 0.227207059540907 0.136074544372229 0.186474274622622 0.00885576538094388 0.089936385123074 0.138135713596676 0.211958689303854 0.147916669899779 0.0186589901970586 0.111136674401419 0.0942784662597627 0.195567811710305 0.0629917403246976
0.161499763227635 0.209608373645274 0.123750918153094 0.142314591603308 0.00961785738581078 0.0570711325580404 0.0996477743289951 0.194133594399128 0.18621463817396 0.0218503402630651 0.114324428967022 0.0955909488253853 0.174875234683566 0.0360894599782852
0.109268084668471 0.181996806120097 0.0847919052417958 0.102212764863292 0.00932993482839812 0.0472842177878531 0.0820861297904404 0.14308701735823 0.146610286930753 0.0305282267392777 0.105792788773277 0.08670012237259 0.161098811903799 0.0673468163351423
0.125223631597574 0.197303171639048 0.0749378917893018 0.125268950657092 0.0101210651724696 0.0498660272013814 0.0671112415525299 0.134561322347515 0.117692487070541 0.0164055347560484 0.0886199462746948 0.0719288229483358 0.115933264398612 0.0610387959098344
0.173985765415823 0.338796957318562 0.254321645112199 0.206001103957341 0.0126421785735699 0.0541581501749148 0.0789951859318809 0.138763150477247 0.126774043678999 0.0260235772458006 0.196885954166961 0.0682549453629496 0.430617924957679 0.0679531824156028
0.1851579264497 0.281678433919113 0.166148566272587 0.161828939927129 0.0101308597020666 0.0958738733459542 0.105977132582674 0.174958723005883 0.142778824910809 0.00950046849534955 0.188115057807964 0.101998716516842 0.228905789426716 0.150365170551926
0.176874357362636 0.239463955900054 0.35614509930896 0.169513114755795 0.0102911330916531 0.0689406804862665 0.0977172978528419 0.16589243896931 0.174719808716905 0.0232176564225087 0.340474561712474 0.10596192278426 0.404971579577192 0.0981316145806914
0.135696851265513 0.222920206416742 0.12448423266547 0.120614080179157 0.00734278801732009 0.0593419355113898 0.110317232150502 0.168636497376972 0.183904898633371 0.00973481760661366 0.183191595900886 0.0749643341109517 0.203000014159475 0.109030232276795
0.132811729022568 0.199911198645372 0.256664034094454 0.112618726732584 0.00930809650041661 0.0695819664693662 0.109036973365848 0.169689928161595 0.150585872423904 0.0174743751260831 0.288401145060911 0.0848945792882076 0.487009755461207 0.129500736265179
0.155506888757887 0.200518005383823 0.132537308176205 0.136554576067498 0.0109745285317683 0.0510985701245381 0.0929339606998484 0.156829548862965 0.147606141514811 0.0103865991720748 0.278478978736561 0.0998925730926946 0.416465147083256 0.0928243484382016
0.134500639598588 0.179149227015938 0.418895404073987 0.123073697092536 0.011002189989342 0.0645274445964929 0.11582606301223 0.138065088980625 0.153010120736479 0.0127951578071947 0.243689179434446 0.0844765114489309 0.269676229886341 0.0859374681065884
0.897117023369682 0.728971707809498 2.72872408912061 1.93609281007631 0.163780216764548 3.06646187876722 5.10260461582905 5.45560061468163 4.22462806478403 0.0834444481807335 1.01954779495558 0.315375297939675 3.36679314190357 0.510898731857441
0.209583051348472 0.268793024029738 0.146323990265955 0.239160727384026 0.014364479037545 0.165159893886477 0.273108537384064 0.417661559444747 0.568540760705472 0.0258400695289143 0.376786400037895 0.19082093770467 0.426159925699625 0.0537357657108672
0.220909600269116 0.259345261314448 0.141279034541984 0.226524174164937 0.0154604607062592 0.188266102115716 0.215076397628976 0.338980774336546 0.479892642029012 0.0113765669169038 0.388529268167178 0.1855904964 0.3853016977096 0.0724202731953482
0.259729998430139 0.281325132535962 0.161390136425832 0.244244835730055 0.0128958838415123 0.223954709138556 0.298137462438648 0.483268678394358 0.527340713983322 0.00714492642209504 0.460701270320196 0.223508274903598 0.467572358437449 0.0818418534704005
0.258066714261266 0.331913242915253 0.193302896000591 0.292928090157421 0.0154740957815813 0.308694643774798 0.374508531717999 0.600342198179926 0.75792392821646 0.00611388604419516 0.486536181484692 0.256620936301799 0.434065659406373 0.0512191454049898
0.16480222569486 0.166546344905351 0.118220441240594 0.18050135952198 0.00987150998468607 0.222477992027384 0.216730414168856 0.274931858505069 0.409729954338044 0.00665230359765214 0.304154435000435 0.165093018915999 0.411832832912682 0.0590784638637642
0.294774999015609 0.339924671619376 0.198357444073365 0.309041310416781 0.014531717956882 0.20523537754819 0.381718348152946 0.485017744007481 0.505010803606085 0.0049845159390525 0.58900484502293 0.296641941665726 0.633972200111655 0.0962897335521108
0.250315355608437 0.251553358118658 0.169786480379983 0.2391892147392 0.0136586907320684 0.236908501573741 0.264831763170438 0.384184378137202 0.426985958039222 0.00453858940981094 0.345118760695242 0.189443379977889 0.434865944723647 0.0613894933424831
0.235513459491977 0.249061587945364 0.142059351978473 0.253525327507342 0.0137568381552603 0.204586737876871 0.26326028390679 0.457999853257412 0.447233051474924 0.00295947341588472 0.459001940537626 0.208792986463938 0.474952518162203 0.0501537224113149
0.369492352970036 0.293226204445017 0.164588547542688 0.243489218479806 0.01275442296186 0.263258380989235 0.346208122671357 0.582203146330748 0.493912366436234 0.00239036711272586 0.444990984380306 0.200541188194247 0.473357675698361 0.0744635079946684
0.298565959182161 0.376551332584299 0.221783455052218 0.314590694407308 0.0136751516458357 0.330839176913853 0.443662396314905 0.491023912427963 0.778424245350757 0.00278083848806496 0.589566970927805 0.342287556090384 0.563754471344804 0.0985029547782118
0.2537841306269 0.26702186525359 0.158244391378041 0.248033573268735 0.0105237356171943 0.206830715625823 0.250717822607837 0.306698589806342 0.369566591233266 0.00308196992510682 0.439925558686312 0.190107452382459 0.382227810715661 0.0887406030134981
0.22664484945599 0.202846556086354 0.148669547722312 0.194481748275251 0.0132683980327361 0.169728874086626 0.266274711406542 0.434309252486983 0.551209060315194 0.00132697950274216 0.394363257931798 0.153713495223636 0.465115918246671 0.0609386106760934
0.276858212840445 0.282085447495151 0.177494297888084 0.254857969229625 0.0136681961878945 0.19998047826951 0.335973744045914 0.401310989162111 0.60524633332255 0.00647530948738947 0.459478976175694 0.24401631000967 0.449708731321313 0.0622822136694581
1.216743274006 0.745826578700746 3.19736960706413 2.59012212311549 0.234160566015595 4.2471290523569 7.15591566784824 7.44032438207275 5.96158112627896 0.148742259070006 1.41713496618792 0.403703072646166 4.86852897914916 0.621918826721578
0.599867937744987 0.432774407267645 1.82088111608529 1.21494269547068 0.126325349241955 2.02162549404679 3.07043319818225 3.27282782436087 2.91573536618547 0.0740434276849611 0.659604060586745 0.229400943207215 2.37901016868139 0.388394328240372
0.805399353550639 0.403102725376745 2.209319697538 1.54648925357622 0.198455815253343 2.77524718777765 4.71240900076147 4.72864126909919 4.25226570469167 0.100002627760831 0.907330024375269 0.307740897039387 3.50956806204984 0.44579861319653
0.861520812313674 0.529592334634007 2.43110789072229 1.42037431920031 0.11358380928695 2.8232116580013 3.98053547886422 4.080729072689 3.3603846541195 0.0883249646000375 0.992456280057469 0.291094983850152 3.74746087086767 0.37308179987468
0.967232129214691 0.79474901193864 2.2422360810797 1.78540747939524 0.143678441590554 3.25115616310421 5.45365537179634 7.22413057959199 6.81203460499986 0.101847041318225 1.12139163605124 0.324206612643491 3.69072294348545 0.380491061360508
0.766409741896182 0.227376486586296 0.149027917534357 0.210450182371775 0.0264348181026734 0.059521780397762 0.709331186347886 0.25427060368395 5.5652932250754 0.0128701001022341 0.166072432868382 0.109248026684678 1.23853704166742 0.218561113702459
1.41177981102686 0.471135838623424 0.257711795594877 0.295750172751812 0.0136192258739549 0.119802438827869 1.39219244109589 0.39137119224782 10.6148849918314 0.0194501747968372 0.293641616640945 0.172167709482728 2.13444720316888 0.496312229740883
2.26909572424033 0.626971832362045 0.404346700498099 0.460453271492558 0.0245305344762519 0.138233096125038 1.77991869281936 0.4925670626989 14.1753739991321 0.0112259722865077 0.452462588152691 0.257122699014403 3.1432636190861 0.553328899728588
1.56774370766586 0.462555465695425 0.284881144594138 0.382714940883111 0.0242522848513464 0.10508126751612 1.23820741191711 0.414909225804489 9.89777513834574 0.0216831018299651 0.414923878667591 0.215441310374593 2.22999652744488 0.400439336541655
1.58460767559759 0.464282135709775 0.312323683260092 0.315455397362073 0.0197003695125311 0.0949587469023402 1.50965355385704 0.452901511543288 11.9146882594126 0.0209978974658697 0.419931983671961 0.229341074134994 2.36003538155716 0.35391135164065
1.36422035082603 0.422537956738052 0.257231292455834 0.275712772927554 0.0251648465564916 0.0973114888868459 1.10010547902775 0.316759117719419 9.42275395221303 0.0140819289808669 0.325069865253896 0.178837450140818 3.09619677269555 0.883693589523036
0.848714359184975 0.334373151752622 0.158005646694773 0.212361559720956 0.0185404436553692 0.0553715394507902 0.910516647685115 0.197296939665486 4.87087969340678 0.01303149813181 0.201793247053034 0.126844487121622 1.22191011820759 0.244625615257378
0.950738880423972 0.285382071692851 0.220571259815237 0.18705116787133 0.0288086134981636 0.0723852566812073 0.819402656502007 0.231202048055321 5.57841426272888 0.0176225683917771 0.265441062671128 0.1536616347709 1.46453045781049 0.272569970767032
0.919688398320234 0.334960011078172 0.19699946094024 0.18178150628653 0.021393435403609 0.067798473631767 0.794765066985438 0.215699342546073 6.93248380337323 0.0287868729456783 0.217559923199753 0.13510372017036 1.39448015526051 0.278109583172325
0.922301850067744 0.295428877024658 0.193401082465775 0.192944134623001 0.0241411768647727 0.0593840288518881 0.850779342978132 0.278063445349455 6.52315036381237 0.0155433091552089 0.30417227531103 0.146658004559472 1.41668169156253 0.224302379624937
0.981357971603221 0.386929975888569 0.210203899407854 0.194987174617437 0.0248958057878743 0.0660804407839312 0.78767135181437 0.221215417287308 8.37926482713161 0.0205083853147793 0.366476907489935 0.146810598299285 1.44869734731014 0.434757562366748
1.5615739542676 0.507318390308482 0.350640372362473 0.294586997814548 0.0236542212223137 0.0882157560511457 1.38357794462618 0.255872622433603 13.3916760640673 0.0258303760867037 0.595771465088459 0.194713603075977 2.2998786689319 0.423416130322394
1.73019292228329 0.549454892209704 0.3336104299107 0.41633315175752 0.0166894528787773 0.103856416967087 1.43125179536797 0.397235570787452 10.1373542749339 0.021746379023331 0.328886084988871 0.178802552180154 3.2889626533545 0.359407447065395
0.368023818740055 0.147413690568529 0.147798369203273 0.0688751680369798 0.030449727819845 0.061876664542672 0.417721715293716 0.113128110155324 2.76877667392385 0.0200449454706583 0.157423719369974 0.079155466858936 0.804308954519803 0.277169663523089
2.0574799978479 0.699502189948934 0.360996279803807 0.435967219573671 0.013785111519301 0.106730346341002 1.77460061019099 0.549680362257696 13.2663967506917 0.0196726689027429 0.406444830641842 0.193858509848213 3.00143642233972 0.431873178960286
1.79502619220814 0.464134795652754 0.35244311975805 0.359777626684585 0.0430883086428075 0.111773928969029 1.4053566751675 0.398557616548347 9.28874632371605 0.0192375150102068 2.25045413077653 0.232992565772926 2.60992516226793 0.480341258962564
0.209231901100373 0.194565850082148 0.170919519040367 0.192512518738352 0.0156789883349192 0.105757085026107 0.0773615812000541 0.0374759610606916 2.07855790832509 0.0092340377001829 0.261186316725592 0.0956244232384537 0.268021163731019 0.0594991824254526
0.233231195138059 0.221955660257211 0.216935987631681 0.249955383246939 0.0122784720986448 0.144300121838848 0.0786537141947536 0.0384311344847669 2.44642484117662 0.0152549438726923 0.237204725349113 0.0946372475123083 0.309235941106213 0.0651488868439472
0.167429461134639 0.144674298315185 0.133480521991283 0.178337283806054 0.00969272900120745 0.121761697336416 0.0623931330764018 0.0273714264951624 1.81765647797845 0.0107850840351403 0.2022430419245 0.0680775900482249 0.24035181104211 0.0495921653424563
0.157543325330567 0.108864423497526 0.125486912761893 0.158816188097854 0.0123363320242852 0.115536520656395 0.045363937682747 0.0452639049944835 1.90173416208444 0.0166346055963589 0.198438717720503 0.0865406336032055 0.236045082830842 0.0476166841175786
0.197455764449567 0.130600341012451 0.170394585750099 0.163363318354014 0.0109710315588107 0.118262211346673 0.0687112830828047 0.0268803800407678 1.81719478978728 0.013272470266146 0.175361729490547 0.0829155405175834 0.218463439815024 0.0456161909527447
0.186780500483273 0.0917923438405863 0.128891625670067 0.147346202099209 0.0101409615845573 0.284957063241345 0.0458535961831579 0.0335719253978103 1.67638886784672 0.0140585537971455 0.172121308242594 0.0809556351965296 0.241234224207612 0.0478353145115994
0.175449813323983 0.122479022323686 0.11631611097003 0.134854752833358 0.0129943690887947 0.0732311387961052 0.0422789884439261 0.0277634307308501 1.99005518912116 0.0123386319225942 0.167957817621496 0.0605769429333171 0.287963592932518 0.0345441311890409
0.116284906094046 0.146058250202757 0.0930227499896481 0.142362777790128 0.010947321294165 0.292640127395601 0.0398398801898731 0.0226226939869281 2.02688078062598 0.0186709253143685 0.12235331677597 0.0523962414842618 0.268108809471976 0.0671804917458301
0.14591252892123 0.184989829688391 0.117699857880302 0.145662543481867 0.00999747334102765 0.0932182270911057 0.0616864537941699 0.0314893056487378 1.35862821595007 0.010246642725928 0.145265189308773 0.0625423973176617 0.174834992122865 0.0433660241741306
0.247512206410861 0.167919546538374 0.20038670662443 0.15844365244138 0.0175081456469905 0.07219814347443 0.0568853973694541 0.0442052612625685 2.7989656833752 0.0172743287746743 0.231747549094357 0.0845707562279213 0.374914189034939 0.0415476980889949
0.130652664833761 0.10366701072218 0.0971596435112887 0.163388936285274 0.0115987340652749 0.202375792549249 0.0553106200023628 0.136882658688784 2.08207050088345 0.0136922793581164 0.119474493427606 0.0444275215194906 0.226552555587129 0.0526755453273733
0.134800814082422 0.10390981108872 0.091546732292254 0.102371072394655 0.0147347626027133 0.0917908303205415 0.0606560263132304 0.0506559298598106 2.75758034561013 0.0166111255567111 0.22211405876659 0.0669899029459393 0.430717812667578 0.0461105611099288
0.16055077278121 0.144656557155135 0.112863449904056 0.158608142326337 0.0168094990204731 0.0802803237942829 0.0450667603450476 0.0320904745852791 2.50018096688604 0.0169801354507803 0.15167142376638 0.0601153927043646 0.351087466731846 0.048176296716125
0.210457808623447 0.607213499912192 0.14215813222651 0.195768845226385 0.0130151687217652 0.0962715253664277 0.046235461035573 0.0593992025960386 3.62894918709011 0.0188840363220392 0.257558904824607 0.0845961105982657 0.504518969779772 0.0651846364941781
0.171634437741684 0.508029350064772 0.118520815336218 0.194752676949978 0.0116390568834669 0.09680204283989 0.0776416207320558 0.0461262238766436 3.40059695143078 0.0157723856804039 0.192924917555786 0.0683383815122389 0.494872646634263 0.0469728265495049
0.152379210135868 0.348852785538227 0.119498351353764 0.150086491984329 0.0168920358493802 0.0872827823626596 0.0579811440531552 0.0371123153875693 2.77868697829185 0.0137881227160489 0.122268195838529 0.0520660186535348 0.31165773697415 0.0543170699476779
0.233070377168512 0.13439090918367 0.16283943903841 0.18698393377036 0.0115655947856067 0.0893539350474795 0.049252555138073 0.0378035377124169 3.33359459057434 0.01872762220949 0.209382494583382 0.0941399686520275 0.454914304240247 0.0441364806749171
0.121168258157639 0.126319273554043 0.0997489872487616 0.125765653831838 0.0107226316013781 0.0861746644635095 0.0710452517775029 0.0373794918639322 2.36950405701876 0.0196962679735932 0.129462641600178 0.0489312699428421 0.313478644698111 0.0508854097966481
0.175295831045891 0.166701540837972 0.14805193492651 0.165475181779903 0.00991852540504198 0.383526496704224 0.0402694346131151 0.0255357218962493 2.99354285420685 0.018078055000193 0.208627149087869 0.0766342197590023 0.427809138536241 0.0695034644790221
0.163510899906766 0.125572927966896 0.135810451391872 0.182620487503015 0.0135320145361006 0.0760358620664539 0.0410081550607702 0.0344906837491591 2.98370515624762 0.0161191663585127 0.222224863802987 0.0706177338804687 0.388945051423563 0.04845165600089
0.164330375321347 0.164778333882299 0.133555859463269 0.165509662437801 0.011067127764469 0.0993732089865483 0.053402911360577 0.034714877938566 3.54959838997662 0.019362008354731 0.214985514671499 0.0692628385658431 0.441422618714449 0.0361632602228685
0.18120201559924 0.138756316091659 0.153769200712939 0.154330687029266 0.00998321773733135 0.0756220443686613 0.0477251140378083 0.0327815153002055 3.43606715227232 0.0120325733198738 0.161834503142124 0.0745831617248227 0.393429514813368 0.0524771702380727
0.161372378977761 0.13011998406605 0.124941526366645 0.149546876915018 0.0127542671809334 0.098368559692268 0.0666379218824085 0.0336640748313565 3.15447467152246 0.010718210766619 0.162593010833011 0.0685942628550932 0.375425245545906 0.0655624286770176
0.24082713658101 0.188392956284187 0.227475233499894 0.243108374603801 0.0140374009332812 0.0971985563617088 0.0755756839420047 0.0479569338959611 4.69969381369228 0.0209865341082973 0.233321496923206 0.1148766305397 0.561132435058715 0.0574060809430367
0.114570499765427 0.125278886344625 0.0967239680768548 0.159530572143369 0.0129415751363385 0.0874364081330765 0.0652558627055159 0.0289393572129272 2.75635144162124 0.0169915722925068 0.177534176651346 0.058748693003355 0.291821189116136 0.0549969380768991
0.238825389127336 0.15658370639444 0.213416144649298 0.185890469291195 0.0111013128744379 0.111235200797793 0.0807552910870783 0.0363648362922284 2.27320895121282 0.0128106694084703 0.260444926836502 0.113557815068032 0.29574076366494 0.042792676442963
0.130497924026046 0.082982498579247 0.114845679013 0.110898913459887 0.0132334988936954 0.0906283816321086 0.0676518934824663 0.0254714434857935 2.59740326992027 0.0164985900195274 0.148792125160568 0.0724441564716082 0.365778231136181 0.0397156983184869
0.132493361068171 0.0981298740689778 0.0941590480549454 0.129725566445731 0.0136831985187086 0.094398735537862 0.0636362002688343 0.036155752972636 2.66277540418583 0.0204623086872428 0.182030055201251 0.0553943934073569 0.370301350683483 0.0412183914993947
0.154749536277763 0.152289585431754 0.133487038109333 0.153046423080146 0.0100165942056918 0.0941931081574944 0.0580102047873562 0.0287925271111393 1.59317940003944 0.0126187056782044 0.175261524731398 0.0629072268616173 0.214833684373397 0.0419872176250253
0.195455931461824 0.260083119652548 0.144897757598688 0.189565429517435 0.013893688425042 0.0995173542036819 0.0592390808566041 0.0337415316772785 1.95604496715284 0.0115609833271588 0.167784398580421 0.0902018498191378 0.221732823266019 0.0313516992315819
0.128427767380782 0.111287252153372 0.114032613729796 0.167196906568065 0.013219541753512 0.0840606742501744 0.0271091048051076 0.0285758645133448 1.0739068847188 0.00849302775603268 0.168121883907341 0.0474155786806672 0.126431453017341 0.0322019005735663
0.117347600681863 0.132751550429749 0.109332319541562 0.149305446544691 0.0132397820240559 0.0893199671050155 0.0571623477779031 0.0265882283334084 1.41076605859652 0.0148254602184508 0.143038148165328 0.0609198854250944 0.159307587353608 0.0452448207329872
0.645197955314775 1.45410731922326 0.11359142984732 1.27773819677608 0.0200111391912037 0.325429029432564 0.395221226768106 1.03456975516468 1.33989172976517 0.0104297181693021 1.22778251439081 1.15781909262386 1.55616053644302 0.346128364570294
1.47950139023196 3.81320222414356 0.19490522893683 3.12091274095681 0.0274418096110948 0.62389352532501 0.219985472650699 0.277770476699899 2.56192290479725 0.007171116441447 3.11595227326478 0.574651733918041 2.75659979195272 0.615384556513055
1.41683640414183 2.9546365656093 0.198338083710887 2.77807921303375 0.0181759303849467 0.711123253196965 0.926540441017554 1.20468471010572 2.3757461392097 0.00896025369823392 2.67523477548339 0.419703660045502 2.70904044864392 0.557763101920674
0.514300556137474 1.19034440712791 0.0904476895630941 1.06335766417657 0.0186180421174135 0.165398987106448 0.0894162099055515 0.472659303842393 0.712469817343692 0.0129887802308313 0.882491100389842 0.194786534418418 1.05167615556837 0.28066557167442
0.976824314874439 1.89151098594681 0.120023549128807 1.77386340489969 0.0290597394819765 0.414930888149083 0.214494428151443 0.970323395421565 1.83646070462778 0.0111331665061228 1.95838950991312 0.345952000759443 2.00993396970955 0.514269225673678
0.663038337989745 1.4898669669105 0.109807199456549 1.31427043465682 0.0272266787449928 0.271696714046417 0.281006643644604 0.701804785954797 1.27956807040458 0.0122359353778171 1.12409832841511 0.294889933746816 0.987447125981489 0.272681278471503
0.428120866480645 1.07095378181864 0.224136288589905 0.955917909522907 0.0196456187762539 0.270514619595727 0.360469956059385 0.366249824383201 1.42906646501583 0.0145669645172825 1.58434168890893 0.374399415915772 1.41779678422008 0.309551260569517
0.176015504470526 0.182522102467364 0.163448182170477 0.140996885916962 0.0128406809418227 0.0877863780014313 0.0887119307783817 0.176848407648942 0.0448989970837806 0.0114740731826575 0.113420233963901 0.0967464374163271 0.183032664120358 0.0204588556887016
0.247725595134266 0.268020758402728 0.215767885585937 0.183874403590623 0.0113281514965155 0.0541895949159657 0.151073977025808 0.230002607707338 0.125004550894977 0.0105478583642208 0.119230520116341 0.126247185758095 0.28017296068485 0.0250874026684345
0.152277366722978 0.153964005915304 0.159840548588563 0.118539361712058 0.0117847193477297 0.0894459632819037 0.229044452284803 0.190245519275625 0.0934733975665092 0.00389495705186288 0.083147444142958 0.085645955407316 0.209979590428552 0.0213734229574881
0.188732793508297 0.151199626807749 0.183903605145729 0.141440972849505 0.00971523426939727 0.0629027688166406 0.155626952516627 0.138221116365106 0.0917260587690891 0.00881922839830692 0.0872735844739708 0.0985464514275198 0.235863964479637 0.0225922146895547
0.202543421012497 0.186258512734257 0.181153362597942 0.137785743183259 0.00984937342322336 0.0471694312172743 0.131143763269365 0.109940707306396 0.0821042371546931 0.0083055880377575 0.0833075188667104 0.111047035762413 0.1951292757772 0.0222431918027392
0.169778188243854 0.161710248914103 0.184486493672412 0.28879129957522 0.0153549712164835 0.0363505343060766 0.120618319996815 0.134832369637785 0.0984049353577446 0.00510200478701656 0.0916635862815763 0.12056731772943 0.206063337740723 0.0312270519696367
0.345740174191517 0.385253576782668 0.329551815723137 0.300643014286247 0.0123407825749538 0.079057940708957 0.235488806187133 0.236268875823234 0.13742947487561 0.0117296389337114 0.172236499640807 0.176004348066459 0.369853437832723 0.0211093072717211
0.444689652840134 0.448058288460749 0.447025633220311 0.403077956497894 0.0137987065306219 0.108363172960326 0.325100872817925 0.341011131224417 0.140121973296728 0.00822608635238891 0.231410956419833 0.258804926313553 0.524186081124883 0.0343157476412816
0.256763076261681 0.2270036323573 0.275817560771 0.219954765041898 0.0129490306437249 0.068428072624369 0.193078896236583 0.23249155887948 0.0909871048081593 0.00577270889354465 0.135654385298699 0.139133972238078 0.294022988083879 0.0303129783424484
0.163346463091137 0.146068781020158 0.158776194413457 0.13764915339623 0.0110152457603595 0.0616436524800198 0.144893365137437 0.142318785199647 0.196416377748539 0.00388293344285774 0.0747712734830419 0.0838526612048041 0.25693271192207 0.0281966131650527
0.216511941872865 0.179191521768006 0.190741736996917 0.142091661957206 0.0140899306629437 0.0867922829022738 0.123472152099219 0.130444704828739 0.0856158284853025 0.00377375472024151 0.0939894385387936 0.11583668693443 0.22597047738607 0.0286157785068909
0.259874153644847 0.23496905020618 0.238532892653559 0.214355338158981 0.0160056660964936 0.0628644143212502 0.155683880966653 0.167966359046732 0.0874970774790762 0.00534070807883918 0.135136548325266 0.153596099624633 0.287214619108705 0.0196356112047268
0.147699110516931 0.158662483446523 0.246108077563044 0.159848957804775 0.0119763562755285 0.0821683599952666 0.218299582340416 0.179336265491049 0.096816830765661 0.00432798230343072 0.0889389778048576 0.102792416776534 0.246113260519336 0.0255399403525223
0.273008102056168 0.272596268765498 0.225034858991801 0.205957839670815 0.0131242526256742 0.0400601133154982 0.110106719964092 0.127937954909649 0.093882137850057 0.00793016576989984 0.114532001664745 0.108254038709904 0.32517697480567 0.0264431834162962
0.194261824556717 0.222080081188385 0.176800003840013 0.153225894585566 0.0147408615693966 0.0787259260711638 0.158229465905831 0.216595470212008 0.0930531824187592 0.00344431856988976 0.0938537493446689 0.128492238845822 0.233262877113546 0.0275734787983029
0.214464480040552 0.172319486442358 0.161591405586349 0.156660542408119 0.0159833627168841 0.0403495599191421 0.132475611438814 0.153421130374755 0.118448746401665 0.00376295143116024 0.122198995274594 0.110201171716142 0.267195829729506 0.0247499135252544
0.253991977539721 0.231791120485336 0.25502939012799 0.171911367391626 0.00989911963732781 0.0470024078816521 0.12139314406184 0.166364233662144 0.101872368549483 0.00788159464083116 0.111384671799986 0.137660291578008 0.268991115728079 0.0291365317218662
0.189205374038706 0.179485698264354 0.181659342312664 0.147770569221468 0.0113531165816972 0.0575868080137949 0.171105710978345 0.197885320264136 0.0954656576665572 0.00782913574268084 0.119530964235191 0.115750618962393 0.265004549158806 0.0231537275896848
0.211663364641304 0.251019703165679 0.182282338023597 0.198424702847397 0.0148101324432907 0.106770507076684 0.121959480784716 0.13130468969226 0.0670253387542906 0.00362294090366141 0.150124372520218 0.128119216706557 0.290674175897671 0.0294126734548983
0.181647784346395 0.264333240925364 0.289512924268808 0.172840496587569 0.013652404584652 0.0527999608221001 0.121563941162046 0.120977343968112 0.0763326364232093 0.00377304781454353 0.408486830270428 0.146641410558974 0.365716258344285 0.0240969175474449
0.195553356840046 0.24124791927039 0.178487328854639 0.183851345768678 0.0105787896236208 0.258566033311832 0.152214280374827 0.125524153312581 0.0773871434398757 0.00678385008130547 0.11131854043026 0.1145578989026 0.285793849022383 0.0301181143638189
0.129046565356196 0.146917459393707 0.128485637509137 0.10290220352438 0.00897514304702935 0.0643062495566425 0.103190970050129 0.126742217484859 0.0854434742769437 0.0105332095055084 0.0768547279977499 0.098430742230887 0.224625711943713 0.0208610094928145
0.172573789627503 0.118946809008736 0.155050658856838 0.10864619789079 0.0115786866033522 0.0831511904268495 0.106415236812472 0.162326695686432 0.0710751832980321 0.0145938355341796 0.0806219780623374 0.0852330552042513 0.159399184012301 0.0199593016097336
0.187873716244763 0.176126325550625 0.187132870144359 0.568526781588352 0.00923744782943266 0.0561916119041325 0.159529180821983 0.161764504947111 0.0918353291915657 0.00643537768257367 0.132762848387394 0.133671193619154 0.22738124529097 0.0270747551703162
0.298751460886552 0.46659632666822 0.255639583711837 0.610733730670211 0.00986308700796759 0.201685363057824 0.106748055608514 0.27643616741914 0.557921826731091 0.0074602475118778 4.16565142893248 0.0960329476531947 0.612298363016469 0.0943605897771786
0.262836158229951 2.11731834711713 0.293050895597496 0.807000068811621 0.0175494992880035 1.26035970678147 0.132113687587508 0.307947751404278 0.930174796985177 0.0131555124560201 0.518091162850712 0.156125071515768 1.58063258927471 0.205961644067713
0.368327305348419 0.979555407866529 0.339472468699807 0.978445796028149 0.0130653254338986 1.95352306748726 0.150053518411432 0.286201002612482 0.71005376303863 0.00672522727457059 0.652600750923096 0.144230001208465 2.17222465700575 0.0692492487438883
0.491651173044545 4.83362619188493 0.420416784178236 1.04493072016859 0.0136078844879756 0.576850557514747 0.209604861415629 0.403760901101923 1.42083796397206 0.00978307923315646 0.477637750345294 0.161556405102744 5.3039864308374 0.110068116919046
0.592310150314278 8.15281798111453 0.543872732102624 0.838417452845933 0.0113424465156394 19.4569536706671 0.427468212716109 0.531215847163904 1.86037107665198 0.0145697574799918 0.823716097639439 0.243578111719448 1.13754691722052 0.106624402044557
0.483752442616683 3.74861190179336 0.369723257967044 0.785148908250367 0.0116506037718265 0.204350155528917 0.230796925298947 0.302572786307178 0.734997273319699 0.00468703986819435 0.468296854342871 0.167468408870723 0.892147971411669 0.0771970951052487
0.368806120941684 2.31679289878067 0.42645600981541 0.573011955614599 0.0142991825836038 0.272880049835237 0.232541464754216 0.325371852352885 1.06302210606853 0.00524670917285033 0.364580864693 0.177163470335836 0.844802641988091 0.079229762175083
1.16263640607902 27.8518087478619 1.18520021933722 1.70409844911363 0.0124854991519309 0.735089877553175 0.51164634714108 0.76282439634574 2.75701929402249 0.00944892116523991 0.95823650445311 0.518330816444752 2.12164015545036 0.154093936487797
1.16283168901132 8.04748592725527 1.10997623346406 1.75102188601657 0.0152810124704257 0.744146862417297 0.544495543615035 0.877842072151053 2.6470832942586 0.00725513008011719 0.925980569338718 0.451538521141882 2.39811120079767 0.11803330947901
1.28122030566609 1.26199656237351 0.528305474826834 0.216041555690506 0.020202122516761 0.100375245594337 1.05767721822407 1.47975472158314 2.0676317335032 0.049832211709502 1.03973186141946 0.350754648538565 1.67174546429456 0.0663916163779227
1.65275520884709 1.7868376649301 0.707693535242419 0.243478749340146 0.0211638650617724 0.124879779020855 1.33592949267366 2.30455154728923 2.94545555705701 0.0434027672781584 1.07655915084662 0.41905041188662 2.0370135219224 0.0857421420564934
1.33328114195638 1.45996326568073 0.502196480199079 0.216791498588655 0.0174177221606421 0.0918717978264138 1.07699906942724 1.81126683806466 2.22687056044965 0.0457622781521136 0.691107038821697 0.251092236737338 1.55414524911375 0.0628720872678439
1.73315783739507 1.90509848505511 0.711218188124761 0.266341910535946 0.0124156541838736 0.140610600094939 1.80989720072888 3.24936915406178 3.12111309311342 0.0130504672012113 0.971085887849101 0.371037153164361 2.05248107005019 0.0706783433109782
1.15683432448779 1.14004341126593 0.464570230736217 0.16164308407956 0.017225423558275 0.0747122314810292 0.924160013722636 1.56865834543388 1.6146353152801 0.0111172424996799 0.612521436044441 0.248297076983432 1.31529187314957 0.0581917964012817
0.936184547085137 1.00689577555193 0.403218858765912 0.149359447384413 0.0270570824315909 0.0728360403857189 0.96054691248286 1.70816642020858 1.62426695944025 0.00766302551508707 0.552340577209713 0.229750923827344 1.51887365297838 0.0448956656168358
1.42106052687194 1.51488874021594 0.602270635825749 0.207487586600846 0.0148562043490272 0.0971554652394045 1.08934263514695 2.00222498718396 1.84353846219819 0.00584234995101549 0.852329112724817 0.342936123658126 1.53304308170869 0.0434129842582541
1.62202990631963 1.69582079354858 0.629024426840737 0.254757359353163 0.0184177490794341 0.119828604328837 1.24255790219979 1.94379636073651 2.89488636241487 0.0642286965921374 1.04405916479802 0.334010299561192 1.9783350169826 0.0658340804073309
0.294462892094586 0.323631412197515 0.146979053246289 0.315022129931734 0.021897514132711 0.214760178767734 0.250266097545225 0.252925552907453 1.03157445648203 0.0021121477488549 0.341728684599127 0.307843392478002 0.441447342578623 0.0868555320343101
0.415793864000788 0.380590780597496 0.21106996817131 0.557357992771847 0.0175945821689916 0.130081533170182 0.193388907334167 0.250785447774334 0.368316260008235 0.00128448272455196 0.323053063110381 0.35272338086105 0.524986568608409 0.109149265010959
0.311958855343628 0.388814296702764 0.148099203503775 0.236968636134225 0.01858429109779 0.117518576546926 0.210567069786388 0.410800032807623 0.479801812954128 0.00176308527439658 0.424977803765647 0.317362830565028 0.531137243632116 0.0931444172857512
0.224757729039283 0.297268676723163 0.0837694847198616 0.297085640830651 0.0183951424381868 0.0814794366850229 0.195970297216314 0.223808490777019 0.302043135657418 0.00148517814958772 0.299669555841184 0.243238254913853 0.361616115780781 0.0564604661405019
0.934866131049983 0.980808403618166 0.51744287329423 0.901120771313666 0.022748265988481 0.49904646829897 1.08733424413596 1.49450777784383 1.51385955770343 0.00395425869025735 1.25158223061694 1.03254140395177 1.23020199504809 0.0911409200906148
0.251479106979036 0.311885115361341 0.122573979734577 0.310236860452257 0.0206158828323372 0.091656714254756 0.233195782198533 0.36660478232649 0.347223006768073 0.00681472658560137 0.383644354535219 0.230670944043565 0.415623308327274 0.0511553974151204
0.32482054098814 0.603636936950649 0.193612725552783 0.570879297104156 0.0134725473383924 0.121350418801932 0.204482323114355 0.297229805153347 0.507372783202218 0.0290736345859146 0.565002831808224 0.34293667496702 0.694877146248857 0.0463001573127502
0.258629587169283 0.415810263160646 0.243919216042794 0.220357542696884 0.0131523115036224 0.348546548331794 0.32490638090023 2.25330000143415 1.06506484610723 0.0156608574730105 0.406343388026445 0.0673649231376024 0.270162245501516 0.0272372188828013
0.289273335012636 0.326840165788676 0.976441265503009 0.158342899470939 0.013023061195322 1.12790982737024 0.200656096741864 0.8306228136462 0.412010286211873 0.00492931214316896 0.324097714595387 0.0884022695065479 0.234373183962904 0.0356733742418688
0.296403442880423 0.546224646467277 0.327737566543401 0.439205080102068 0.01693177925586 0.973246549191337 0.377201026928412 1.44975816023121 0.83108091308653 0.00555344187253921 0.350961648784681 0.0853052700008225 0.305451881515324 0.0298462162638553
0.166695035706734 0.161775853444547 0.158356117006537 0.293661162466265 0.0558385177599967 0.065928831959638 0.29059657205002 0.139309085757664 0.203183962203469 0.00981514237720036 0.197284025236776 0.150807230392076 0.251929585845863 0.0908427683349495
0.278350817214635 0.504027912777245 0.188871795159092 0.484229675714837 0.0193182460467026 0.102029434989651 0.199203287762195 0.127022604742591 0.289528676744277 0.00836622764123068 0.504462565136459 0.267509655208607 0.424304271542235 0.128474754084485
0.245595463466202 0.295327139463086 0.197400762043919 0.26534201634661 0.0441255714667544 0.172262883462305 0.35000025250707 0.238289584631833 0.284525615603593 0.0094713641053797 0.316065447477318 0.269893809649914 0.385359939726853 0.209306125587775
0.202129307216594 0.283604919331484 0.173039897960936 0.238764426481849 0.0282523894521621 0.133425894918158 0.200104100178093 0.132723827693996 0.301851969600921 0.00634777080736151 0.320829540854712 0.297343863931051 0.408668302497241 0.0987393214784932
0.264541625624172 0.315640122133061 0.194285690991009 0.253756497577976 0.0273361388952557 0.109485723375159 0.245504106776917 0.1868620422291 0.34866237936697 0.00868079683084242 0.322033340633478 0.267920394474647 0.588968292176331 0.0933933554172817
0.195361722554315 0.248546618480368 0.168209000677854 0.180736784500192 0.0310647997445849 0.125736430304755 0.20204587095278 0.157755109649704 0.224515201127396 0.010003830044857 0.235951622803099 0.191089026209927 0.317598236159506 0.113775785658463
0.174602878717535 0.15139423315012 0.137919972619145 0.161154974431682 0.0263290914005221 0.0686063129599809 0.180263413739038 0.112590708073625 0.223158354630051 0.0119879493475094 0.223711858242711 0.18429574892167 0.291050309969789 0.122053604960791
0.346111505226826 0.293659678247364 0.269698346329735 0.295193388656731 0.0198264573472283 0.188622120845276 0.327991840545193 0.277158724001312 0.459907265046672 0.0115857827697671 0.50640991907671 0.4527857777394 0.546207677733753 0.141691843103169
0.198538597029286 0.238897089956679 0.180867131479555 0.220736552957461 0.0234796106550447 0.164016337007076 0.310979084819944 0.16796301074912 0.330017479473494 0.0140013002051256 0.2866155284784 0.245784402053494 0.405491060907448 0.125135727937523
0.283994525661933 0.382328350637678 0.251723165125486 0.364705434406009 0.027359102404177 0.187145529374879 0.356404765967825 0.241212961473124 0.392292041679442 0.0147906106257503 0.422247580435609 0.363587998797949 0.452155596871054 0.109727632114265
0.228118660382487 0.289730350863952 0.168359845802358 0.244432068572474 0.0467031599391997 0.167790195766763 0.267523794833034 0.147521092074631 0.24466308432254 0.0132164174639697 0.30328137751114 0.271634444935391 0.336895064321087 0.13063131120274
0.275988830470443 0.382035045778755 0.212831282996594 0.321808057327938 0.0303986016070093 0.194865721173713 0.341181323028163 0.244053265411576 0.366005416116302 0.0128693632507226 0.349891598176157 0.270316490889294 0.449747209426913 0.109843512080651
0.322818328937261 0.392696052106909 0.225345687356149 0.311258054643812 0.0297506116021596 0.168511119108063 0.310541836730022 0.19390914786609 0.326307648995136 0.0170495321184237 0.343370621226922 0.295077697844517 0.464254331642698 0.0918666272290991
0.188092778216989 0.162348321533968 0.176449454042074 0.156413458135727 0.0304820352938257 0.0957644140740858 0.145085789168083 0.111511160734547 0.173844037102257 0.00667617714956551 0.180919487925443 0.175400070502476 0.241691701432733 0.117385523700435
0.158551304749726 0.190017007179985 0.139871183919665 0.131590146058482 0.207698157406852 0.0952199014375337 0.177020494390877 0.291301350022899 0.227653941657062 0.00866007970230582 0.208594724640225 0.147076807524561 0.234030226538437 0.101419004932777
0.2454210084608 0.255762115441876 0.138582582414853 0.0444440891546847 0.0241240054181165 0.119834625931018 0.14252421362158 0.283982341977358 0.304936517141723 0.0759842626042555 0.339230037130789 0.295877255900117 0.349513338554559 0.0825030133061807
0.283718227479781 0.288332392703758 0.180898292000267 0.0495577080681218 0.0192340306811217 0.129716951321751 0.135525532322388 0.27620205863402 0.327084196175113 0.0345799701169635 0.296097617847789 0.308797070389427 0.363955620872998 0.0871989592736981
0.209352350935438 0.235006668483447 0.1659512099773 0.0665923093680136 0.0166397710189512 0.147078262987013 0.120757246825973 0.215433201484305 0.297775739050708 0.0761354163624101 0.212468888109337 0.267705941427533 0.316889712203342 0.0895248785881048
0.187715725690851 0.205287550526367 0.131320177766297 0.0336546690473562 0.0258304293761857 0.0797596424741693 0.14173011573088 0.260172634246129 0.368758581925954 0.0456859109056129 0.251724737134821 0.251589321949008 0.332104147860824 0.0764699411709603
0.340168312025496 0.341600449204315 0.168743986781274 1.02599678910918 0.0175357559436148 0.335463150517635 0.116949189870415 0.219002569285079 0.494839847094822 0.0568895702028398 0.290040250677391 0.278738647022239 0.354272900423942 0.0905726511705405
0.253725949566151 0.312687864713606 0.150086906115759 1.34253198148936 0.015058363089191 0.326258772263116 0.146342795028739 0.248626923798634 0.845812010522563 0.0837665110189393 0.334306153590182 0.284438002508477 0.542141145081912 0.0910404043988418
0.329108365755203 0.417047742434774 0.231703077644065 0.384968789411521 0.0135754150689509 0.276755334245589 0.19215715675288 0.30903272606266 0.421758983103288 0.0778708278861945 0.42342570394072 0.375346942225556 0.554092064822676 0.10140514131707
0.337147359051006 0.431274703780565 0.215144894595688 0.0979799470560248 0.0337010393665243 0.242840729048027 0.243435258252856 0.328487346608611 0.508713187335318 0.0432322157681283 0.397310572079874 0.344038375171049 0.844085350507433 0.0967435473980267
0.26446138587589 0.334744394222267 0.162126499163993 0.106100202649594 0.0116046813630351 0.134523150228757 0.19201819123653 0.24564990007848 0.300292204423465 0.0661731081315402 0.288939070356895 0.309127804105291 0.355188805290176 0.0792333947414304
0.204177568999279 0.246522616974142 0.119144652874679 0.0750945306011521 0.0171872113934661 0.109173615959046 0.157432100309178 0.241553235686538 0.30173853825877 0.0451434683138383 0.223725766525858 0.201568482085638 0.340248849272204 0.137657960768606
0.242454709140304 0.378835896871596 0.176508937453423 0.529563173045032 0.0153086775677267 0.280831378364444 0.222565606687576 0.369346589289987 0.589962516482074 0.0378847664563814 0.306178502525652 0.258073942560353 0.485114912519766 0.0937525259261719
0.33852303982415 0.462886530319987 0.226132301277506 2.34739867858146 0.0153919249406274 0.330630078591032 0.286223926155484 0.457843893556927 0.688172566264887 0.0698281104199905 0.452995531651917 0.395747505778611 0.58703604875142 0.0917855277055705
0.177176915715995 0.523467601590958 0.0632075561894944 0.0868670348531724 0.0224956032041091 0.182936918451563 0.106703114890001 0.172811541795561 0.517256477869326 0.0343956938188137 0.326512355199636 0.2247908188357 0.676772219425915 0.815565654837714
0.402221396921391 0.659252348779891 0.38132494030838 0.193508755169299 0.202988498452182 0.235041864331155 0.178365554543552 0.161014099975667 0.647721803751812 0.0199703234772858 0.427788094846191 0.243284820453238 0.641521088756482 0.28549685003281
0.311921040992695 1.03954127249412 0.129618469067432 0.148866141073229 0.0481162308103381 0.366908212245696 0.274144488490177 0.304914878770187 1.28173495489377 0.0128398987040472 0.672603169683971 0.454464340126188 1.03617113839625 0.159356376642999
0.156808363218595 0.436410030125879 0.0532646744709674 0.0797028511396693 0.0175110035292583 0.355070599786334 0.20718615862589 0.183164970627924 0.611050315005741 0.0123687913075201 0.376248775464003 0.252291435033826 0.618619310667386 0.424981878338014
0.153584284478711 0.506076665831915 0.0666642943161207 0.0757736049150107 0.0177434803818905 0.247129650899699 0.184357783242159 0.189509710426162 0.630084266533939 0.0121923018818229 0.404801604949015 0.295187455144704 0.561521924805785 0.104858882531593
0.376120037142904 0.975588755384936 0.44240947850144 0.245322630722788 0.421190311048621 0.474173510374327 0.268428948008935 0.358859028669652 1.16978763465107 0.00945911165305116 0.847476549376983 0.480475505910923 1.21171872486833 0.188869626567673
0.19745062246378 0.548978318517568 0.0840588598609358 0.0889940531524243 0.0183507075680155 0.302592720067347 0.211770659006225 0.232798013588716 0.874142246466571 0.00998451604502675 0.421370076233399 0.280166319246726 0.652613865888 0.0895805951469186
0.273156762417685 0.535721881716547 0.0806481142542889 0.0875479247418861 0.0188198890131287 0.244146898302342 0.197312058255847 0.207001065160351 0.568635522741753 0.0104513102302383 0.384304851795777 0.241640800157229 0.596366793454997 0.0552466468140416
0.1699124320895 0.446356863386582 0.0738159736943992 0.0825072136195118 0.0208988238553548 0.241970451727201 0.164198568359197 0.204226955984693 0.560716633850084 0.0202692552634672 0.348873917647935 0.235116179596862 0.670705233485243 0.0703669541898436
0.190260439274806 0.546522107580506 0.0632632791040129 0.0830867852341071 0.0239289894900996 0.225470951343953 0.138104153076912 0.169882298980071 0.546510972465548 0.0209021459513918 0.295643417621197 0.190003435770181 0.636113130652441 0.0697829187435057
0.135788057886987 0.472651015179153 0.0685848531995707 0.0656393257684717 0.0153432846863382 0.212331715203069 0.161237208818003 0.18155566681167 0.5781070636987 0.0150281371483028 0.375180257469039 0.214160905200685 0.592375815073571 0.0759832811563229
0.193001254508813 0.549808327836403 0.0751479873136165 0.0852657700492799 0.0208098604673377 0.255370527324676 0.121919788623254 0.213111732634179 0.636041710987386 0.0173566593842076 0.401357421091513 0.293057063529602 0.682611785909504 0.0823314701300636
0.176402041544182 0.539855107615416 0.0712914294788562 0.106359826565119 0.0141902155902964 0.248608491984895 0.179928869785106 0.158388418374485 0.813061824315165 0.0521228580657053 0.415383273577037 0.240150450675068 1.05913000043594 0.366202290914567
0.300834299991438 0.705647699504807 0.0990296384316265 0.0992516760989609 0.0242444610306374 0.295765783266673 0.195385072204087 0.158015782598386 0.569261876819063 0.0102986133722592 0.421019967701404 0.268895830741518 0.810530768103723 0.113726971308409
0.128890905265483 0.440212879561014 0.0567516628387356 0.0999065272344844 0.0234531928890551 0.331110586842028 0.312331142101216 0.247502224477177 1.06750937366128 0.0707035762502333 0.343886756482473 0.216788203787025 0.741135232841402 0.426025929338865
0.170434248450484 0.474048149871224 0.066450040703333 0.103051162220053 0.0174435337848147 0.287052044226767 0.214660569190327 0.210647360643584 0.973430841984854 0.0363453492675555 0.493597014772248 0.228259537165321 0.553430263763435 0.401100221196603
0.176064003637098 0.756414277711728 0.0942876322318569 0.124586732892144 0.0461814309258755 0.365926673162957 0.228760324673122 0.230850528805099 0.907761882994669 0.0561528578701971 0.460983223149912 0.308360775841561 0.952513655486125 0.404846068812574
0.173458821917734 0.61089464609644 0.0685525096036518 0.105189676931453 0.0127595581357457 0.307216558467451 0.236026308821891 0.260284065465677 0.934910235200378 0.0617788700966844 0.412663420486547 0.24386100362002 0.714865146056672 0.344067511645864
0.265868618767902 0.366364205315533 0.304598068534147 0.276585669139285 0.0139257311039418 0.120297758317818 0.307930767567162 0.27145539149571 0.303241005037568 0.0445567506215879 0.216653481024383 0.109001790738574 0.363204757613869 0.0741211067275393
0.0679636329107113 0.124866310794408 0.0930365399341626 0.0843751489478097 0.0120608225909226 0.112488136066254 0.0899321796299321 0.112133266077081 0.143002816473258 0.0166514898370166 0.082934457839325 0.0361059532900076 0.122850024663688 0.0342320121689399
0.147226922887032 0.164810228593567 0.178697093196392 0.155786830790922 0.012376226867986 0.179714472764948 0.157718863584374 0.240967543213967 0.246684105823219 0.0308300113653365 0.138206750845541 0.0552748043629631 0.275632465048586 0.0541649923731073
0.102273998790179 0.134761238517926 0.125611379179053 0.10556077989289 0.0133443325720797 0.134929553119323 0.117506679640311 0.153034140402661 0.217813139487862 0.0268313413415603 0.141723325955572 0.0517599164418649 0.215356012518721 0.0490339468859917
0.368309025115718 0.741659297028893 0.465627198906645 0.362558552473943 0.139150128943107 0.26966331802639 0.549958122440128 0.619868476014462 0.770165153097139 0.0199772541813224 0.391904869542971 0.0459742538027354 0.702883901430906 0.0451514134298027
0.10021902319862 0.152254605308368 0.110009829556107 0.0936915940738337 0.00925258963423092 0.106450043748995 0.119904574343963 0.159293196199682 0.187651066185013 0.0234937724171614 0.102943104466467 0.0504292233348508 0.196484906494046 0.0378989438290433
0.128472654145738 0.114165609056659 0.172915614524873 0.110756197661852 0.00839823379569602 0.269579559554205 0.100361979736024 0.126864491239318 0.181217015346872 0.0333168969025059 0.082718235449778 0.0368816508128708 0.11786782155115 0.0323392813590415
0.103018140745701 0.136554659893961 0.141850279229241 0.108553655908359 0.0152757068018685 0.101738100754057 0.110149747168341 0.116134667107184 0.150471435860569 0.0339831659410271 0.0973991004105142 0.0479652896230574 0.211437144035513 0.0447461245023913
0.164702483629129 0.240180278351408 0.183457825844928 0.180638862748898 0.0157655115569056 0.144566128453792 0.18310383144571 0.212665528278216 0.267754865486834 0.0310268058720019 0.189973639883266 0.0467562578732769 0.315903025516757 0.0494834923888144
0.125171280677767 0.140394472588591 0.147626096160109 0.116797726385632 0.0106496782162321 0.0869720565978936 0.113623482094047 0.118647085281104 0.166502232915345 0.0193842022653999 0.100862051017649 0.0450627700298987 0.14758497212735 0.0369581330294111
0.128212024506081 0.19957848426029 0.177654656417141 0.125708693111313 0.00944684633262219 0.182200802262343 0.207081407362718 0.17683612237599 0.250898336560055 0.0372620426433976 0.136247909176752 0.0575431399441643 0.240502333863111 0.0492435795449635
0.176380287258388 0.242082020778778 0.201890737926344 0.143002711648343 0.00969876097969615 0.116465935161442 0.177443570301214 0.21867639036642 0.28247584261278 0.0352921244488622 0.160243531617833 0.0623745134857122 0.298854517946084 0.0503967045846403
0.163617578499582 0.242948893630699 0.206770733178368 0.167491269274526 0.0137505409866495 0.185505167226318 0.21517458135894 0.342652573189729 0.303702103382455 0.0226049737608701 0.149891576111552 0.0722133216544433 0.216164863178004 0.0534190917337939
0.148357739321653 0.210720456637251 0.215760864120875 0.160028886873772 0.0124974204305404 0.167676964840592 0.181345702650071 0.220740775366529 0.255811006007963 0.0253308861294358 0.132545424053983 0.0579049035727529 0.275853774592189 0.0501280192134547
0.134051909353269 0.148466537798195 0.176579987641277 0.0882168601066841 0.0126655011888354 0.092080009554854 0.0924072478898172 0.108488233550727 0.129290877780223 0.0241016108419927 0.112825209248954 0.0565475721772734 0.171312838052819 0.0330015263559833
0.146250508555099 0.208555766633349 0.194557945185116 0.142679202327644 0.00923435629520015 0.175152707893357 0.159534839521806 0.191617588590997 0.209933454019521 0.0233401917772674 0.135408417199916 0.0646772316308311 0.231594010455185 0.0628302823657819
0.171638235641448 0.177065263714655 0.167466863343104 0.144337119872925 0.0100461343611961 0.138952791243379 0.092152650363621 0.126314309996961 0.144235798214506 0.0201487705624347 0.0949444292799525 0.0373606691537921 0.194987210667142 0.0292777098628312
0.119990205653904 0.170875979984303 0.168359465113128 0.11932856108035 0.0144377335146764 0.0971596804017158 0.140154075886096 0.194792212941939 0.199923816571942 0.0281203445984249 0.111265799510252 0.0496170652495175 0.212695684092737 0.0405942662612299
0.0938333575083004 0.156491264962569 0.130875763934436 0.0976149986896933 0.0105116099643223 0.0789292021545367 0.162951656884669 0.178683405279632 0.241098485937757 0.0302308871554831 0.108898839772855 0.0361289513909892 0.181378472250777 0.0461682282872476
0.142682618719751 0.217509141421261 0.184081061686353 0.17557610143843 0.0144375435440096 0.168834030563152 0.187132360711835 0.249730364871327 0.36041402115627 0.0233837747444683 0.164968424573655 0.0590442490407899 0.258355100938923 0.0479848222215005
0.20457949940613 0.198374539207979 0.196636669316882 0.166900168107533 0.010583144638646 0.0808974656326054 0.138601682524579 0.234759034034078 0.315194637539257 0.0256345963715945 0.1444180095065 0.058096477733332 0.273864349459715 0.0567761355498292
0.136718364455327 0.178631868748055 0.151007237234165 0.106574880950926 0.0106502522418894 0.172700039482097 0.110343082427099 0.132167558374633 0.162266375088666 0.0295224642587064 0.125858130620405 0.0516671649217986 0.19663967967441 0.039890001243435
0.251269256319089 0.414631128789009 0.300317038709233 0.290486701744439 0.00903197410952535 0.142007331247812 0.268324691363616 0.339255078715934 0.392607227111967 0.024166090013437 0.262844519821528 0.0878808598361364 0.368525517679149 0.0664531206726095
0.228302234395705 0.396589205069437 0.320045289498799 0.267148924198936 0.0345983775286265 0.240008279932568 0.357346003117758 0.358395986054226 0.498449770664649 0.0500203711993908 0.298514497594351 0.0839762269328462 0.459591766999503 0.0819662804600141
0.310738334430617 0.765907300008378 0.409857088410122 0.515093958530286 0.0975424739935817 0.195513691079826 0.589896845683137 0.547747084523424 0.760142683287818 0.0605960410835673 0.52253549317516 0.320231250427867 0.972608974988704 0.20809696554699
0.1107873704269 0.160794517487201 0.117942054683448 0.113449710906649 0.0172262978619868 0.248524058561702 0.125948283606986 0.158972238272674 0.203892557897649 0.0267932551537345 0.111250410443534 0.0610745328620242 0.275716734463893 0.040493891095237
0.137090080624765 0.142356641291914 0.128607294303354 0.103118418228345 0.0168458290007867 0.167461856354472 0.100256807335812 0.102328423822564 0.143487553285964 0.0226158214787036 0.0786655825935569 0.042490236355063 0.158749463634443 0.0336930178818763
0.212684429678649 0.136477648623799 0.110562222586908 0.067295516706692 0.0493502692493577 0.0483837729017731 0.0770197490443993 0.108197088270153 0.0433132220382523 0.0149330581592782 0.295031511385901 0.283320061026281 0.313835505580826 0.0258990971269744
0.218557951420433 0.168909234963797 0.114391474301074 0.0459604978158137 0.0173613042674571 0.0379181342187145 0.0840592707636609 0.0918993323704648 0.0411350326675783 0.0165908488545806 0.20110052953675 0.198801151771713 0.313413871844013 0.0418212214121869
0.206875148578461 0.165103486221761 0.143559363551419 0.0271914475702979 0.0210662390171515 0.0401464035890657 0.0775682686605438 0.104016040938747 0.045903216253816 0.047703777979335 0.261395613390794 0.246511465467013 0.334601456002394 0.0310834580447182
0.211851458925392 0.176863336163355 0.127316483246945 0.0359979047943179 0.0247922025636798 0.03946559607492 0.081717698750165 0.128670154058758 0.040606099131062 0.0431026276519721 0.263360439397182 0.25602674309759 0.350309193602416 0.0360274589658227
0.195479622653196 0.145108436333435 0.121071302275608 0.0283833195525936 0.0185804425916486 0.0401061165045164 0.0786759960916714 0.0895220590556818 0.0432386418197636 0.0680151929043441 0.251681941774826 0.285373920839519 0.427740436875092 0.0284061860989049
0.187034193530019 0.13673761206531 0.119091236281474 0.0300813717317922 0.0257116862725958 0.0388571535237965 0.0630949320163359 0.082043992545845 0.0340578991727985 0.0683101076055998 0.172817640021603 0.205948707032699 0.235363425739879 0.0317944227479746
0.222549985076059 0.148912955064387 0.12386675897623 0.0282197106069078 0.0243678424583085 0.0544602757054203 0.0834862506298382 0.0828067826240793 0.0484622628441277 0.0598514067887047 0.212798126324437 0.248371464588548 0.289740523309561 0.0359694321026621
0.05053515217072 0.550375698733603 0.204067281022091 0.63458999133764 0.0302047277623979 0.131251645153383 0.327211140459399 0.27224541014727 0.814949446244305 0.0103454276595424 0.249239132791188 0.273847763891674 0.851367739793635 0.111129923901353
0.0910129758363854 0.806506475465847 0.269228474507563 0.650090734445299 0.0360563264956155 0.183939054681358 0.417075239703457 0.37726530192988 0.545024786817922 0.00951275051301991 0.35090113577632 0.398848964751836 1.07714114319487 0.179849448708641
0.0636485773115086 0.693221563953584 0.253481516058412 0.628791159184696 0.033154855404329 0.172462833515391 0.354581215408423 0.300705353766203 0.649058985565247 0.0147415266511167 0.300084721223689 0.279202023129514 0.919477045748243 0.111147476100176
0.137601000666628 1.28831798226393 0.382038125651764 0.885425549311351 0.0346592245546792 0.305086560242575 0.656538547568992 0.551480655163697 1.10658476846058 0.00957173487999505 0.489289578416172 0.554514840811167 1.40452657807462 0.165539526994131
0.303399277966943 3.02158986142377 0.970814758032242 1.5097294824639 0.0309343803369753 0.749251011708844 1.48856158861425 1.552376473907 3.01180094531157 0.00828301193778963 1.18871938498522 1.40860382625458 2.99929051930748 0.369694493289774
0.358643101033766 4.02522321055807 1.18752893418551 2.26584061040879 0.0295527872097645 1.00319481783219 1.83991857715732 1.97994987029029 3.08413970785494 0.0118061815893384 1.39401944805922 1.82350826654865 4.23054678104161 0.364925047648071
0.404356014176522 4.1626789743019 1.40020161713726 2.4503216676172 0.0288167734895396 1.02756587145064 1.91222336290461 1.88338138399395 3.39626092254681 0.0125890039489495 1.54901809336926 1.83266363336037 4.30697762576712 0.615587078027768
0.21827074067867 1.67525957902703 0.590692852038514 1.02002804561494 0.0305173355853782 0.446598104508159 0.887125647995549 1.00135791267947 1.54924445731094 0.0130287565173458 0.635790252399962 0.819017038838606 1.83779598360252 0.211376507259
0.10723738770782 0.84628672105975 0.245700268026755 0.444668876343469 0.0275302966683183 0.265758488400278 0.548238603040396 0.489924490447701 0.860974091753293 0.0231326961573973 0.326248135007433 0.375093111512535 1.55598399367414 0.274775003238792
0.194730728343183 1.43138394336246 0.542198506888144 0.785644178727103 0.0236850072494354 0.366201133044054 0.814843906842303 0.726849928363986 1.20570240669992 0.0342551118866091 0.523093937171721 0.626260278065277 2.48756668929695 0.332443092920035
0.150817967894959 1.22694147187734 0.456333878788181 0.774515774988613 0.0207869444565673 0.358917829960467 0.705276667289691 0.691146869524283 1.17368608379499 0.0315626292863242 0.518428481472225 0.600928814307606 1.46387876123775 0.334260722804495
0.171060307717761 2.83613634939659 0.797465164002843 1.82257888406133 0.0434988173781375 0.758771725978596 1.1803713878586 1.2705563137676 2.40509081787157 0.0101182157930611 0.980272554981314 1.19323006804796 2.73539664199636 0.301883340749755
0.174753697049707 1.31041203312793 0.464923709126276 0.663070777303707 0.0181215156419462 0.424527972153097 0.805646916102997 0.826680943127515 1.59770526773604 0.0290680173511807 0.53084010382718 0.589811335579336 1.66183338091739 0.35641203972631
0.113680210841112 0.914873754069511 0.330972629274528 0.604705045784143 0.0215455098451896 0.314144475443528 0.627172554787743 0.621817845882882 1.16239287023324 0.0261561617261458 0.369241253148802 0.433938663398972 2.07773563234439 0.258933044064362
0.225803401885085 3.41101612917225 1.04621882471016 2.34667953834778 0.039524233313064 0.819372280410118 1.60943830345538 1.74813426359196 3.57180094085251 0.0139742136670143 1.11751108611136 1.45989458176656 4.20735154462098 0.289332136298949
0.199487197089244 2.0461251020623 0.658216770904808 1.34305755350468 0.0301579125097809 0.585755565914209 1.11594446646273 1.01284101835605 1.95448496349417 0.00975120474894079 0.783434304904978 0.945441987406828 2.07612218980246 0.186804330057514
0.372900816587532 0.411901792287529 0.247424447907541 0.240897589302153 0.0150693340568359 0.509122779264338 0.345871893125667 0.425019580143424 0.381870325674772 0.0209314213976105 0.351463416532364 0.389165500456124 0.498941558483542 0.12713787700012
0.312583438694957 0.31872295835204 0.180280480649057 0.155581350738039 0.0119103375857609 0.0881423508141419 0.315609709145013 0.478575014565198 0.299972051279552 0.0167824401698234 0.248015819452057 0.249993604970343 0.347440134432693 0.20056336746023
0.208513995880032 0.247785001116071 0.127236341868369 0.120266635027137 0.0155881599625932 0.136605976971169 0.245207004447171 0.327736959852935 0.306089106344025 0.0155969693366383 0.164486449519895 0.175310903076906 0.213914850334368 0.10327888220606
0.422310780935594 0.369097623154225 0.23474525781297 0.188377531377865 0.00898333262741225 0.134786039938202 0.250766863717056 0.450170461679786 0.335623310996449 0.0192841224654585 0.321130895835891 0.372961266189594 0.424347092859674 0.0861248346378226
0.521449955437465 0.424372524553054 0.299632965307003 0.208729393964135 0.0130961362482934 0.144279770556067 0.356001257522797 0.460769449331478 0.349457662213992 0.0210593983944333 0.334895296723394 0.501830870025632 0.52310863659586 0.0744710831343423
0.367751538993022 0.437446014580745 0.263307727436046 0.247037833062846 0.0122198852833788 0.147794935195461 0.299503736030197 0.567378366638861 0.452361848567833 0.016181327469717 0.354643859968049 0.361550397490473 0.476526263280032 0.0952430025720166
0.356980939856068 0.341324503916287 0.210097868977633 0.194836719541391 0.0130411067680506 0.0800158107414229 0.244534397761904 0.34349569419089 0.245296736140687 0.0137586221574593 0.321199071549911 0.382737492688884 0.451043392021645 0.152933283370391
0.375894726444803 0.457741943889767 0.206674502851423 0.212471815461997 0.011027185724787 0.145666889415152 0.277913681895531 0.524588090152916 0.332117150779612 0.0239503003075692 0.24153318532045 0.337546418549473 0.366028663785139 0.085146895717592
0.333161068480241 0.392250550485543 0.192157083882533 0.183338944015737 0.01383694883545 0.134240089542506 0.311604701260677 0.442878117656944 0.418587940273022 0.0194910935695287 0.321668127374177 0.327070216571126 0.486635230124651 0.0940301172407916
0.37758723343754 0.366387184446964 0.280217542508236 0.194192814771758 0.0112445644478758 0.161277160935701 0.360622117578251 0.544594799200181 0.373593039018483 0.0267812270889072 0.295694534569312 0.300088286056921 0.375580291525163 0.0956263011846436
0.415470045551765 0.456548756278378 0.294854868674449 0.262252452088328 0.0128495259841073 0.140232813274288 0.269695108100489 0.383082195515922 0.298717924210656 0.0207426362831648 0.395938113896921 0.448666218144244 0.521307592579356 0.0721590241973178
0.418526582132341 0.401985383999886 0.241195540064862 0.277418961428999 0.0138178145047963 0.239514364246753 0.393877368139909 0.836442593066329 0.591463767359646 0.0281590658699512 0.358010419771948 0.38253425757393 0.473357581362673 0.0830214115668814
0.232482091642698 0.346975532682411 0.149638725751489 0.155267884052 0.0140315776443507 0.11100969711253 0.246803517312443 0.481451981981878 0.381982837212775 0.023487182810896 0.340211466648733 0.236689673751701 0.373880521938662 0.0577315780979477
0.604239772637039 0.600126497885606 0.363277305788702 0.499895272825291 0.00957818601157204 0.207613190567112 0.558374952160728 0.858847044209703 0.670895556541509 0.0197975827950501 0.575179155776627 0.56851566052278 0.705245582040751 0.0753607123968311
0.389032342024482 0.365142634226122 0.235380144676573 0.209513659493766 0.0110660677651129 0.119455377234549 0.266697771898506 0.449668797720132 0.349352242304916 0.0157296234682481 0.295558554363511 0.401887085603515 0.442260871938647 0.0840137844457331
0.275503970230135 0.297240368268059 0.166952511855204 0.174138045576989 0.0180569362586704 0.125741774602485 0.307372480011952 0.586642375634052 0.401280176548143 0.0250417955600563 0.284423348701249 0.295343495805903 0.360140334091485 0.0969838850858431
0.403635141153242 0.354051418569752 0.194899582423471 0.187778355494903 0.0107250413509418 0.14182561203822 0.263388920980772 0.637827005992353 0.394499129932325 0.0181444470315802 0.328983861178296 0.377692650510354 0.416866537075434 0.0518364191408921
0.250240649910358 0.339976915800814 0.143242205205396 0.179846629739888 0.0174648273645061 0.088187565443221 0.358154305985078 0.413076746660533 0.234263511881654 0.013022904695189 0.215345500005998 0.206184028146179 0.301920996382877 0.106814746105858
0.238178288985462 0.288996084535769 0.151983973255883 0.121803500959066 0.0145058562755607 0.0694226911395278 0.301026659050407 0.408083863591993 0.263894547401241 0.012577862830462 0.189878258098509 0.222180869619609 0.324262243527046 0.152514421119859
0.321499082792525 0.413553662708757 0.191607535145144 0.207319332744014 0.0128638357472447 0.174971446461897 0.454380495946615 0.493533791851282 0.327132162388709 0.0154848918186198 0.267997671655352 0.290766458349876 0.411593286166483 0.0804639365666462
0.197589439945624 0.499065769347127 0.162514614006995 0.35105032623612 0.0142435918053366 0.31018213047445 0.343038948728949 0.133060015314563 0.558235335742506 0.00699069092920631 0.356960443796263 0.0479147152150415 0.368633645181847 0.0417716647274295
0.525308887904445 1.37333825512619 0.437493362764186 1.13280368233826 0.0103515864292814 0.92094343550908 0.903387719023533 0.290950806973094 1.92670262869774 0.00910054886083627 1.12653700617635 0.110630702839148 1.12650079370993 0.0688493841384684
0.323978760968831 0.711868462800162 0.235345512965192 0.55459518192408 0.00980173337608783 0.477389535864806 0.258319422077049 0.14978948126414 0.79483658213655 0.00610290293015016 0.497546136339272 0.0517902329122165 0.527038107572357 0.045564734038413
0.275055217642382 0.807937436655543 0.210332376335017 0.533470649689377 0.0138983633536928 0.395666576553155 0.318868358421522 0.176372095111209 0.647235992674514 0.0019420690564542 0.48365866176159 0.0568829272692921 0.544371641868946 0.0500291561174411
0.138681015175093 0.327919834892267 0.120488138188056 0.257702429386577 0.0103230945408647 0.215670222745104 0.183790669940538 0.125839945540461 0.587132484431939 0.00398622725395542 0.257002957380005 0.0280071342281956 0.304742346729629 0.0373368101455851
0.140339331869888 0.424593767093312 0.106753749432703 0.238382826048637 0.0136368729280322 0.189386221539672 0.189824644562938 0.118441917286698 0.483173639829561 0.00449936157619449 0.247647329097796 0.033420856319272 0.253817664709975 0.041533859302977
0.127491778145986 0.330873323250648 0.108922550351807 0.191189759709591 0.00972202279051058 0.144412455380971 0.161987460322611 0.111743804125706 0.30979820568962 0.00306391625405309 0.205731933227254 0.0383844272590493 0.227966932958787 0.0369168515330447
0.0964895356018487 0.244887547401579 0.0918710359686797 0.140005280219805 0.0139464073450676 0.0988029962410781 0.134630130104777 0.146594242186889 0.267432037372873 0.00564000727955757 0.157010141750509 0.032878893212065 0.226859828842134 0.0391919786495673
0.10187035975012 0.328278595713634 0.0957045543495345 0.203834404546699 0.0149852795744237 0.157549541934744 0.172155612198249 0.130743260393181 0.341985266494702 0.00465781206742131 0.213960808415103 0.0292107739862774 0.227829075228431 0.0373672851892912
0.141096402756813 0.293979368907004 0.112894670301744 0.17743699100885 0.00726305594131128 0.271056844895245 0.185894774039036 0.127528818479463 0.231007428304498 0.00309147918581619 0.217751032959021 0.0360909247959231 0.278295954012104 0.0327805451979412
0.191230887530139 0.362929228467013 0.17036684174986 0.24576932373978 0.0170881983561636 0.253000666093674 0.212405291345026 0.136525264197063 0.265211771184586 0.00302380025333583 0.254444825842784 0.0524678665181281 0.26202621425869 0.0311858266538386
0.162976495068211 0.0871452683158237 0.109963193899846 0.0860915404342259 0.0506405878808935 0.0734413865599348 0.292930696523012 0.384686691244955 0.262544960907964 0.0508404799608238 0.125331767977574 0.115806482660602 0.199824427985295 0.0551930893278676
0.143022697899367 0.334127575668894 0.103128171702216 0.10804088545795 0.0381221914029862 0.0439996012782369 0.597683763482054 0.272355960021752 0.206992991821249 0.080658965979164 0.0696068100438581 0.103823813202926 0.191675504997768 0.0988636154083481
0.136177359983864 0.239918152915061 0.0489062474206286 0.0593559428749418 0.0204784836087769 0.0275509609189856 0.220308741730632 0.22030902474217 0.184872517642648 0.0741890786515982 0.0542237504804735 0.0567225215720762 0.171574247737744 0.0554835617768612
0.183503515316518 0.257564947473555 0.104090683209765 0.0894635651118468 0.0320187361524034 0.033871977450949 0.248438794277794 0.226484564543961 0.226367102532469 0.0574031833925601 0.0732366809380703 0.0616785679261391 0.224695569595025 0.0789714078313238
0.169584330191411 0.209387884094325 0.0964872438590156 0.067873401714908 0.0234029370582929 0.072878972292621 2.01170132858516 0.21450470000237 0.201413169929813 0.0838451803113391 0.0735507377481789 0.0770705530429125 0.262680166948588 0.080502455203759
0.20635740404343 0.177962363760025 0.0758393357448995 0.0572242597497715 0.0189866316040762 0.0348407996980373 0.265614241935549 0.274775438113552 0.219527453286835 0.0794254811327394 0.0806690917284844 0.0723600152373235 0.284225293381141 0.0793727812209195
0.152716822620523 0.141389404658587 0.0694950105816891 0.042656785613148 0.0196344885366737 0.0241461738210834 4.40771923529904 0.228881211272555 0.163508068718182 0.0864123059713416 0.055360238645743 0.0425387608787929 0.171014384100636 0.0620206005134727
0.154832229768564 0.0816815563280277 0.0842843696493641 0.059053186611617 0.0284767848758778 0.0293708004675515 3.62335361069359 0.171465967907254 0.174882076425373 0.0738618728621397 0.0531486446482828 0.0636075693237871 0.189872126816858 0.0669692270216509
0.227614287198817 0.367124333563426 0.556731842381792 0.270049857283114 0.13586850324124 0.0708370502525374 0.254411624730875 0.189833446724361 0.209056190632102 0.0330754595244975 0.0703705632615146 0.0760242277444894 0.188084641087414 0.0668290957531932
0.336906941816757 0.726737197700716 2.61439560971687 1.40451620558877 0.595708677188165 0.259921688239998 2.07859586131226 0.219810566754653 0.574203179246145 0.074761812481359 0.0785045616526427 0.182765409908089 0.251813421828355 0.0809459313581455
0.176128535628085 0.0719221980826908 0.0802484307365761 0.0766017395567868 0.0324503469428364 0.040016129411038 0.293676271279422 0.272414376921652 0.241948130019752 0.058002737515272 0.0694888890899445 0.0767471284854773 0.2400307669653 0.0766088147551661
0.156465456753608 0.164390061499492 0.0757437612763921 0.0767920732670613 0.0416589365189968 0.0329117530290143 0.62908319163729 0.226680377984202 0.171888413258784 0.0890117222432895 0.0543213556373391 0.0795554994460422 0.190798657706915 0.0704075870987524
0.173435797070087 0.253237606262173 0.0927836288820006 0.0709085916492881 0.0278172371791235 0.0276401423586876 0.311853910311106 0.260005294912759 0.216976715840242 0.0617331461030435 0.0621009335839768 0.0733338727446614 0.240153474408565 0.0654698640838182
0.205573821550962 0.148552716238492 0.0842255665856712 0.0543610246997092 0.0172863451951194 0.0359690724665854 0.261700471100798 0.238572216724362 0.267945748849849 0.0621937850693349 0.0490714234378138 0.0665272041848762 0.236632922020094 0.0677400286718103
0.189650656968002 0.366554165316352 0.0859664636011088 0.105444601133311 0.025208018961498 0.0532275045849559 3.37549887671367 0.299659642163168 0.30854090453144 0.0589798394470799 1.03284865031114 0.0782449534094716 0.913001462493355 0.0720808203000039
0.173100392978011 0.111040419176902 0.0876480688333335 0.0778697558825439 0.0240530409150274 0.036342778279122 0.242961420404029 0.27701236438586 0.180182814036192 0.0601495545891624 0.324377803386062 0.0710605327641603 0.328702461023602 0.0874778421298384
0.159433073368814 0.176968181810568 0.0949903392913886 0.0957493308326331 0.024796364583677 0.0322476951068382 0.201307321503222 0.207078130179701 0.18504804675301 0.0859675803252301 0.0895485682782011 0.0670133689829458 0.318803296984393 0.0723088871713035
0.199917486268243 0.105079674928205 0.0794836882489449 0.0695293689573234 0.0206045411290687 0.0384673144631056 0.209035516841837 0.176993658690258 0.198723365659303 0.0842840947270978 0.0540629656274266 0.0651824461771234 0.19624337186946 0.0620128260375536
0.164755618605529 0.0975132748539337 0.0834303100614024 0.060510619077609 0.0191879009684741 0.0296507090126327 0.243630768037407 0.234726365322106 0.218443634744488 0.0349705980427857 0.0584331144019703 0.05423184179781 0.222038294456395 0.0599400449151651
0.229080494619602 0.112315637859115 0.0914312268345513 0.0862793213496966 0.0168215192474464 0.031974679480905 0.338114415668374 0.312455204519628 0.227780256878513 0.063677054941542 0.0602150145860157 0.0409849665788236 0.221019481017217 0.0652169485225548
0.213893915488797 0.0829334371334926 0.0887059491268 0.0676462784156767 0.0255505304851536 0.0294458559766775 0.244127265681281 0.196863554378551 0.198955248121023 0.0759960366068341 0.0433439678059429 0.0459992825037392 0.217035818287018 0.0511486788479542
0.209115825124326 0.361464361529178 0.456840856461888 0.18501031516205 0.078815032766168 0.0480378316673809 0.204186010030397 0.28242256909542 0.243545403985643 0.0251202765653609 0.0652298078136904 0.115382015065586 0.249635611050527 0.0691122668228586
0.2481260926407 0.341371275316874 0.0739921874809696 0.170669206912535 0.0266366621872956 0.0544283545425747 0.360637497213442 0.364050827410588 0.345726295416547 0.040011033839141 0.175461013572186 0.068046334977728 0.378635199963402 0.0771854111154381
0.800205736683516 1.50943802418977 7.97830684336997 3.01223462146462 2.9930835442815 1.07612069872982 1.86769586603282 0.49018518061156 2.42813020551475 0.0571399800577914 0.462341461982118 1.531447390598 0.273491177498682 0.524075956366522
0.216197248498434 0.201413628969303 0.100366295992463 0.0922482325718104 0.0296334134541546 0.0376015590748531 0.265597846606218 0.282289900357313 0.164939147071478 0.0561500403889302 0.0656360789634185 0.0654541358103904 0.17130513768878 0.0895135212567707
0.20289543343985 0.198041410338749 0.142497921258464 0.10518556597918 0.0350077986876091 0.0274483881318406 0.284916820198366 0.200887969726192 0.188575202695391 0.0690218408697551 0.061407124223963 0.0774337600698854 0.22202115141768 0.0934139087885837
0.474108389834628 0.467051749322967 0.406545712096806 0.462231285223366 0.0103608020814794 0.0389607274293195 0.304899546881318 0.49131847825644 0.662128192887782 0.0324783181402719 0.448557025962441 0.156854498727924 0.742380668557476 0.0803485515009811
0.437224842881874 0.534859023455809 0.421735833669728 0.46376819580878 0.00850361031969485 0.0362203429768195 0.283397186520393 0.543057869864637 0.783016469002201 0.025130067699466 0.371453401731279 0.138839498798144 0.698922309088816 0.0860550549718127
0.439937229933432 0.389159864310879 0.406500399982522 0.362430992335089 0.011545202530937 0.0286333499989631 0.369919446826378 0.504819069713522 0.855727339003095 0.0462805031241677 0.386499133657858 0.186357598292736 0.618940022270107 0.0810095433695799
0.382234763526412 0.443229660380662 0.328995214885736 0.377037554102901 0.00978941121858677 0.0334533279772441 0.228715603135266 0.722344041465984 0.699321734133865 0.022236892732739 0.403672974095151 0.16203471269132 0.634543085078714 0.0796133443450748
0.416061320753774 0.493487010515543 0.340931381067633 0.394910292059263 0.0104711267716482 0.0351474818105775 0.210727631205961 0.490857851926125 0.67222355216984 0.0294574379010971 0.347659030389646 0.134585515083418 0.492732431878106 0.0432274671057148
0.443387289080302 0.348707528362593 0.367978075377121 0.347432759803381 0.0171090917891779 0.0317927103446032 0.354992567618927 0.458364741327796 0.749138064925781 0.0263158679918333 0.32114629492453 0.154316184328816 0.53074406508615 0.0758443125660389
0.372310091579333 0.453663452867501 0.367755777182834 0.415638660467239 0.0195316689215993 0.0377725818289373 0.313720562666345 0.655666177348295 0.93138011895779 0.0402353742551531 0.383818137060809 0.126055393637501 0.624360042236168 0.108857403894278
0.286926552748632 0.344903559225949 0.278159949414657 0.267837648073642 0.0148876597749845 0.0291370685594857 0.221277732468838 0.581593192518508 0.702630148146171 0.031901102673129 0.326351674735929 0.117805122591578 0.444178460847343 0.090622961784395
0.409392034890931 0.399234867506968 0.358129438067849 0.348816482391913 0.0105642079562839 0.0381698723075277 0.215622240956648 0.505170503639847 0.623720868270876 0.0376872690120022 0.429866446434128 0.251399356503944 0.717865438009555 0.0967907142511176
0.40499520084338 0.43903594539009 0.37212746829106 0.411510201550617 0.0145843639793208 0.0359457383421876 0.304914709026335 0.578445875444551 0.842880441311671 0.0265082827559327 0.414282530824081 0.14170663187829 0.619127475856896 0.0779794497094182
0.350500882528143 0.372786799548701 0.359946257382965 0.323148522131348 0.0119886433148848 0.0317368281895803 0.282751062501231 0.554520591273382 0.836032417237591 0.0373261675211904 0.415126658633042 0.148040949384626 0.715094590275325 0.0641605467526114
0.423583377016404 0.450950218783719 0.358583957990872 0.388516661043415 0.00993375241445002 0.066826448666548 0.380099647299871 0.697687523119357 0.912916335578985 0.0374993634749219 0.541196108778799 0.208864714825259 0.683886739876989 0.0890656644630005
0.394302248727231 0.414786336667656 0.323910446761009 0.402362619737313 0.0148674100329067 0.0303176404058907 0.336633319330299 0.504734910582589 0.73501699529959 0.0222172790772711 0.290487150189282 0.111170494320405 0.577741196811791 0.0656075706745563
0.354962926172985 0.382590274993324 0.363668263830416 0.342027725673988 0.0149409984336784 0.0424728319633618 0.289177046149465 0.433094227014071 0.612068992435583 0.0279221964983611 0.352586934994539 0.1358586761214 0.572494463957251 0.0658678910746515
0.571728133937022 0.61210486366254 0.522105702581072 0.527559931622735 0.010503521292249 0.0471722877661692 0.45703954917279 0.644761473996147 1.01787352064476 0.02586329690936 0.539513099015144 0.284311406883227 0.879571155885521 0.199661194218247
0.201418507853493 0.0600494412491545 0.231451745616872 0.0721307806286355 0.0282205936646489 0.070859503722235 0.307168686513415 0.0423236242205954 0.117258431691133 0.0238697054450305 0.0290251951509635 0.124777402143584 0.323826065524094 0.0663634471832281
0.252544241913031 0.0646332549848186 0.308434314175904 0.0968582056537694 0.0214210920496628 0.100025013594743 0.426804125831947 0.0509294378207976 0.141101222375447 0.0283484502790332 0.0433065429518685 0.131078512884045 0.411097370746874 0.0734316692096556
0.334534132325532 0.0434516380789175 0.483279402068898 0.110271913058743 0.0170568374876296 0.0806325097568664 0.429213325469326 0.0624536270143179 0.137815417737248 0.023214520651604 0.0659018177057383 0.145107441743796 0.506283373771294 0.100875730383927
0.460204152882781 0.0742251532653291 0.616235185171176 0.148741573327725 0.0244274371126779 0.124332378934508 0.555667341197154 0.0624651577371898 0.220893752122512 0.0211213422385141 0.0671889359502958 0.235132594186719 0.517168015170998 0.100223837571977
0.27323733939035 0.0639187318930657 0.468970377055322 0.127391188291024 0.0152307115158376 0.0861071078378462 0.420439890817473 0.050412398077011 0.156366088817838 0.0220419762344405 0.0415440347075278 0.136969546781193 0.391123762924055 0.0864352237015007
0.337960977113229 0.0629515994727686 0.489661941305019 0.149885917640938 0.0208677864449942 0.129575019044449 0.724399373714462 0.064925768333318 0.172483217888961 0.0247562941442968 0.0530940672078011 0.195283357682275 0.53636199376687 0.0953046029427397
0.483446236360897 0.104137121566577 0.585681786029336 0.202042198600604 0.01382919117353 0.120818825892884 0.693231277234278 0.0850178699269136 0.162124087973385 0.0161265726721831 0.054063947640406 0.203197388237539 0.523675335592002 0.0856205746449391
0.421589253645464 0.0707577318478341 0.732923922181415 0.171646945759258 0.0155355265456454 0.151146985778551 0.674693001997376 0.102729658140113 0.196786530796418 0.00923971260957658 0.0577551695445315 0.227110430432437 0.631659790550434 0.0886605409747076
0.280011160177231 0.0911925939522524 0.312197416667459 0.138981199328224 0.0187644516667589 0.111011061380222 0.47094146586351 0.0612597345489892 0.129607831332653 0.0115513611547624 0.0542532947834473 0.158060802033721 0.309222992624906 0.0865843358632909
0.294921687695684 0.0902028337360687 0.373574634725227 0.205444642905768 0.0237089902955197 0.0855081383294872 0.366767012591566 0.0812332770227415 0.148077483852641 0.0125603493614441 0.059133050509273 0.194764677348308 0.512838486525498 0.0561708012330749
0.326429135891243 0.0781337867505582 0.42221303565521 0.169117838034139 0.0270273642460714 0.108003871702366 0.502672855915224 0.0829793851803823 0.178740941283852 0.0149824602141535 0.0606218181006967 0.212824990242956 0.571500126421903 0.0755393771931433
0.242630544837608 0.0607264767350485 0.420712953072189 0.099853559198595 0.0318313332970209 0.0768885684472675 0.403864988686651 0.0537435855168461 0.157996965952214 0.0266568879702269 0.0402796541986575 0.160546601436452 0.385461076606993 0.0822578229638875
0.873883860902359 0.867485539261521 0.663444290854156 0.19551120335106 0.0165683721960981 0.199808600361973 0.254456914478742 0.532559603110046 0.260926700611262 0.0267064836227392 0.893075378845367 0.589981306141533 1.03411411743218 0.137357884369093
0.539060426871057 0.522627557073941 0.381282735483254 0.154209529212807 0.0172078680138704 0.125990543827248 0.16260902526443 0.427695066238896 0.189773616311641 0.0196879198093935 0.62432586960887 0.341443138011343 0.635704419688018 0.0745621293058087
0.457555332383423 0.427031223685073 0.417828141819751 0.163629653158391 0.0137224916122281 0.107550008798477 0.122239188841842 0.373487489393506 0.127341493362927 0.02572950027754 0.452476093225325 0.212324213731737 0.503665070435818 0.0560567146820864
0.45533405450882 0.343841897142336 0.325297307908313 0.123538068232603 0.022726020656693 0.109998800060114 0.130585167000084 0.311224092384238 0.140165623525244 0.0229568735332461 0.492754405870747 0.254429179734204 0.39313828674575 0.0903005776614572
0.562961349919385 0.546087459374901 0.413082254095498 0.164356773944962 0.0155035428307954 0.115998538451453 0.124406916610538 0.292948817718978 0.164177038472419 0.0240335299489967 0.620295726772016 0.343013157704213 0.658038201053669 0.0981631839041626
0.339022762653961 0.348716567243678 0.266965956886925 0.103698520025048 0.0168773261493174 0.108283675997171 0.135354948883497 0.317650932681698 0.154503894372009 0.0314875794090141 0.440954839837134 0.246612781355009 0.409992277743476 0.0594908935828996
0.535382556896574 0.489811682223246 0.409058618730559 1.55189456174429 0.0147642613568895 0.135844324333338 0.182144499082828 0.386087780647873 0.218127465872075 0.0214849568345312 0.52960208720288 0.34185521412692 0.612447673560974 0.0605445261134711
0.590900524353439 0.5757857959511 0.498755085998544 0.194103464416529 0.0143320140435814 0.116956959643473 0.164540196922918 0.529775881349367 0.289565837350727 0.0254572476654275 0.773404800970958 0.450479493844603 0.730690802434164 0.0539805564448375
0.49735484541985 0.519937399535974 0.356090171468086 0.133764526671635 0.0114339506592422 0.119238010658615 0.140662871774631 0.313657873511347 0.18003323778968 0.0363737430212857 0.480973923044413 0.334947951573631 0.53773044935192 0.083233059795457
0.558644254615305 0.415116000315426 0.37775128414923 0.123411980994116 0.0192848788129955 0.0965695066709152 0.147036719438557 0.388937113199484 0.210923503847773 0.0360072601326043 0.69381915207812 0.300100527005098 0.637633161729745 0.0650301732510524
0.431700318222591 0.34349062189021 0.279759101679911 0.11591507665334 0.0141007025948503 0.0623120615068118 0.10167741307471 0.278433219021188 0.138344556288987 0.0296603622901708 0.604090950300312 0.279489263685862 0.42674656230684 0.0640578855211558
0.710998859537466 0.685214691865897 0.558952869587579 0.215353147553448 0.0241999980712763 0.259635614061822 0.274717871112766 0.612004642187705 0.304238477742144 0.0284353606947256 0.717455470943395 0.475242700356489 0.837030701747902 0.112853535844923
0.645543603774474 0.652007087532365 0.52972059036546 0.190867902051365 0.0200780069627754 0.162545630425779 0.180537697042427 0.468501651385853 0.255275357112562 0.0248584313861202 0.679313987463702 0.430022410840455 0.703552268913249 0.0947756373849628
0.582883270611237 0.463530191423216 0.442695995673081 0.145854318699322 0.0198624199762846 0.172049845997634 0.17325345480676 0.429734410719056 0.244005285683018 0.023164893752636 0.72016307405635 0.333681304734658 0.619753305273173 0.0730692679567456
0.57427237445046 0.4338420330422 0.399986276255672 0.121978539689283 0.0211479633334989 0.122973152411479 0.134673691422484 0.429675329213101 0.206964324973397 0.0326938398248326 0.650751089881352 0.395346013336262 0.702308442562627 0.084873611079507
0.714374943233903 0.559372864354459 0.48712571143026 0.189088567478494 0.0200568046165601 0.177398177817126 0.170082825743533 0.428346403865865 0.228929568950038 0.0389790508439751 0.823937773941025 0.455920749274575 0.687148342228793 0.0938282299646291
0.733536410219039 0.67651324794477 0.597844674044304 0.204587800313516 0.0179038064357728 0.134226660013685 0.193690176824796 0.439672928998769 0.197945478604032 0.0199896169963257 0.676835449522422 0.434127073339018 0.807099242001692 0.0936208469729438
0.763502165696498 0.718023655959928 0.693326410594862 0.199122295879656 0.011588780788156 0.179898266528631 0.28450465511886 0.785054595758324 0.246486008753344 0.0280276199196473 0.851433355667984 0.478596154274197 0.883389978746598 0.0802367399968187
0.692269794931317 0.63735401096281 0.515211295826055 0.177460813215013 0.0121306633147915 0.135253354950654 0.206338035903217 0.484001312440735 0.224775815783168 0.0276472163596655 0.581045779711043 0.372953069128842 0.63083543937823 0.0789645256253983
0.362328014592412 0.310300448674189 0.210020427829312 0.254048518635973 0.0167941572861351 0.0959195734050055 0.151824020842675 0.149863124355353 0.262043569600756 0.00466389911195244 1.30055615784511 0.0350418330574181 0.369271117586791 0.0673201129856401
0.522554184853672 0.391624628329957 0.304849026245669 0.360118444246377 0.0156584164171021 0.247924179016706 0.183804120995813 0.188414756471582 0.311626426969655 0.0093698058250269 1.12406233758783 0.0278989462480446 0.388170869715299 0.0965108284858658
0.667924094591968 0.529284573186383 0.442059854235642 0.454876399244357 0.0182865444066148 0.0856792224657823 0.170130422591905 0.197097063986799 0.5467284559034 0.0152943530000789 1.86759556323315 0.0580380863150095 0.714215774201995 0.116279829923805
0.361574822768623 0.447458106087898 0.205058960310886 0.280712490382209 0.0114098396512717 0.0966698799990634 0.150949465930237 0.162510818477865 0.36102856257703 0.0161352190980457 1.54774053705064 36.5729990400904 0.339449258818457 0.0777073742603219
0.41873104165915 0.375251585292066 0.267816890390616 0.30054261929358 0.0167168194579727 0.115059001568492 0.150102449420132 0.199458948347245 0.2981945875632 0.00271133699320157 1.63013051514562 0.0479773813243255 0.405341725592287 0.0811570232422959
0.446883242167064 0.334437373504082 0.228287675298018 0.274411665520887 0.0242860496269955 0.0541983988003888 0.2530843246895 0.111813563856756 0.27123560496004 0.0437922439955243 0.906932818495051 160.916187940549 0.541134196770467 0.114806642617251
0.432341092398453 0.399705047355836 0.333343640696749 0.347069252183936 0.0200966231533209 0.0847180312043667 0.204532737682531 0.212600401918032 0.442175494393318 0.0432654115803239 1.29903389429131 502.809301857947 0.462123512130937 0.119627446718893
0.530492808335912 0.397909548911328 0.313971432566453 0.351939966507614 0.0187658231296701 0.0765293813098664 0.156024337199479 0.164788544048061 0.263812831666134 0.0468250301391617 0.965804915115932 149.470078890245 0.540100023392703 0.135335625441435
0.685000583432827 0.419170864437473 0.318641029601231 0.30922464999982 0.0127083633504306 0.075279123880622 0.131444784403777 0.158623365812585 0.411766182103215 0.0496608043961358 1.23847563665714 521.487501873079 0.464005914585895 0.0897549486270742
0.541450277960972 0.321450665839463 0.291158852065407 0.261582533921707 0.0109434611098557 0.0870289747188812 0.132496356924702 0.183188305842468 0.464751499904168 0.0514413862531349 1.28995493492166 585.893455209472 0.403488583058879 0.0841330236435123
0.314735788579989 0.361799368815228 0.185158756734446 0.269063803117263 0.0189079837568481 0.0938423397933152 0.172801341192806 0.148383817742037 0.23651411928733 0.0481021093050235 1.25717187953211 23.6934973409824 0.421189986985141 0.0975313448674459
0.366639512405942 0.270113694397664 0.16933324889101 0.232353550473496 0.0201795459241456 0.119698406120838 0.187372022886455 0.248046314792782 0.376599112707283 0.0424355138130104 1.8728964342508 77.7973955741429 0.427912385994151 0.268766137800888
0.449890485830261 0.267708513172428 0.245736847488111 0.206623190024525 0.012524263126953 0.0662503576961272 0.149525689458507 0.134786834303672 0.258226222553474 0.0688161516672335 1.16159624232966 11.005893045625 0.483591396718589 0.0745813901145133
0.415192647203311 0.310490739991706 0.21445569791598 0.303477182129623 0.0102438122680126 0.0918621538460237 0.185321062588324 0.153548343169021 0.343260460879813 0.0549497909923543 1.16113560867583 95.2847561819604 0.429612295233386 0.0800756146106086
0.436414075946573 0.303527726029418 0.285400883487381 0.222596002424704 0.0165307705853938 0.083043339594144 0.12679897279049 0.148818685742764 0.346836072882099 0.00219446405249231 2.26190181497318 0.0273521129678161 0.387056989849726 0.0777099214755578
0.744544009685044 0.532127972830767 0.417579765657791 0.470694405593329 0.0144886982313714 0.137563932984728 0.198445364839348 0.193568484605475 0.349720183139829 0.0036526722014122 1.79419507758297 0.0432823211409111 0.597870257852894 0.151273119369559
