-0.30143259339938
-0.246656891081279
-0.157371397978208
-0.254145679804544
-0.395938750744728
-0.268681531421738
-0.23115264897198
-0.133242796138684
0.0975068762137744
0.00841395435843486
-0.356949186758981
-0.139625080142026
-0.489354304196573
-0.227995960832097
-0.252183083653883
-0.110036159421961
0.0915941494372265
-0.0127209899479601
-0.269341556285804
-0.265374409456037
-0.0115240182549775
-0.088172736128011
-0.0462825165710997
0.115511599244584
-0.209413824770499
0.109908772522417
-0.226423783326326
-0.424140284903681
0.299498071643486
-0.0875211201257021
0.146509844749728
0.311393776104238
0.10294295886946
0.21399916301736
-0.187633317195356
0.0584677400628837
0.027192415695838
-0.723289864022143
0.11831857887568
-0.0237819308403455
-0.0338912438408096
-0.0559709968096615
-0.00248702227879102
0.023721707291758
-0.190756848534695
-0.190225348053593
-0.220539717068865
-0.203419152534284
0.0357229196597633
-0.137520030974573
0.258507908469989
0.0514222076734569
-0.106891036039261
-0.0115827680163455
-0.22049522653226
-0.557379489315822
-0.251134719911284
-0.0776336277327058
-0.0800164458219813
-0.032085115470947
0.0116004088327582
0.147858116911407
0.200464215775315
0.170961862579835
0.104383036095758
0.066222966329593
0.352540977264096
0.287813788488199
0.0356621304350178
0.223774468379702
0.107481219564163
0.178816618378832
0.297208016401712
0.0903041187823966
0.227556286011889
0.278592165324844
0.155359499142428
0.136798437750771
0.146158897111198
0.180980650575113
0.0922815991727203
0.170488667283805
0.0743484333237907
0.196266846483674
0.411044273549429
0.130962788148457
0.182200058827922
-0.61127371777911
-0.688933834283945
-0.355058349181621
-0.450481082733914
-0.345043273802793
-0.484988348169485
-0.584506131920337
-0.795694308435807
-0.822662755818534
-0.346937627443114
-0.469967577746357
-0.515438890960466
-0.397406919324362
-0.541182841223571
-0.876591981323136
-0.69201299109755
-0.724549566855649
-0.716182822954564
-0.62287776943287
-0.631770119935263
-0.567209098044365
-0.300503477588417
-0.42624793073683
-0.778330697363039
-0.522344416888867
-0.657233730294691
-0.5996430037253
-0.608069203171727
-0.667921921816352
-0.612584315443592
-0.383263645774951
-0.69817983952815
-0.513409166901432
0.0201354638655026
0.144292568338681
-0.265595355262957
-0.629088383857534
-0.176541450309987
-0.103635697539513
-0.129171316619659
0.055898397939668
-0.271625036217057
-0.120645545514718
-0.122254713518261
-0.297364572708792
-0.0843800178099842
0.374219771053414
0.414191713246985
0.184143483152864
0.470418141488745
0.452358663345043
0.011094739532023
0.338073609889919
0.466109631860306
-0.0817204761294377
0.411952504641468
-0.285971496164889
0.444542775317463
0.164688980879602
0.306954737903185
0.363457006407864
0.297324149480109
0.398876151266848
0.446137200251449
0.548024079094144
0.471978312245533
0.172068993361897
0.103011226735726
0.126413473563392
0.266231020657369
-0.0824956226167139
-0.0643869757753701
-0.0752990855680638
0.057127727747022
-0.0227580895899883
-0.14650564798773
0.0205174604358047
-0.0652803776685705
-0.0565364844418721
-0.253167147470125
-0.104390622687405
-0.0541539543010009
-0.0876308475999913
-0.0145764647744874
-0.213343407007779
-0.416640534925497
-0.0784694132516911
-0.13411249895548
-0.111889248911896
-0.15899355020367
-0.155963808465518
0.087021763244719
-0.124527595864529
-0.150897174313989
-0.235200252887412
-0.0388816748269937
-0.267757197293143
-0.126961821558478
-0.304519116294892
-0.389702678304057
-0.284959001881925
-0.414326841142589
0.11062849385787
-0.201043984218181
0.135103949164642
0.242075376747716
-0.280356322438351
-0.0523657517362697
-0.277548160613976
-0.222805773006691
-0.1790563444762
-0.570536212844601
-0.0616518792290712
-0.28160790781697
0.0887358833348284
0.0355213297077988
-0.0297899209733461
-0.471223546261056
-0.356808331544195
-0.239387779326322
-0.372435795568185
0.00830650102681583
0.0828642314378608
-0.0663983111709806
-0.208907322773097
-0.00109519875901443
-0.211598464167184
0.165257653092436
-0.264518363919717
0.429764250178362
0.190045240893242
0.0351965760797668
0.287862890555648
0.47088565547735
0.00754437985741566
-0.0697480755865655
0.508535520439774
0.284057424825591
0.295612739375739
0.0176015270178446
0.237634299890431
-0.0262176782201194
0.0274458134234138
0.178635711711372
0.129401999113266
0.182404354887898
0.410319130041119
0.0612382755685879
0.211632973767493
-0.0261467790658621
0.0421336621269183
-0.1060095949458
0.0737658524628913
0.171820235264282
-0.170239185511464
-0.421532614084562
-0.493992927241932
-0.517787061445522
-0.502575543094349
-0.641897398805511
-0.390209933753603
-0.571675309795166
-0.572145625238603
-0.70317743966732
-0.64045718393081
-0.354322584898413
-0.458512392747915
-0.744314120176057
-0.61840779160774
-0.536849550089002
-0.151376990247303
-0.411626569254251
-0.345407410682631
-0.413982632172583
-0.188060553026832
-0.523558933143082
-0.287284611704647
-0.675242167510707
-0.487105610250679
-0.632041503516428
0.105618094286315
0.186315930390465
-0.168855745217378
0.15714444315667
0.432710287018233
0.316293397575294
0.0254700129043257
0.398611278253913
-0.099519776803256
-0.0825963304482118
0.841407009430567
-0.21610501609202
-0.199771828773793
-0.262441626208643
-0.354847718025705
-0.493848287606346
-0.323823213971393
-0.313490699089083
-0.421160055755446
-0.575525313022004
-0.438176863534103
-0.348420006686873
-0.466619006344991
-0.33152770968413
-0.306685889563024
-0.249681858852459
-0.480532562897514
-0.450282175018181
0.238195499176237
-0.00266781909736778
0.107672430671514
0.216504537661414
-0.218397255344293
-0.112589828217533
0.136054815253146
-0.00567173935450277
-0.579141178911071
0.0604065383333272
-0.719629369821867
-0.256595152180341
-0.010588079154796
-0.0545092658940594
-0.0974607209741891
0.0360505521828949
0.158241793010686
-0.355218891107252
-0.628330767062315
-0.260409102761553
0.00866299619256236
-0.864385820637032
-0.447664194583704
0.062746279829211
-0.165358334874678
-0.180288520490328
-0.571292471789301
-0.0515250319750073
-0.0402965716550924
-0.135471583381542
0.0121052375629384
-0.306667745922076
-0.531201747773168
0.147472984104526
-0.0442254215949108
-0.277640130744409
-0.574070409987185
-0.723766957053206
-0.301518156700861
0.00280164711486681
-0.356215933861935
0.489046815849872
-0.517844986084422
-0.428350926653172
0.878209595946957
-0.193494663576935
-0.295699690440736
-0.141490422967174
-0.213976772526163
-0.051431666361603
-0.218584465321099
-0.00157178014355556
-0.075224699886507
-0.171230938761422
0.0731276224529985
-0.0959117852402425
-0.28012275588706
0.0181507825851415
-0.139023794757385
-0.253857818242789
0.375362013686508
0.295596174235936
-0.222499265639052
0.00806067349592022
-0.255239510536991
-0.248799747511214
-0.151561993537015
-0.0923661027107004
-0.114741348847905
0.0100747303561404
-0.442920187737663
-0.326421894494098
-0.40154603366791
-0.209797389974875
-0.339226977087963
-0.414049127146946
-0.0831915894166703
0.0242427460990544
-0.319733238293956
-0.346548084826969
-0.315132385156436
-0.288437942930951
-0.122486756708074
-0.416073697076065
-0.253839665079317
-0.334542519657267
-0.249007293135353
-0.497531438242367
-0.0397188996907739
0.0118803795283415
-0.10648295213972
-0.0741897035318051
-0.116716333606235
0.225764183858049
0.1082962201801
0.0416811427647784
0.0900868162154598
0.155168292231289
-0.126669030320142
-0.0492713881402411
0.14415469779955
-0.0785325370012074
0.200772666722526
-0.0843464099174148
0.0565785570025905
-0.308899742456595
0.0731289971929289
-0.0103946457596218
-0.324493914100666
-0.568634337276674
0.346382744792012
-0.204284300013036
-0.00565029059844484
-0.0250458465914762
-0.0268519800912307
-0.00652996623843595
0.0754653290301051
0.134697544190156
0.466165822296676
-0.221915282242111
0.00976804714440785
0.242229549491828
-0.24668047170009
-0.2242529022597
-0.290261204791654
-0.23391637659323
-0.648397107388332
-0.147171459567915
-0.0825823429634427
-0.521203051139726
-0.501224070678709
-0.777552234713286
-0.520792091170849
-0.278607185243572
-0.290953665969105
-0.429608355306291
-0.377746644384753
-0.737727848630387
-0.497400438335371
-0.622073377837222
-0.668105327844612
-0.623382747285346
-0.346713017852358
0.33583422984323
0.496835945457044
0.383237034614205
0.525623934473385
0.331471357496026
0.528634141410825
0.509419236891044
0.323822394323344
0.316474959482169
0.703863866145976
0.548941835228532
0.487395938769928
0.376733680549325
0.229056354939683
0.275384653521788
0.305008308596906
0.487961865840162
0.602844760222309
0.212668013050188
0.47012908463721
0.207492712822697
0.0532091065547768
-0.0275332118340349
0.202796476181723
0.0954837704375982
0.144558585860299
0.342416289335063
0.104561445433018
-0.0235209693416343
-0.0240817031267529
-0.133143957363182
0.165552464093951
0.0321752084119457
-0.107012048423807
-0.018536070335055
0.0283038492624431
0.00595945643746345
-0.0620062129895259
-0.434659987800073
0.11101584968794
0.0161011557371983
0.307923174682929
-0.172120169565333
-0.355455070482897
-0.270196520276868
0.00901378797546699
-0.887246652738575
-0.952397914918704
-0.966174099900773
-0.958799609162674
-0.356256409339142
-0.907025477898905
-0.425687051592332
-0.654458183022873
-0.683545885783846
-0.765731638115341
-0.705010244709828
-0.222576842856821
-0.151455029878055
