-0.147731265034244
-0.115708761688513
-0.202954949264132
-0.106184774783855
-0.124945045912866
-0.0392693189056146
0.085819901976296
0.184330933249852
-0.00776871044208257
-0.117113521587312
-0.342691500302113
-0.0588678764211664
0.102608833417555
0.369002235468515
-0.0664156022142892
-0.346725552475805
-0.177086194588501
-0.153308185605188
-0.781772351187118
-0.2066614642232
-0.194922663934967
-0.551439321059998
-0.41725240292262
0.160978564652259
-0.0522341127696499
-0.100303209078848
-0.202510542721018
-0.56381240684482
0.0620980290436542
-0.138597260302998
-0.60529285212513
-0.422860295686059
-0.256708568198315
0.195666319703771
0.160261945187965
-0.0646401875962841
-0.155074813910176
0.231998645237108
0.0960076914851998
-0.0957084232335958
0.0567522302044268
-0.212079140999436
0.15948850476889
-0.202361422995053
-0.118737638627723
-0.27239826679172
-0.111085068882073
0.160182239096772
0.208868632901316
0.113514307547932
0.19757143124137
0.00360111625154918
-0.379093360479698
-0.357808752575652
-0.475202754635984
-0.604852443272365
-0.634136094727869
-0.513544349972629
-0.340063054179706
-0.459637125792415
-0.521688388114862
-0.473410671491446
-0.613542194540971
-0.595820986374834
-0.483497520923331
-0.614365548922619
-0.543919780424816
-0.862384141567992
-0.583716077270906
-0.556155816883212
-0.539812055946134
-0.58782424602646
-0.541736409976007
-0.632753596986988
-0.720655243153274
-0.665784112896472
-0.504646398427489
-0.62320964604077
-0.67813667049595
-0.736506865521674
-0.711014824626604
0.0477282831235419
-0.310540790021213
-0.696178981679448
-0.666449938892793
-0.70530077185564
-0.785739581848924
-0.760935941218394
-0.609227325145973
-0.826342193467141
-0.774428860098764
-0.553932062461302
-0.675880562355189
-0.473188236396796
-0.647159151157652
-0.669880108752943
-0.492906190276356
-0.18714914194209
-0.521405799184972
-0.601177247782734
-0.192284916127504
-0.139872250752037
-0.0393769276784884
-0.150555332979262
-0.302695045453537
-0.430245549296744
-0.253982913578039
0.153800828172525
0.194286216815796
0.37025306269707
0.240166359971982
0.374369978376721
0.369803032413646
0.428953143112467
0.338454525866649
0.323145121311829
0.442921074150762
0.414488919167203
0.447448989829877
0.421692772704533
0.175455270034936
0.420390494345762
0.26121611931292
0.604680759725082
0.275626653604614
0.0987642625038927
-0.00876976221192461
0.374565189334146
0.393090093542064
0.540749731835921
0.46996536194374
0.146145443069742
0.212557816355227
0.0600649047340591
-0.107456712501125
0.807297410348056
-0.127538414235545
0.366337048811836
0.559816343272187
0.420651312899507
-0.127281705040318
-0.0902013450231252
-0.20431695299811
-0.158205396320903
-0.130583427504802
-0.163342877536811
-0.100400671644498
-0.110508804780193
-0.53593734079173
-0.479894445468967
-0.576494084307894
-0.39576756456076
-0.263973740425221
0.117649896056045
-0.0105776738201584
0.216799868257237
0.222474469864187
0.332984028886407
-0.200110038977137
-0.0311910380478437
-0.473516782742125
-0.568358575840175
-0.472080273264045
-0.463195508479638
-0.485016154640495
-0.237191700421469
-0.496042767097534
-0.569292667775519
-0.23824581604407
-0.414760161125402
-0.475324468982156
-0.194015540739527
-0.510741630509831
-0.321091236776601
0.121217366724274
-0.143803559106434
-0.0704657839099762
0.24875983362293
0.177351490852799
-0.018128379697003
0.118485153378802
0.415634298340359
0.214380860316975
0.0123824959775752
0.347108445558947
-0.731706271902705
-0.438763555720042
-0.301023041316715
-0.328926394349488
-0.486140485885101
-0.432034512366045
-0.378345041608541
-0.308087250288335
-0.337611555837722
-0.394794054542553
-0.350255170148905
-0.271094279699569
-0.414113082051115
-0.247960429085298
-0.443668728540597
-0.302854747130952
-0.300458437818968
-0.519621220002189
0.255423143488007
-0.274483194781211
0.284835968185859
-0.0030469304360578
0.053646819947085
0.0796795666020965
-0.0969991139746404
-0.0899991321673781
0.106298115001258
0.117566768125574
-0.235378333418313
0.0839625775489241
0.0387965472003134
0.0181947635102924
-0.201709514731169
0.0821749416591156
-0.265870136577498
-0.069341940596453
-0.416056416155753
0.147546758023915
-0.0962508968846081
0.249661248432151
-0.0349021588671864
-0.0441063220111272
-0.37700307087751
0.0108093674005896
-0.55762800581883
-0.0750042059128732
0.118514718471768
-0.599552804763638
-0.622811999260395
-0.604666936351268
0.0385900710471077
0.00387704257987243
-0.403252308117232
-0.3872801189041
0.0190625208998951
-0.119698625933686
-0.287796960601536
-0.266138020726878
-0.241607175531377
-0.188179109698468
-0.286916407288417
-0.22917322215725
0.0320566589021465
-0.377649856855391
0.0335806785930697
-0.140583480853031
-0.267426415007945
-0.130736519001839
0.243111217482874
-0.252287976118893
-0.439483070374466
-0.232228798466043
-0.308856920447673
-0.469426415622274
-0.334853274743398
-0.358762508150133
-0.142910668950968
-0.230845472660811
-0.131286946225387
-0.117696756312558
-0.480592725282652
-0.272330047836682
-0.271793338134739
0.0221498924081193
-0.0954805644221336
-0.254059594952576
-0.215782152945487
-0.687909039156024
-0.0259745162769748
0.330152779100612
0.15691773438807
0.201312374460412
0.155031531538546
0.157066908075576
0.0565009513729462
0.00176301044897956
-0.192745283053743
-0.108285017063949
-0.000793332013203266
-0.214720915689893
0.473119834145208
-0.0439697109969132
-0.29208191672531
0.789374432694244
0.1870264505567
0.455239056790471
0.737995337409249
0.459320476733045
0.637672751943464
-0.346589237696367
-0.131669414002458
-0.218504719764186
-0.455536919145905
-0.970278005216031
-0.903719162175782
-0.930750946843503
0.0665860050975816
-0.423449307118421
-0.324604276360569
-0.376316982550629
0.509214693982576
0.0265133245986989
0.674499561288731
0.0617589056160318
-0.151731981138465
-0.588749891456598
-0.345792028934991
-0.44552132310324
-0.923447722568476
-0.0750312614894464
-0.373873100463379
-0.661061461513104
-0.763426956954701
-0.593259065437499
-0.437321540685842
-0.456510014088014
-0.495610043779329
-0.694871062816366
-0.781969954488873
-0.753478391370122
0.336327154980657
0.108633058640625
0.419010697724583
0.296768880312853
0.454018379203184
0.481741145853257
0.523691203188776
0.396874952381234
0.66808089674943
0.287752133199194
0.23845116038061
0.617409679600279
-0.161881282624227
0.119753623887257
0.220017804924401
-0.189034795458181
-0.055308928508365
0.0348043145817237
0.893108205750129
-0.0154456361379894
-0.145894199319922
-0.0221568553979281
-0.281911643786503
0.166494998397766
-0.0472828967245114
0.0123796560740091
0.139989860282292
-0.219836287186675
0.206213761434169
0.331734194384513
-0.0731282889313545
0.00639977230685374
0.0493796370815925
-0.258894611110417
-0.937459576927667
-0.166718041570825
-0.932851229891694
-0.983601553303053
-0.871809913605789
-0.988277416715423
-0.987645092165093
-0.954941935143391
-0.963251211995579
-0.693930373148145
-0.911884644387914
-0.257965140321126
-0.314531801020903
