1.10172197603411 2.63329384708895 1.03862031379964 0.583057060187625 0.0164490604262116 16.476298030819 2.35615709719865 2.6242859837048 5.03848933412898 0.102773253876724 2.46211222954161 0.620552175616147 4.93568004032866 0.757115931193856
1.32843148442828 2.45762422293368 1.48278212596542 0.34576383511961 0.0130676522422351 0.84312845874244 2.14912226524487 1.51877313152508 4.16485288069886 0.175041159243079 2.40843908526905 1.44639523671392 3.32066679249893 0.384365868461284
1.01716874309664 2.32671179221201 0.796174083954303 0.539275982515117 0.0100480661999018 1.19384692554144 2.7381492407041 1.78889275751845 2.13998380247556 0.179402904603005 2.11978814588722 0.896210241558378 3.82396534130746 0.904023962778115
0.918345322676358 2.98525811221418 0.680014676907479 0.403403608193258 0.0227631192965323 0.832350808966931 1.16667212118338 1.02668948244284 1.54315017246419 0.172342578722245 1.74284004145205 0.76565090689212 2.50914423435721 0.885385148987256
1.46327021957598 4.24092723956428 1.46780839188896 0.706836559266358 0.0140698905113427 1.73690446453663 2.16640311284923 2.01046596888221 4.18588977214065 0.175231612480065 3.61657852673419 1.0019362584305 5.40162385224382 0.952532769153076
1.16301500588695 1.86151364881528 6.18471411522157 0.27112346618022 0.0266246433340044 0.894984769080961 1.41641582817163 0.777298173528319 3.68466524763119 0.220244504530501 2.06043750715304 0.671947564459475 2.30465228260218 0.491299441695192
1.57870699516005 2.18026592581964 1.42787568859513 0.354486078489532 0.0235778274251328 1.62412636954852 1.56608787371454 1.31263261256774 3.52599724260714 0.118056748220008 1.9785959996522 0.812278716636211 2.01290229307219 0.532338940985582
4.84343062489189 9.9268831602048 5.2539113036474 0.970603248059519 0.129403797569061 6.07522537552854 7.85840622176346 5.3153773256857 10.3270278325046 0.168998495338866 8.44344922584121 2.90125293575825 8.51454257311422 0.854278011326759
2.46450634760013 4.12573474158716 3.18388911322248 0.519470296528896 0.13240985527919 1.88081856097425 1.81365722847062 2.70501924938567 3.54308117841864 0.0887387728329885 4.29412555745305 2.03025258469412 4.53383871948522 0.435696402505305
1.88766367273266 1.71896892044303 1.59435198104268 0.0523191610062915 0.0206724479193212 2.21003516053602 1.13629099729476 1.48633721612495 3.85641049190836 0.174344450478096 2.56068325904426 0.961150083318115 3.12670940313547 0.816324363650663
2.97697633737758 2.42072497624458 1.86482477630496 0.0772460256577464 0.0156956987355653 0.765153664984578 1.52758405059039 2.8008516886268 4.65940868809798 0.145249666034197 3.38389913581284 1.12508122085176 5.36367465485821 0.458420564590302
1.72788460754092 4.0203557569207 1.66264476048894 0.0432503017271202 0.0295660933531909 5.41637285346807 2.0975237825808 1.838349394983 4.94781526548875 0.120017305721107 3.96811272043394 1.2451179756004 4.41943681646814 0.71560891266776
0.91913231703416 1.53559445977539 0.667882357097324 16.4912597663173 0.014770119409011 0.942874664297637 0.978436837644168 0.838615518788218 1.18156629999728 0.127885740452439 1.14451898789793 0.70494699180812 1.09440566978428 0.688298427659837
0.657964004892125 1.52474301024853 1.10104471174765 17.6980381644468 0.0141033664194776 1.46739526660169 2.96952754436227 1.24365948157728 1.92749161537536 0.107155165165541 1.20290901916503 0.56710733928577 2.05916147020008 1.49494216884858
0.627003207239721 1.36649157080759 0.491911237239134 0.201667697956998 0.00835538860495193 1.18000584896632 1.50195056125145 1.22596192611549 1.99449839309791 0.157524775750204 1.21997295449916 0.614234790509327 1.58234815613212 0.46895736110973
0.386580806522246 0.375117309833646 5.94138447561141 0.34133490177312 0.0231830229891411 0.300715074633638 0.429734292623416 0.445996816744095 0.432107158050013 0.00865890542335458 1.57541773736 0.262410312526318 0.670598965209066 1.01751642217442
0.612237431643824 0.701141356448294 3.43096560055215 0.506453584029336 0.0121727453502021 0.254610021340281 0.379020863980981 0.473332106891516 0.215088954071039 0.0118107078187284 2.76470755456959 0.394596026138094 3.19064138918996 1.26607644818393
1.50183855824282 1.81671524579707 8.47654536168794 0.92269586294565 0.0174983563060206 0.282069804473292 0.347243005061628 0.638678959454175 0.504573817544767 0.0237344176714445 0.816245682331873 0.482016838720141 2.36436421674338 0.554426825133008
0.688341369701416 0.472554792146076 2.7995940715976 0.517193137545794 0.0114449339106159 0.218870682857759 0.359683925071655 0.442401154840698 0.338680475968527 0.0253623029746009 360.426118329449 0.486525291399847 1.24293599993957 0.696351052072028
0.798806356959521 3.37258986419684 1.91250846824536 5.81940200220977 0.0102766274070582 0.431836098085467 0.761242439189992 0.823508797842552 0.389689799219372 0.0290203118229254 0.8747200611458 0.492956004127586 1.04115527115136 1.9664882496206
0.598302227360477 1.08860783365664 4.21416234041973 0.850649429395714 0.00924161756582249 0.311406145930716 0.583869864202873 0.565409633814319 0.226525447314442 0.0492487794368009 1.17769564866485 0.487441443606728 2.40591280078007 1.62130661265468
0.620148781603107 0.48868088185633 1.17162131898237 0.651351716414498 0.00998947062523769 0.271198463152087 0.484058202568885 0.569271355878142 1.06148597069393 0.062387700008428 2.44866379996065 1.17412813258196 1.01708003605926 1.09254734556382
0.588484779805081 0.635769111033045 1.05503025144123 0.478694054319712 0.00992570899433356 0.418637111399435 0.825030894289093 0.818134040424694 0.772127868244846 0.0518224143232125 0.931272729190489 0.279038996045259 0.747103365283247 0.98471022536878
0.531731196284003 0.582742383555898 0.597369674774572 0.334244841041677 0.0146375123738214 0.197377190171547 0.793480645830577 0.920263311323509 0.359843910341871 0.0262420664246851 0.812616350977708 0.229788149456612 0.324838859525337 0.651046173886847
0.553562044247214 0.779687655798604 0.572564064088699 0.3068736014317 0.0170051854989696 0.16599605597717 0.317854279273319 0.509133344112648 0.350159741952676 0.025533246173227 0.785074906364038 0.40020800540263 0.501139789254993 0.531582720398139
0.547361940816672 0.480741953918818 0.499932602757724 0.627640498428276 0.0228041179663277 0.273463593933988 0.28795943820587 0.733069037799228 0.465865596135881 0.0514893802683757 1.61990228939112 0.434530703890344 0.920495252781354 1.00972713998865
0.65328874788619 0.765457206593076 1.01281666601523 0.635088768688358 0.025928818833793 0.428349321122408 0.297457335591818 0.759678631776141 0.847597959025305 0.0342136765193004 1.05130812934992 0.278105093359324 1.12680821644691 0.432875724588154
0.446093803225125 0.640964210636014 2.19778162189148 0.373180443077169 0.0251910012723538 0.276828364674165 0.248051054144636 0.508590997148118 0.453577528122024 0.0199178917177854 4.71773735808896 0.335979239179283 0.699360509828485 1.85289637112869
0.406341892166018 0.587657342762862 3.95346472190674 0.27645207100257 0.0233603636260101 0.171680169010764 0.182945058827066 0.402427018523408 0.212508681680852 0.032151871286192 0.447540040783281 0.265151132938468 0.859279091313736 0.73604977081165
0.590476163486507 0.695585380572968 1.74812608169045 0.80305989575348 0.0150031478677165 0.341609426483312 0.483760528301248 0.960111788440904 0.703465601483101 0.0105642690879878 2.92057830955842 0.588972987708615 0.876852005875963 1.19252912031637
0.469468923026955 0.596560708811824 2.78786752782076 0.442582073583666 0.0263612456405466 0.277831701146818 0.4763462989791 0.526989144783158 0.590729668390487 0.0281528834857744 2.03830828552881 0.320306764310742 0.97461031953288 3.02264951005717
0.821149257250934 0.355203469939298 0.627066002533882 0.181557646737506 0.0195535168219136 0.208707604774866 0.284686339747719 0.681318182073817 0.573501617849144 0.0182540850791399 1.9939947674655 0.349888484245228 0.910479708903965 1.33097616912948
0.393263210531109 0.566624488007284 4.38819815842728 0.323107533136069 0.0171819642701098 0.17786625725859 0.471055566708777 0.442974737574256 0.280726585175356 0.0213071977997208 1.19836374264442 0.213808551970512 0.566274148284039 1.11184476169353
1.54389271728113 1.61133161250028 3.03629660201594 5.10671790062338 0.0262123362627259 2.72616685439919 6.56362108556661 7.5719292924815 5.24840500719357 0.0426288763728537 1.18000981886234 0.165499410490611 4.76897589508985 0.172542540545139
0.843472849637297 0.932625502723384 0.551545539716554 0.754333157569865 0.0269824532490869 0.506553655217913 0.85066827658939 1.14703922498062 2.01264256978978 0.0350920270506779 0.925008650576432 0.696667700235909 1.26917264637684 0.127836172973153
1.01515476217568 1.17518849424554 0.601408413869064 0.928837841568868 0.0352705073205919 1.05666513751224 0.89391687149646 1.9532022369886 1.41348042729526 0.02369011045379 2.00954200447122 1.00551697745384 2.91442390167401 0.222496967008705
1.09780138435394 1.11056473048753 0.618797326438359 0.768931687229447 0.017520649460509 1.02020815288859 1.18224919870827 1.66336584512986 2.04523816069847 0.0232119883348759 1.59136667301079 0.843710791401462 2.29777140996855 0.164412584499336
1.9894190916123 1.49956675000195 0.629351985349378 1.47021843048178 0.0170299946227382 1.38791051295578 0.722952127412887 0.806314348107503 1.23369391232475 0.010470167252409 1.38207077278423 1.01989303703004 1.55596198752977 0.17464975705503
1.0353770940897 0.857493513224996 0.632229756957108 0.907379336234354 0.0187761833027441 0.640750084853591 0.905793451867455 1.79477719748149 1.69310382490203 0.0106152443871511 2.12144451727841 0.696137787016113 2.12400424386381 0.276035781762101
1.39729824175893 1.60769702832344 0.875847283060224 1.47879843806902 0.0189882800342805 1.08808907221807 1.82010675347107 2.88218786044536 2.73419199652915 0.00685842702927117 2.29877304245032 0.876173186219796 2.63345140658027 0.283269379451862
0.789910171640124 1.02252380976115 0.450380568990816 0.696873503040244 0.0202785830286093 0.474509221007538 0.655297834493097 1.3093451077158 1.51408028587018 0.0160189456155907 1.33298546322905 0.825322702548792 2.02047180011516 0.194503462331555
1.05084779405938 1.11693804574455 0.74651103415655 0.765293949701895 0.0248579471714524 0.558304914906219 0.706572390306232 1.04336571820448 1.52254166423328 0.0105554256425842 1.32752065711076 0.735291841359704 1.57841104757736 0.220097433835449
3.14095679769816 1.40419043994799 0.664320475446692 1.01208555137405 0.0344066137510339 1.05043032290569 1.20121805166346 1.73112228745253 1.00618552299325 0.00586768159188652 1.15507134713034 0.736642057320105 1.46675577988665 0.517810776456035
2.59504860358351 3.08807116880367 1.58643831654651 2.32087345316245 0.0154955655539539 1.43526504424782 1.73808651026964 1.94383399212372 3.24202220614518 0.0037661547457615 2.04426611497457 1.40334167535085 3.3073639220356 0.335871876022127
1.70188875622931 1.60789590267073 1.0220762694101 1.32496094164183 0.0209832954076709 1.49254134796385 1.80869633938556 2.3541193326688 2.75137815710931 0.00706533881444365 3.13934590099526 1.760396482403 3.9879955605919 0.318671220963057
0.663526925449941 0.831909232608004 0.588880363934587 0.587211023655209 0.0340364378176791 0.362821241821919 0.785782057041725 1.06632923855957 1.66051888229241 0.0026549534196111 0.804405934568275 0.561480986194783 1.38764157629172 0.22619751511911
0.489958978675337 0.759379578016169 0.50500993932193 0.718951980368507 0.0185365265082702 0.502791521270323 0.358741818326084 0.918028297458157 0.945863950922772 0.0178823643231387 0.678148988670901 0.360710672480011 1.03405254673986 0.0737965822155444
1.48469780638854 1.44225276688598 4.30990703436568 3.90690564885992 0.100148793643163 6.964592307804 12.4212417586291 10.1021008039677 8.68107351493928 0.0577950692271576 3.21246313905483 0.301166026634119 6.86392901841411 0.217960360121113
3.04367660237544 1.46554109559934 4.13313407556713 2.96303665237958 0.0627349026062911 4.13993098977742 6.83606381573387 6.34846588934278 4.25778910232683 0.0465380848921804 2.01264748173171 0.238725958142673 5.10772617357759 0.221361736847829
1.79353712047409 1.02755809122187 4.49626244748811 2.95726473078063 0.102865140790238 7.45366149989346 13.5506328232057 9.01622517406167 4.09432919485036 0.049702063281001 1.06298150255016 0.394185534207014 4.19712019601771 0.161956587200265
1.4261335379978 0.89627930985923 3.40506370430608 3.17495067124395 0.136819457225081 6.17279119489689 10.3020290871977 11.8909080689436 10.85869815131 0.0792507182686901 1.07481026599331 0.313877727356545 5.67036237019471 0.234557446552066
1.42406983776023 2.20451384881603 3.80972219634693 1.7524587768517 0.0868134325096164 4.81966570825069 11.7108296159888 13.6663513371761 10.8896852354832 0.0798319260454887 1.84028962807702 0.252692632470241 4.86534886454948 0.317891875371586
2.49811213649941 0.765656683894473 0.286998502099615 0.528189243539977 0.0245121572003049 0.219692032224519 1.37198135692641 0.540792024214576 12.5741999141422 0.0178056273807634 0.555917101053695 0.27363360318684 3.74882825406001 0.421019290056659
0.941957048271019 0.930470829535403 0.237075701059306 0.688024549184036 0.0642812643046222 0.405905477627585 1.73596014674121 0.278756283285974 6.68535454385717 0.0223071216615227 1.04864035158258 0.211854441239146 1.48123504604748 0.536314752890869
6.23307783587639 1.71964245185628 0.900099881778422 1.14889657101284 0.0542706380542097 0.50914744663398 4.32644127646005 1.94825405804734 46.8146534253365 0.0200214811777999 1.97382032562883 0.962705072654924 13.2419569251281 1.40756178784047
1.42474267114013 0.611471547693126 0.344254808706857 0.281417018682491 0.0578125061466545 0.220849634227778 1.24528836891382 0.974738033993757 8.27345939776534 0.0218896085093418 0.801060364281691 0.337862508817554 1.92964943530803 1.0462411912351
0.918729456925298 0.576780260494748 0.331849750572893 0.690119152837907 0.0535268178799548 0.211153173689052 0.95184619405486 0.342428095510748 7.53526097831155 0.0252500602342534 0.560022990109412 0.524968076519305 1.85730314050647 1.45894971570938
0.753539218816328 0.35362223772987 0.167805362116133 0.256283847594627 0.0817218764693423 0.358334164249374 1.20235606635432 0.187593919452855 6.65654343571522 0.033475084874096 0.763729177767517 0.417953586765189 6.15386413115028 3.82009117387186
1.71914981498377 1.47433195895416 0.187500606894605 0.414024330880727 0.0402252315648855 0.266138414940468 1.17965164319991 0.448512095394746 11.4110656243754 0.0378615584080323 0.534316525622242 0.201899415711246 2.93546024016734 0.555482031532774
1.4172947391879 0.294350354452004 0.183917317517514 0.266533992938364 0.0383230767082543 0.217067715727347 1.02279003964997 0.815463632864459 9.32100121151501 0.0238510401925571 0.405280588122338 0.324408551862176 1.87044921488127 0.400591062301025
1.64071738740026 0.580375284247758 0.513788409855104 0.43160481579518 0.0306400579470428 0.344184762841236 1.68111800079884 0.255768936848099 12.4137729991171 0.0438522117269693 0.516362180295843 0.259718352584541 2.80080922619092 0.755232958726826
2.40636320784657 0.41335641048993 0.425914160743425 0.34541364930791 0.0618785732097337 0.310714258016624 1.56086087122704 0.778673265665406 12.8231001108474 0.0619110652730273 0.590420105947744 0.353520019865915 2.65598929759212 0.387278038735697
12.8217121852394 4.01744212470256 1.90078606540399 3.3006937791669 0.0303836563757445 0.655663429870522 10.5286549396543 1.65121463985534 103.423241252832 0.0254016990595049 3.65176431530796 1.62945576062205 18.8209868017514 3.25563391996104
5.55474751666285 1.57564172133693 0.829959459092602 1.09580717240163 0.0441754758525116 0.417737837785908 5.44262921691963 0.962775250770558 41.275141363413 0.0207470735370442 1.74026727274838 0.669089824660223 9.77339888555039 3.93072732235153
2.65171353390171 0.544074384611671 0.436108911396596 0.58448725250689 0.0677588700622569 0.219043387920435 1.53059703432534 0.445705545157794 14.5264502758987 0.0122806020134302 0.637056223903771 0.344960869409612 9.24793394003612 0.814085964867627
1.43631311874522 0.42411799062133 0.43957444330004 0.403650329690721 0.0188577348146556 0.285520659364813 2.34056914439294 0.377990622048561 12.8725018627367 0.0447270184294475 0.616051288156795 0.449918765537517 2.72186286069476 3.68598805631062
1.71653441336767 0.916791137056756 0.260050837055372 0.349289810770924 0.060577031465023 0.187923283576266 1.16533663518178 0.669367403707672 5.37402623547137 0.0210949181487837 0.624886370535386 0.15171884768879 1.84728621694795 1.02785834915142
1.13314841148295 0.474560828070519 0.323939998478595 0.365172911870716 0.0306042702256312 0.153589280957619 0.874718784990915 0.513522092260805 7.58617925904933 0.041313121510544 22.0988930170033 0.230654756979089 1.6608268445478 0.580114759040455
1.11810781874958 1.51062183260895 0.698974820559903 0.672218376322436 0.0237656767634913 0.172639430429801 0.0969014766071518 0.101414137802872 7.56139697044748 0.00996999551017358 0.855174035522485 0.203751519863635 1.07649748665925 0.363519298228123
0.589540060461882 0.807660398892697 0.708245902243773 0.961013475263952 0.0231740661970743 0.401128928189882 0.588549698346727 0.199300881102234 7.7827568696181 0.0488035271416298 0.990950565802676 0.417353303214308 0.991792082740216 0.174212820447441
0.499937477418317 0.293529373819822 0.269891586133924 0.459688043948585 0.0141831389109072 0.203833478665362 0.131119256923149 0.0782124858732496 4.06004786969 0.0138865419410962 0.590406233205265 0.137859890903937 0.955267988027148 0.357278482828641
0.532512498599487 0.343690231267959 0.238208633374057 0.622994338900736 0.0213401273645552 0.542329993455504 0.378729003680539 0.113082294382826 7.17860601299707 0.0146474151752231 0.471933617148963 0.136943621953438 0.738733336428948 0.571023143285047
0.260839566729818 0.174703248795188 0.162880539795845 0.257466281733668 0.0110054545832721 0.126884878486273 0.13268205954942 0.041668531905673 2.8566487180234 0.0229958989853462 0.509322155299545 0.0959606650132065 0.356842013548982 0.347465726650416
0.326444522055433 0.27894906573701 0.241430539966903 0.413506085846767 0.00983954532930305 0.792051543433401 0.202974859877755 0.0470415741904054 3.55067166677384 0.0388283878081797 0.440063188715056 0.0829126428399788 0.469713285035682 0.584360445183415
0.383998893917655 0.389514937086125 0.463548057375552 0.371866975265153 0.0197202538921689 0.17909545442581 0.0891790497589259 0.0990459507741372 6.85765541085432 0.0296008837013623 0.823358646359517 0.213425232886501 0.795315599779644 0.417461139433129
0.972021101089794 0.504987220560405 0.530391681521308 0.646871368216489 0.0134363270230716 0.478959622325199 0.193528720303386 0.0663475548692428 9.74128915988489 0.0279648434501959 0.612367313444492 0.368543199198397 1.38464433457623 0.43112488035701
0.286380638079012 0.905769332696253 0.172440100362924 0.249295962020747 0.0228926249256481 0.280517921420434 0.145930499068842 0.0350416077237392 2.50797007692609 0.0118248205020898 0.257651791875199 0.0946937777694857 0.227404431157389 0.653451013096067
0.308049245574507 0.432168297018394 0.249506106041907 0.297174052908021 0.0427160792656078 0.192506871571396 0.133895300135683 0.0824060058963357 4.49033573751286 0.0129169004361717 0.464412086286984 0.109434770565124 0.700425582890559 0.462683488858397
0.902973978573068 0.959420953349955 0.43092017381569 0.414050144552867 0.0134561049871335 0.871059138266032 0.295616216901995 0.502462538329394 11.1624550937979 0.0312839766601731 1.07420543032138 0.242154837585325 1.70613441329558 0.438484942384555
0.471069929101771 0.341512025854566 0.384752082738865 0.334940365424551 0.0212471362712628 0.575990237406966 0.110445239913067 0.0742556807118772 11.4350560736991 0.0247381912092635 0.355219158043114 0.175105488934566 1.88899482801891 0.516560733700822
0.772019091659163 0.788214096268021 0.462417114145949 0.587640632069357 0.0431158324114313 0.387275467655669 0.18399846882122 0.101329780529012 13.5703930309359 0.0353249235560926 0.853335878126135 0.247634478786663 2.22112344740295 0.463543845321509
0.332539326102636 4.39915157173161 0.408393180425724 0.847591527744883 0.0263448207548432 0.362177096200863 0.138341382941633 0.301502237021637 8.15178494525534 0.0512115764411161 0.442609472982649 0.174146159996078 1.28294615024947 0.552343895901197
0.738289466359776 2.49923924982793 0.619279448835869 0.451851926664184 0.0266375737738911 0.470883625189337 0.106741367949068 0.105664092472956 13.8022959159865 0.0256988604582599 0.594370701395096 0.242917911523734 1.844788725745 0.585024336412142
0.308349605658735 0.75129542308926 0.304381038892599 0.284680325712045 0.0268988438660989 0.179391383568215 0.142342115597738 0.158798269830599 6.22187012127337 0.02950643087934 0.244778616312611 0.216473531838072 0.985858870801784 0.390143600009111
0.293127135005565 0.144578379236603 0.161240079824648 0.287304850020115 0.0242742144324493 0.358110317935946 0.131950967103612 0.100727967330241 3.51686572129096 0.0218572910014126 0.403276376082518 0.111154388424148 0.713291448200661 0.144680277827462
0.642558147631004 0.402511781623074 0.382350639441729 0.358004287225746 0.0154484013014446 0.331536675117613 0.104682338623692 0.0682859740875385 11.1377199767514 0.0266965917329359 0.518493098868019 0.196810443611943 1.30103133212608 0.673538244484978
0.435340758958411 0.286288566886976 0.286411391222473 0.290018803377486 0.021531551640869 0.838635620076535 0.088421945846078 0.0382819283447633 5.58054877827201 0.0191730312447664 0.805014331209004 0.155978567465435 1.06796286983794 0.352393961432759
0.502707444926921 0.257251491868549 0.287465077913621 0.395223595110482 0.0279587305929243 0.204702799618168 0.214748524837787 0.0898857306902897 10.3622757909847 0.0266753738305603 0.580426414946681 0.132819872291538 1.20685109319403 0.330472248928037
0.202644393237194 0.147794686217448 0.216377568050779 0.231055697581008 0.0113215041574044 0.2435435909674 0.251611056509777 0.0466551265797809 5.53301175870083 0.0235544645752886 0.307707525409639 0.104889823027681 0.810555469877504 0.406458695326459
0.294134953919931 0.402135974825199 0.260652670392727 0.402473802732877 0.0374680096471587 0.214465112847575 0.236709900960395 0.0955827416794643 9.95845630574053 0.0225343759271442 0.458570150610029 0.200034519762435 1.01529880403889 0.54540336289062
0.355343591671937 0.536309924398347 0.366695522647709 0.439871313467594 0.0200835564497212 0.184049266160958 0.108281088271545 0.0669145669838967 9.65315240653237 0.010052113974642 0.563509390019666 0.180110657701705 1.49916062116973 0.604504380445463
0.760379940455137 0.657536188752299 0.472620351284391 0.738243247847328 0.00926496092086481 0.27543926037061 0.138698136646706 0.101819472518597 17.0811023777547 0.0145211300621596 0.773176315880679 0.169971704282983 1.89705057766363 1.48792721561231
0.529731750625554 0.636081431220263 0.313538525729717 0.482062298849643 0.0187972907947505 0.132109865745813 0.106405954520641 0.0690688427570941 7.6995586588154 0.0168431679028631 0.70908141918622 0.171302863070689 1.20046797163154 0.47209208149166
0.369702178446463 0.599789551262315 0.327912015303232 0.646188098185258 0.0131702315400127 0.236009535455591 0.257547403741822 0.109663911383733 5.69347497739955 0.0106587647946602 0.413738942973067 0.181193429638786 0.515638338125353 0.287771413886547
0.737797388646111 0.3626215430808 0.443391373977625 0.479250902236791 0.0230705176792887 0.495779502263479 0.182863492225256 0.0747384982017878 10.9123774692879 0.0172707295358006 0.606994310222032 0.220039397979957 1.44062137379596 0.378446115592021
0.593573009661634 0.51653924704387 0.499035662741959 0.565307906699476 0.0180315088245511 0.665860738415829 0.428555285780339 0.0836567438767359 15.030896150499 0.0228523794955097 0.903780854128785 0.267279260634013 1.84005323771822 0.126652839374451
0.308386711745666 0.254689077896893 0.249029596477747 0.205544376564386 0.0133451949401883 0.177810111649036 0.116267687443539 0.0632506832827603 1.73192941645785 0.0127461905498485 0.276332294855205 0.0673457494143877 0.292303746930763 0.653169774009921
0.395550287953033 2.83276707926754 0.276303748728531 0.337917868897968 0.0224870725351226 0.597399679872565 0.094674639240016 0.0790649379770443 3.77523073221858 0.0182203362148281 0.488749703867579 0.167050381913284 0.65999177775766 0.190328447035136
0.587820344067277 0.575838374536291 0.457635685364091 0.514648725529481 0.0221187072084582 0.494516574588639 0.222855137802213 0.0859187543229711 4.45800408551074 0.0170171232942978 0.68675493440957 0.371010786903618 0.473116338975742 0.348357051772498
0.847057458171067 0.718144130079055 0.808056143907439 0.943869643964829 0.0148932289865511 0.170560142160183 0.123212918596331 0.0514514101109334 7.89672707915825 0.0157126603894369 0.685236872604514 0.212863609492528 0.784628360294832 0.791174285603622
3.23529775472723 4.85808036817563 0.558339359845583 4.22546419673617 0.0512822147607233 1.20143030083528 2.37110939532373 2.71559111659397 6.37813027440648 0.0193211521819815 6.29650632374887 8.57054408745046 5.89932926787114 1.84560973715124
8.73322152116117 27.4363287810332 1.84481063019414 24.5707310139669 0.0437932176509936 5.50376831810489 1.63088034011699 2.95552367398723 20.2364694491014 0.00819025897552644 24.2064832536334 2.96559541702192 19.339490925619 2.84374872872286
12.2539254195231 21.5012961888148 1.34726099524764 22.6276743796824 0.0335716294576486 6.33768252186545 6.66640369236978 7.29117638157185 14.6939539527387 0.0126794279458529 21.217791423751 3.02403251884951 23.0947430737863 5.27473496393494
1.5997921002998 2.33298818616564 0.191867254212997 1.91266470578686 0.0266105469867501 0.547185884919503 0.462396508236197 1.61761883726353 2.02982241408282 0.0258642274794751 2.39595043189874 1.22869118361711 3.71494796850096 1.13002007369034
3.01608476097163 7.60499030929854 0.378778146991301 5.01433557203616 0.0329792655519765 1.22526799622136 1.39926498083751 3.19713228415018 4.31091448850231 0.0140143464150151 5.1701792814964 2.31610721382112 7.44147864158419 3.71227511634212
1.53207723060695 2.36265232539519 0.219831137868563 2.1697210603816 0.0177428582553528 0.301860079231271 1.66609535046266 4.89714735346983 1.21807888172821 0.0272608859302551 1.71354392026337 4.40416518540105 2.36575981067139 1.07975796196902
2.35770114324098 1.29825644898722 0.462876176926471 1.21985099024664 0.0349097813781762 0.217521502949842 2.03171593020521 2.15225727362867 1.37207223630013 0.0280877791093981 1.24811404431735 0.956513132252899 3.16613082922202 0.934455436869405
0.533622106623017 0.40914967581911 0.300681896189897 0.193260051443678 0.0260638795190825 0.275779578876379 0.291867041898844 0.488883116106383 0.0966493510620451 0.0190971958162275 0.152637836426225 0.234418079159509 0.275581093364354 0.0797382415064409
0.794621868509917 0.559642985654579 0.693999042315656 0.537799186353463 0.0121631142115486 0.287182011673332 0.488523827434492 0.399613820723367 0.134134042653288 0.0154802020030212 0.191469666132939 0.335868950503156 0.301099295073699 0.10436039085032
1.34931854733967 0.997052838986355 0.827410444562558 0.614698268238258 0.0283171063104612 1.04640154431586 1.06963258937047 0.343767889233627 0.180323322682316 0.00618122648389211 0.565554969491105 0.474176931350487 1.06940828323087 0.157789228259607
1.49576668674351 1.00973277260809 1.32498218172821 0.464624896802068 0.0330459557689721 0.142227271738245 0.457945964168458 0.67576361792454 0.338215081808388 0.00912706271207614 0.763527036821905 1.28848219670693 1.90733142515605 0.0829093644960417
0.453368160887488 0.427145505040976 0.530110215959804 0.230220851915892 0.0443795821862216 0.0993414721522967 0.246686225426748 0.388284653057962 0.128638980304916 0.0096565844476011 0.286067392750835 0.252932129418703 1.07731381694646 0.0753461455173125
0.591159061072813 0.732729607583669 0.511449604775262 0.884171618884873 0.0173220279304007 0.195081678815646 0.282800986301389 0.215736932301713 0.231633958734832 0.00752589546051125 0.356889422120057 0.268366951202214 0.708020235205443 0.0773406503120136
0.578535835184286 0.545055365110092 0.535295097550357 0.513001794231084 0.0134375611466687 0.18367713425019 0.587885532885345 0.586096172699963 0.389884675140341 0.00851566792585985 0.337378857075593 0.284612940424726 0.737627391732594 0.0359101777594914
0.821602659613632 0.76575519319744 0.759694529871441 0.713615103585922 0.00955978863729401 0.274775820045118 0.663147284685907 0.360986475800798 0.156367868341999 0.007320661623828 0.495208436517712 0.316932780083833 0.734961892950337 0.0550400318192759
0.736333908816693 0.807799782287335 0.538010945144576 0.509755543107007 0.0159082254217565 0.138632413669721 0.371352510862612 0.468478992252178 0.25302557000389 0.00819609940198207 0.45611321373931 0.351468418257395 0.924578661988654 0.0697562398273835
0.535469106864993 0.515731415646132 0.66129365168519 0.521074823444745 0.0179646163891936 0.138272684314127 0.25344025313045 0.252182134057357 0.746027012922632 0.00807847934999538 0.302161608930167 0.28598445256033 0.677367509378827 0.0679379385629391
0.480666644048089 0.757274685781137 0.529944201499623 0.387021215586317 0.0197373958952909 0.680857912621506 0.513474178083135 0.568156998485849 0.213080422066258 0.00464483256765644 0.31512617835311 0.357895529099299 1.01093377981346 0.0632197337287208
1.3091746771974 0.745933677627344 1.1112330389625 0.496203906518384 0.0126531396089644 0.325339517728158 0.902047387825759 0.689911577734025 0.275089380916732 0.0126687665278038 0.52775335036452 0.558524175258468 1.4385088821277 0.0385484432523599
0.545438524986748 0.461698208687657 0.668044264353139 0.427812209302436 0.0153380294899512 0.367759682922645 0.431921780124579 0.544024077579939 0.225814505080495 0.00880295162152824 0.255990971524904 0.31255287063682 0.462590122272883 0.0603001882425348
0.749516785911565 0.789263945720282 0.590463137444993 0.553474444908379 0.0326463697035097 0.109436699406493 0.32117466147649 0.413814186543262 0.168758866029458 0.0108514574642444 0.301335681946556 0.554230846188187 1.0890330044346 0.0956113961747823
0.767752775658919 0.579806107951407 0.750369956624841 0.387226605853902 0.0318516425930849 0.263536652516525 0.378535099161565 0.560536805835925 0.247307919923937 0.0119190497782569 0.52311300412827 0.444894104208466 1.54016652868922 0.0691831684904731
0.638380203786356 0.283067673263528 0.662715170267075 0.412559223819475 0.0140049908871962 0.0869295827007138 0.367091866708669 0.361242886965692 0.395195120140169 0.0075829667701919 0.353039363618865 0.247502277152925 0.373758130841201 0.109270867307396
0.764708833618314 0.623694612520103 0.689912985680957 0.737642273171663 0.0138071543746411 0.143280384650206 0.521157846849217 0.479603013696238 0.144579746355319 0.00460774008659618 0.211363572454392 0.324554019501195 0.477132749645706 0.058676565870252
0.522678216664432 0.429897276677077 0.422797313292044 0.23761011786497 0.0257533593002343 0.119720725692955 0.476352460915687 0.547257438955484 0.281734988495487 0.0136206609653189 0.40741689377915 0.415131151565683 0.726446098618005 0.0541471131476439
0.645792014458154 0.680732498969325 0.934865042942472 0.558260154150224 0.0125437445437189 0.254512251191865 1.31440949793003 1.03243882055545 0.451128574349728 0.0027765575450359 0.31062491104938 0.675917578553901 0.883230262993242 0.0883163350412718
0.898604807657867 0.839928771698831 1.37145691499613 0.473713925132348 0.0320119973359159 0.255509913395123 0.386904292719946 0.798096970036651 0.318977967721913 0.00553601615067122 0.700290700627658 0.483135786767393 1.28824355244241 0.0492728906584812
0.490271043830587 0.801804640807907 0.457149805464764 0.371613185845898 0.020540574135553 0.81934959913131 0.230734820555532 0.369674236915349 0.190608001555146 0.0149609193245981 0.196506649048021 0.245460942650209 0.627078945928413 0.0753419354361371
0.412265556246747 0.33819162679804 0.525671584759934 0.32296505294654 0.0183059899015601 0.250158261831181 0.412631982640762 0.483262805896997 0.142181509959351 0.0150031273371215 0.246719031264575 0.315317364711472 0.74570628655001 0.0421309657156537
0.597030296596602 0.360148805448696 0.336372372642861 0.272661232944773 0.0185128273682908 0.930741665147757 0.208345333619088 0.132370640758648 0.111774473326649 0.0200656044045028 0.2208770396466 0.293091586888261 0.429504483600568 0.0309760591484114
0.536965107832886 0.335286536026705 0.452579051795228 3.00832737662978 0.0274293061153249 0.245089759307758 0.36759990169352 0.382897629904417 0.290087520029174 0.00680581420736553 0.471377790734194 0.352264434714039 0.701948860044378 0.054329959972132
1.75241828627601 2.72096888048967 1.9841479698418 1.68664523469118 0.0182015372026738 0.851597655027983 0.530629994986154 1.19085927730849 6.10452157852838 0.0144971376041089 8.13101223409892 0.905105534015747 3.36589923387239 2.69760191432334
1.14957888644402 8.67514850131234 1.05263168303183 2.8563258161348 0.0244154859590468 3.59651500591457 0.18150297178544 0.624304440564144 3.63928909388005 0.0202682061260923 1.46643869337782 0.390634043980112 6.02498230336875 1.73062588073083
1.97636993230373 7.75941872996733 1.55968181887133 2.71435247985084 0.0373257716745023 7.34465634245647 0.31657346082953 0.864352375637656 2.60652612817713 0.0105154049665205 3.2797714563578 0.503564558387136 8.20193943005514 2.81503361582322
2.01180785057521 24.7612953489096 1.16896549031253 1.26200802877182 0.0203177899033915 1.05154635520509 0.422242792783369 0.632375265912691 5.4413801205558 0.0187659005989958 1.62529770479249 0.604014614468021 24.2314915000172 1.51716927310179
3.71027162363639 46.9337546311234 2.75663910328004 3.35751384255487 0.0399652558391565 331.006990438562 1.75567983021963 2.35395315309023 4.97338592282436 0.0143634896066417 4.41158850465714 1.25099001835267 3.37812403191681 0.995163189523078
1.9438611113203 20.6903495686011 1.46604790205734 1.64520521680815 0.0359097728552152 1.01206263263786 0.621396074761385 0.43918625066204 4.02418430449229 0.00864186619618009 1.16437181478468 0.304281444266493 1.65560329889357 0.611534968991075
1.6317021667382 17.9945933111254 1.75694217647025 2.08199584657774 0.0291902045711258 1.38404382673627 0.715974018586538 1.22241959377589 1.93696981508295 0.00614801075673884 2.66281857625788 1.37917964054629 2.88475454119158 1.3741175862503
3.93383938056726 124.395014720861 3.83923275297325 5.98737475862449 0.02802990717389 2.65862969171431 1.88267078303163 2.55378553497051 8.08890152781944 0.01666769996912 3.38901365528567 1.47715110145389 9.50210507483662 0.937798704896865
4.03553200913443 66.1293546282714 3.88625767565425 4.63220760631223 0.0196137884156547 2.28918299958508 1.49729812570174 2.93431738083001 9.89275935741551 0.00685580930923554 2.88829586518035 1.59243320601883 9.59884223218048 0.931024221741009
2.60772152769102 2.61776837180632 0.789593137213382 0.261804998001799 0.0203248205758128 0.129147773762292 2.65882677779384 5.94825545383967 4.71019119551619 0.0772403833418065 2.11825777777506 0.867200618328863 4.92656324762661 0.074420372632789
1.51046566628208 2.37431976646382 0.923716775008719 0.319286340635595 0.037874167827381 0.168002823097536 3.49545743578509 7.62094048110921 4.38690654030918 0.0861058886828509 2.12527704063423 0.494417438497502 1.79007421372318 0.080366765539031
2.95242481475338 2.21710604901554 0.779961760727099 0.310228586040083 0.0256680208378683 0.19148632283043 2.87060870140604 4.90602245134075 3.1264492578006 0.0572051017890111 1.22592445084259 0.384028403658238 2.58307898872784 0.242185918203822
3.13105745959528 3.84128901379044 1.14185017953833 0.511146213185386 0.0220004102576833 0.152479669440201 3.01509238548558 6.57772226656125 6.07320735439346 0.0163930121626735 2.92726252687079 0.731559149628767 4.16654783399464 0.122346499122342
1.95362027360279 1.09349199097322 0.913462785953187 0.137721835285475 0.0229373118177373 0.0973539147142759 3.16249642019484 6.830759265307 6.59618794893139 0.0245146269083233 1.75963029399201 0.581082724421694 2.92009797779303 0.0591153177821692
3.55912783926018 2.42606680368062 1.62354167025991 0.585155307638589 0.0349590007378063 0.233850602664257 3.05620070639398 4.62486491856352 6.71688713012581 0.0155223414651923 2.46703157534069 1.04254940127159 5.24553170960171 0.186950637275232
3.61833582013524 3.31225291860665 1.79696862533391 0.408701105755548 0.0307115408568947 0.268879559383951 8.18210847863256 12.7590371993079 8.29714905497791 0.00808993336821737 2.23189561205439 0.67979744529872 2.93346553113744 0.19689616553274
1.82927885588827 2.03183870124848 0.721917619869349 0.357397762550274 0.0336834161978331 0.0997091369533113 2.05213141682878 4.88750794787816 3.46398178986529 0.0530167749090671 1.36076545176872 0.274969664300177 2.52737700017195 0.14057790446591
1.35625685314388 1.54289864670354 0.731283318465912 0.821022893474513 0.0966595550711874 0.478392770011871 1.55598461538154 1.33073997039447 4.33649092706778 0.00238954781172207 1.21747257522652 1.08690058716909 2.67414604966435 0.185630995961413
1.54214684873278 2.42640437137095 0.414475733690279 1.01905731153935 0.0229839076530373 0.347559595245593 1.06047366867054 1.56817616363397 1.73044361075113 0.00215388516831119 1.76714960299619 1.27957466109172 2.1024772471047 0.440625801446336
0.634127739481851 0.495830828147428 0.319969513589232 0.801075867473465 0.0189625755405399 1.03424028827231 0.785003166285452 2.20676107726675 3.13581535040909 0.00402605374034977 1.74689137810658 1.04577532970752 2.69122365791551 0.372675130385366
0.63023466146629 1.46029624730128 0.274806821542785 1.48546621682484 0.0230376058667195 0.414390406533032 0.98500581910434 0.988944623807942 0.989246291511958 0.00401607130435478 1.02684945960775 0.50108418479399 3.76188452818703 0.272219049761701
3.11744855061854 3.41166693122371 1.59127469907355 2.01708869802795 0.0397209182340747 2.25091151590022 5.43185159610732 5.6712335077964 5.87806080285298 0.0109185509831571 4.30887204673075 3.49203861112226 5.69045213081993 0.231387427674849
1.05932320925333 1.83112256816281 0.467056959933058 1.47657130316927 0.0290137854137469 0.430878103468573 2.90979819546612 1.76889381801946 1.04553285905689 0.010502647637291 1.71805632321365 0.810801836711213 2.82751835812022 0.575784247347428
2.62246144693382 3.71928906812758 1.41188102672487 2.71492421666551 0.0224442387771554 0.474157609293276 1.3400627315886 1.5456988527673 3.19730717024446 0.0367635264791734 2.54960537483642 3.05162258770752 5.65223748996257 0.305236872339865
1.11423657957003 1.73193185108083 1.20480026162935 1.21378029570156 0.0142425943651572 2.25148941604064 0.941203372876606 2.66993780715295 5.07486596156504 0.0239511712242232 1.64654571907825 0.289492167479521 0.954736694689488 0.0578652513786935
2.47030091474744 4.22820089832755 13.8064800023351 2.15163531703496 0.0307519851769225 2.53745690754422 1.8786562559521 12.3201110185165 13.6295039835292 0.00981457774968343 2.66908223296445 0.332193828036603 1.55584390879009 0.0917805352624296
4.04912934754049 6.291868959256 2.17085630228045 2.11330692897569 0.0154112659920532 24.8602423202506 1.64664872239088 4.51590828691237 4.78131113051138 0.00740920362636996 4.06864793226422 0.776504250074205 2.01393107628304 0.155033390278047
0.949252739077254 1.2987606834191 1.57335607323889 1.91842426455807 0.0611251463671848 0.202056259618883 2.25025751819087 0.428376399153964 0.733955831186572 0.0151639591467366 0.930521658172408 1.81100899502295 1.87513252903132 0.437803012514702
1.81279365787489 8.690459537098 0.715134626686623 1.74860072499546 0.0418039743705588 0.189061800451014 0.661264653948081 0.57505867157346 0.803014085444034 0.0144958037536023 1.84135918173852 0.907471240773671 3.87810932972493 0.579245631235562
1.3547803006124 1.91156288826581 0.927733294847787 1.02336872236769 0.125457325611021 0.426111505625363 1.53192123363952 1.71500617199719 1.31703300271957 0.0198051733176039 1.89964711391946 1.57749760004254 4.57075431281127 1.17439275111687
0.831825759532163 0.941572107952102 0.515828596505218 0.947266118360773 0.0375374332488864 0.451667041487355 0.540889929065447 0.442062550466433 1.07387644301712 0.00747209775929138 1.18171513433369 1.05185056400377 1.57524862211531 0.494274562602589
1.05379285184416 0.941107310209085 0.806464308972917 0.620903837174683 0.0329922331908117 0.312453037602191 0.604520897650246 0.534419740823265 1.18840454008492 0.0345309669905859 1.09472282599569 1.1069455994259 1.4055500608035 0.245648192335433
1.1672128195051 1.25542102673006 0.570981252351382 0.824350150233435 0.0507631952926839 0.189753379687898 0.473210946231353 0.810005117476345 2.08856927457184 0.0200635621734559 2.54482124309817 0.833782649260899 2.25993571991017 0.440967914233525
0.763977892535306 1.23394303580667 0.475327805100404 0.624110569192312 0.030011039138719 0.408150528106007 1.72305821897899 0.633232929672207 0.936094179257107 0.0159480414296438 1.39422538015777 0.50710168736382 1.28130221721448 1.06804280164586
1.73591347734508 1.33407548550256 1.58554291324738 1.06202888200331 0.0226716796695191 0.55098429771856 2.19610633525539 1.16705705284238 2.28019059049553 0.0209778953749558 2.56075306006722 3.20257840394933 1.94264124542556 0.395256945935001
1.14724499653306 1.279464530715 1.0618360320571 1.17216298113995 0.0353442244263931 0.253030966916297 1.05545713631656 0.651365442329091 1.04260568655095 0.0294361967337131 0.846308672744069 1.09797980854327 1.03121434391848 0.301250970781302
3.29956217244929 1.67214987680931 1.93057327336783 1.76793664693648 0.0342237003757684 0.291239856520763 1.09813156082511 0.696099501039089 1.09161314962307 0.0268151851345465 3.50631830689973 3.35920190420269 3.17164919282692 1.50082623999578
0.878694657323213 0.839428229015792 0.574584030194518 0.697091453246116 0.0243421960508302 0.418012130712285 0.94426855375082 0.863387179819487 1.96973250592699 0.0170950231981617 1.30537080486669 1.27306925179868 1.27474168280531 0.658395160114176
0.761366351446203 0.748315298600612 0.537700446803558 0.938998973480359 0.0148387611964313 0.381729671072944 1.8429422785371 0.896855412853246 1.61387658365947 0.0438935534096055 1.29737163717934 0.998464022939024 1.26564163051342 0.301544071736691
2.73919680163015 2.25593016398323 0.766435382599929 0.914064401572505 0.0371742778962579 0.374242006110841 0.777181861885888 0.783983765860372 1.07660316363187 0.0238554364008771 1.06165064950763 0.846714435451527 1.49194869267988 0.209352648252782
1.1123732066269 0.453626204432544 0.756139236735044 0.652839912680138 0.0313480743963597 0.71996598511542 0.710825093090888 0.731019153347167 1.33195031037314 0.00688242898415986 0.708958348175417 0.784968531178208 1.5939850480819 0.379671889691047
1.55528497092711 1.08927459143572 1.27179808615806 1.24880126002662 0.122745907468566 0.257750902493528 1.19102452455757 0.508206110414459 0.969721767900894 0.00797531871756716 1.72410679773582 1.46675207562957 3.65562657346426 0.807964296297175
1.21377052644022 1.14794914956004 0.751388445472662 0.0957820786070231 0.0335984727717649 0.856654300995553 0.595293062818089 0.997287911297543 1.69063255143676 0.197317340970068 2.65654232157959 1.58033055322681 1.64091243122998 0.277762095375344
1.67718874493667 2.12433044366321 1.02292643481201 0.224317244477022 0.0139601449600705 0.373449404083108 0.628454466423893 2.98426571530225 2.60456344443327 0.0766076135883508 1.68978704731927 1.8395840632006 1.99428034568366 0.520852703112202
1.06656044676617 0.973494109297856 0.903225586481582 0.273341554303106 0.0260095362722284 0.410640508341458 0.683371476563262 1.38045903875004 1.72102638662906 0.115665479467315 1.09604467786779 1.42767823596272 1.76232582879917 0.441719158439926
1.08854694354409 1.10113572479751 0.865389891205212 0.151986509356947 0.0938700462179213 0.348879869602743 0.821739318001788 0.724695467607918 1.23920349664746 0.0517717350410554 1.92792923574125 1.70859441924553 2.22449977162435 0.289540499255597
3.423369577656 1.45199575757684 1.63815116544058 12.8451969105307 0.0233832915647558 1.0031304998087 2.27897118799851 3.45120044528036 4.35462304396168 0.0841354951727452 2.2452834539871 3.33467486002554 2.0199374610187 0.419574520742272
1.30960373930543 1.38116621901914 1.10176125000665 8.35060449932938 0.021702484708126 0.66625124104415 1.00673536492613 1.70981211740723 2.39388989238937 0.188650878071048 2.02750702405528 2.13908638234038 1.97093307065604 0.397988829132025
2.72148097608537 3.46590565572238 2.00776449383183 5.2601489215876 0.0153009205197097 2.33017923174839 1.68401380454836 3.09687454641712 3.44414235425074 0.192921335671217 2.8269942695259 3.77261050463088 4.91032180855886 0.249513098480526
12.2610085478546 14.9142874834047 7.16777673062588 0.672179764804204 0.161376363350796 4.28720250761246 5.44908263407123 7.62027970984055 9.93713824766639 0.0360144380646107 9.21675705812963 11.9313358021436 15.959526199538 0.376426356817811
1.94251311265794 1.1985090340212 0.701217311424277 0.178874250241 0.0322645405182659 0.538086833734719 0.552239444186447 1.13945925140991 1.01198476802081 0.0639939732862802 1.04481967038543 1.10081445299222 1.42774706795743 0.545974100946708
0.848413895023897 0.796058099047677 0.686002739262507 0.549747628887628 0.0430180208410398 0.261386676623399 0.661546401770358 0.589686096529224 1.13377652483405 0.0740822329865338 1.51595416831071 1.0815386392318 2.09268898474199 0.618909700805164
1.56197241601394 0.934527324859845 0.624173209977704 3.30939334398343 0.0228455126716916 0.929632642547038 1.01120955734032 2.36764190782608 2.8089461139756 0.0321919838808037 1.15226583790436 0.962848281932297 1.20096773419964 0.496003675608175
6.82046081926667 5.57723768278033 3.20801406199438 5.39158332794821 0.0165111689943062 0.97359153133782 0.96374379322663 1.97735549705155 4.62248970031177 0.100355444902044 4.53755541949151 7.06044124561679 9.62145685692862 0.594697624867707
0.461886987143682 1.89987009046178 0.199279855980267 0.204982874891917 0.0281787686514032 0.353144662014049 0.648414354971088 0.789733708966358 3.72673543037869 0.0560562719324982 1.5699015621143 0.466919472522668 2.4612773638615 2.87589636581823
1.27700836730917 2.1552386340659 0.391293923673171 0.414985266162862 0.162035969837296 0.838186913330796 0.876420340546199 1.56818018252007 4.79867842016506 0.0198537612848637 2.1746349623038 0.923905194331886 3.68972920125363 1.39105339011035
0.775913521783865 3.40739359312429 0.49858062417312 0.530473177076993 0.380926206367646 1.29556632410056 0.804695848283828 0.827527267080871 2.4751994255832 0.0107964830006524 1.90558306248445 0.910771856638254 3.82390580582518 0.425170851357686
1.06620048703178 3.95884373114532 0.372271427991945 0.381404086176346 0.0124893252403609 1.24286551619928 0.504114174508265 0.520019662107512 2.45121165536152 0.0115707362587443 2.49483627952561 1.05628833455929 2.74799865905429 1.49604043307829
0.67234697778357 2.41738834813555 0.32232698016326 0.327142195380641 0.0396480693174253 1.40904368973939 1.15049411323 1.01607687397217 4.25474376583654 0.00938289860776145 3.60639372429168 2.88347105695739 4.50333091995061 0.486831407053111
1.29452971843683 2.37201079424804 1.41283782612828 0.643670063821561 1.93971041115716 1.4256570564162 0.711540886221794 1.48064568287683 4.39001024377747 0.0267083202375757 1.92913241899447 1.10281697712028 3.29677998754307 0.842733874381368
0.942410134032512 2.40905329662691 0.351211025070992 0.289596807736306 0.0159156902605509 1.09963811303328 0.814419777968361 1.37176803323372 4.33169801525615 0.0220161144012292 2.10189208437915 1.21063203951051 3.12869679466564 0.499867185723189
1.03505808083976 2.41337756383286 0.279768180903823 0.255941453291575 0.028825000681562 0.858693030691126 0.342676093261869 0.497110822117886 2.3734704971046 0.0120510264266956 1.92557604244563 1.44657288882891 3.16386224234312 0.375905102883964
0.972856271229 3.62688855196646 0.314211381852391 0.451458454717435 0.0284085091727082 1.0387348579247 0.508139348326696 0.753638319041704 2.40294282326256 0.0379457541467582 2.66217523378041 1.34995412675161 3.82784797341529 0.319507584110246
1.05538494974606 3.15965567207635 0.590615607851016 0.530852139747274 0.0154654213441166 1.66574577398228 0.943328860063993 1.21128924934626 4.61160770068402 0.0267148311500043 3.53938544182858 2.08370288238164 4.09027728260941 0.39394787806185
0.858079988466009 2.73694494293057 0.334396383575856 0.339772447141869 0.0168158102903404 0.905293508968854 1.00106267387111 0.943231719720243 2.35440231219068 0.0421808282135289 4.30784929033364 2.77415635076961 2.271199597817 0.343222714363738
0.774262529385701 2.11813379519771 0.679380091806027 0.380453075042106 0.0136057101481364 1.23872232033266 1.35107512424633 1.7406105757678 3.5764666772715 0.0200651965974074 3.39276619978873 4.31325364883528 3.16373819976984 0.40192702977001
0.464596457701895 1.34459727969156 0.318857441861285 0.144247311595732 0.0183486939344504 1.3028028251405 0.901281711185915 1.38619741207013 6.0455580745296 0.0509044182443957 1.77046225008656 0.916475407837049 6.11891034506436 5.7489701475405
0.910990339722583 2.84431890012538 0.253551382565612 0.512237123334122 0.0333004083616548 1.44180449233079 1.11474719237598 1.24080656739669 4.92654592138171 0.0254689660458994 2.75465776093171 0.854656976557757 3.45680707535526 0.405471779963897
0.777572581296345 2.88404257049303 0.320895848098616 0.491992281084005 0.017309071439408 1.78374900042043 1.10756155001315 1.06253599303487 3.98261070629708 0.0885659204165517 2.09225922970776 1.78935956010397 9.62324786868632 3.00541477477354
1.7875614809303 4.34030110809326 0.258048632777059 0.529793373696364 0.0331878663497352 2.26439322900644 1.12915652533904 0.97608011013817 4.53677742787721 0.0876260508495712 5.00688450736465 1.78284774804103 4.51542019661715 2.8780427557883
0.671303890173408 3.1068212600262 0.30080572432985 0.405193963186134 0.0702333927618257 1.5974053200599 1.2625517606968 2.06473353726287 6.34706508106506 0.18848582025468 2.58125308477643 1.42240869397047 4.23156200559849 3.12598543301486
0.628257723851355 1.94362245777963 0.283161200152322 0.413526842786036 0.0202002259669425 0.705937832007164 0.490137363263543 1.27739679094404 3.81572447981378 0.0607415013351889 1.62166407071985 1.08404696665276 2.66853494509165 3.23207031706474
0.574944475381275 1.49530821784523 0.999789114921391 1.36296170458393 0.0222591311904897 0.965871184152013 1.56809286142018 1.52832669266913 1.93386209884153 0.0875556416459881 1.22243523925134 0.216555336905045 1.72589117255126 0.290215310187305
0.562525934135531 0.65852995894819 0.475780727256445 0.521596922312739 0.0146923448759307 0.925684615212788 0.729406474734831 0.813513064808183 0.685610038232891 0.0455437868824222 0.497508178625356 0.130283111724645 0.578672340215727 0.223345244677721
0.427592711874692 1.24710469392084 0.563102436311329 0.990829887103461 0.0330813976639807 1.98568140049296 0.706838139759639 0.523447266099131 0.460071663040811 0.0294982084726665 0.438081312078229 0.120221023723235 0.985671486341419 0.0823672150267337
0.493395826369417 0.683043270785698 0.537933961215072 0.713434604082331 0.0289633454036026 1.20252215539736 0.813260831448098 0.652177169099726 0.823972819041912 0.0503044394195556 0.893480856261187 0.174925612689999 1.02638992062629 0.100902335809327
1.62820871722786 2.87665487959734 2.16826485662811 1.7812604423678 0.419613360560278 1.43133050796638 2.27604832490298 2.18853104629059 3.8557148807443 0.0255926852836933 1.73153885332602 0.18103721047984 2.91609908225206 0.101698852725128
0.871968249176383 1.08571521538659 1.19218993400454 0.969222631084341 0.0150145046976335 0.815865328332372 1.07660541137637 1.28908759713495 0.857111154475054 0.0460477432103204 0.633681068950083 0.226133986878397 1.69220825564481 0.114410367294901
1.41377942831891 1.73184180074827 1.36959889074009 1.02038216237738 0.0150244622092416 1.87659370034854 0.882382602722769 0.637338402144388 1.14553227227129 0.121207632518234 1.02957651896034 0.146354110292745 2.72343749863396 0.176727551770886
0.960301389599873 1.50393932602423 0.915183768320678 0.667912354264958 0.00803107192151239 1.28554572334691 0.901504097744869 0.623040071430528 0.948836227325624 0.0725575934537657 0.759577763013689 0.129967575763551 2.31608089246701 0.149212365566715
1.74904458527441 2.90671140161559 2.02148932040019 1.80172060099678 0.03395311588253 0.943988456658063 1.63171240832364 2.12759379124524 2.86020910707593 0.0532996953911983 1.75678188756714 0.234488097831719 2.6076489966298 0.147686709887233
0.655628572012367 1.24509169059679 0.712485299540113 0.694796065127772 0.0150002915225638 0.913640470527746 0.910642823881028 1.03380038604083 1.18911556330386 0.0456406495964252 0.713098227842941 0.204545635931025 1.72352620879584 0.125960321438094
0.92521063594886 1.5010942518033 0.959946169251299 0.795837378637028 0.0145121591829212 1.10923599817993 1.0833216199484 0.721602206962123 0.767027559970276 0.0951293585660992 0.781784178593863 0.251828389529372 0.960641980982788 0.193294141411842
1.56102373987104 2.63892332795471 1.95691510936767 1.52798653102677 0.0095475526106982 1.31471618957532 1.955708890235 1.80715907931726 1.78111609493814 0.15566785966278 1.52459355518876 0.478693743873953 3.0245021289057 0.250214934668517
1.20227321886075 1.97709871162292 1.51075160004198 1.5849720345907 0.0148062922069427 1.27623339501176 2.50526074849713 2.57417279138071 2.55688447615477 0.0828832348571265 1.38407472148367 0.357988219158865 2.56717813403787 0.359905024717314
1.19097119792182 1.33654987588246 1.70157387538199 1.11769884617696 0.0211380033054882 1.73109002623634 1.46272328267687 1.08930528251264 1.89192918375092 0.0747647481869735 1.19755778451646 0.179684442009919 2.4203267877642 0.174048741051243
0.742854422213595 0.608379798761653 0.907590485376455 0.420079591397205 0.0136041845591175 0.683694637513033 0.66421389916534 0.725226527004859 0.888119917630862 0.0578199023144494 0.885409522480818 0.145236474929064 1.04393196059667 0.119571202701222
0.639606563374458 0.993351868194988 1.0241786872506 0.922210838193075 0.0137939923275364 1.13578776391132 0.856076961692304 1.16996925912036 1.68911436667852 0.0485603701863105 0.490890599356018 0.106742200012585 0.72373863832561 0.160550718469838
0.846632852737937 0.856610398968394 0.676825012643408 0.450543027535493 0.0167650138340211 0.814529732505163 0.439517720817893 0.50921350196698 0.610172632116627 0.0453478643074327 0.502727147154416 0.105970415330753 0.823387278038676 0.121988171756561
0.655573949619977 1.67703788260124 0.720752397979906 0.750323914969852 0.00929893387635217 0.672534773569855 0.737286757712535 0.847021433483015 1.34148501134861 0.0450246568715556 0.56370639718864 0.121611958882546 1.4279735254038 0.085488596097676
0.961160249521543 2.15524027776388 0.839771829886548 0.712589703829974 0.0115847620358113 0.648915627474449 0.995541312984887 1.10820964002265 1.42911306353705 0.0520946196759918 1.17760013102452 0.103230763195547 1.73058140649903 0.141106279939541
1.27799663422253 1.11818999431692 1.14712658237238 1.00666287077857 0.0260203379562065 0.998968622531927 1.06044886183346 1.30995088928758 1.44594462328197 0.0372356585241321 0.868343311294431 0.222709190713923 1.89797605967876 0.106704342717047
1.38211837593263 2.46893914847408 2.01230191098876 1.37167622540656 0.0336292221427231 0.59631676444052 1.56893068961295 1.24443576096439 1.41661850767418 0.0687472633004715 0.96763395684083 0.230690910172675 2.25775392023389 0.244222525582713
1.27407775256751 1.27438191584042 1.20270698497246 0.926641651140251 0.0226653003786995 2.20809242760492 0.628277033289558 0.900973738870996 1.26003657812524 0.0649264225256405 1.08267138978783 0.154587609916315 1.86967775729452 0.152971165435732
1.33505020306482 1.66019402248996 1.14572560301419 1.07140268670024 0.017748538223931 1.10622536916664 1.59692237911901 1.57756095659662 2.59793416795117 0.0454642117423548 1.4185796166773 0.27791085215832 1.96658661239796 0.199379920987242
2.29506894228532 4.65958970703151 3.0177598902627 2.58912145972 0.156086754299229 2.28248610776217 4.6323732059998 3.63459066414132 4.33299705792593 0.0878858682899597 3.61284424871702 0.31017487311992 5.46247779928793 0.275039726593682
4.11987486135709 9.58511799685544 5.83805975987839 6.14552647094525 1.07662419108128 2.7479937153422 8.00042343642614 6.88451187184854 8.63441929706477 0.0944488724704354 5.26059787331813 2.81000894988254 10.2602997352871 1.54120588954994
0.696273403059743 0.934954874185939 0.985686492004683 0.685551696305731 0.042139687387109 1.58486042523839 0.910457458224087 1.56219422216482 1.86887876862428 0.0823860746731351 0.660785707831323 0.27612802659073 1.05139076126569 0.139667086258195
0.887659268052666 1.75258037100709 0.863624019644296 0.711762012885396 0.0194071972931017 2.45219686626761 0.553507680561263 0.978448157595015 1.0628930622517 0.0723308747426127 0.838401413752602 0.0465375088591667 1.53259594581355 0.0823826004100932
1.10826096458665 0.406993076547964 0.464169469706703 0.139021956613812 0.0786624479896924 0.0792640617970039 0.398183093639167 0.330380231683535 0.0783690779058104 0.0427940593736819 0.80431673937305 0.708661600824452 1.13931376537963 0.0826353516381254
1.04989026461874 0.397989031441693 0.467316311983198 0.3732937937553 0.0270474059041398 0.0823703321362433 0.315350059761302 0.301058781729096 0.105707104228722 0.0510049728039627 0.949650876829888 1.00729466657703 0.988306772144843 0.0452761762692574
0.875226622010074 0.442515459662473 0.501418773002769 0.267572336666274 0.0286087510973571 0.110270040075189 0.372749833696278 0.481634029354818 0.135608193471833 0.128891931181871 0.967840555289683 1.0922630543859 2.56588238894056 0.0360101492197596
1.00533264505287 1.24389088221242 0.401941375070451 0.145243059837186 0.0197694081955031 0.125381153969842 0.277885060008627 0.40668267374259 0.184057918871511 0.108768560655616 0.788007798806611 1.00840700603891 1.49800811470331 0.0269992712575784
0.56004295524924 0.630685442913895 0.389444341737427 0.0648178421646646 0.0124449597689436 0.0827434685144123 0.348123900682852 0.317384844718476 0.124894305228417 0.089957368014629 1.05079985432997 0.799801715017041 1.7514219732536 0.0620498224417742
0.690440600865759 0.437966379240312 0.469689557630944 0.116314644383595 0.020231193338402 0.115697364212288 0.199583614058696 0.534940356589558 0.10151108598908 0.139293035923148 0.948392597349842 1.1430061025312 1.17343375145662 0.0796252375888515
0.794147858646042 0.603374639972326 0.330276439122366 0.150797395973555 0.0301019191216317 0.349400799251044 0.136297054774113 0.171264610270392 0.127277325120065 0.0334559588315444 0.514547495467309 0.564764403292035 1.83178374181744 0.062906349804374
0.136725804343639 1.60970460704292 0.465371932163363 1.35372084114137 0.0477146750274272 0.268405403299713 1.70264894744344 1.39941904926369 2.30596430797291 0.0185303503225509 0.776854792472891 0.935065978227987 2.9530394174601 0.507896346123955
0.29477291753082 4.31035940808751 0.83403234212103 1.62533658577294 0.0200326231875049 0.714356326345049 1.81254378756106 1.46242342706709 2.34619141648638 0.0135205003750155 1.04391038300701 1.64065163681774 6.61655580868251 0.607843074995767
0.218234246859113 1.88528578508953 0.917369313379704 1.17606362017623 0.0213880073685507 0.61503767174196 2.17677584533311 2.74651737332688 3.96255421570633 0.0213719774444609 0.87670945279555 1.34877024046978 4.21745072349049 0.470484538332646
0.29619025288572 3.56700024446981 1.29422202630857 1.75337906376116 0.0315939385603912 0.681982718614325 2.32389446688362 3.24700556249315 3.50887339952341 0.0150601894123968 1.49888199639116 1.8464925855129 5.11498757032967 0.526249782263281
0.275997797792644 4.16307628073873 0.79523312967293 2.09215711226406 0.0332782818172294 0.923011399540627 2.19100011026899 1.41058659894669 3.62023447382952 0.0137617586413316 1.46508878153672 1.79176643227926 3.16671331151211 1.31040483620941
0.328229652961835 5.37527075715339 1.33170431414008 2.35789693608882 0.0300709292914081 1.22105253760799 4.2547921324037 8.1168060782215 5.02408943245651 0.0234122115505155 2.00974034997934 2.28857485621468 6.96507923439779 0.949848009115497
0.841478355151664 9.83713137853539 2.90947175579041 5.13818951736292 0.0349332945956896 1.19618169232704 2.38689987829805 3.87442791371796 6.46564484807918 0.0121073590682266 2.87466402202782 4.41631709590174 9.24130425046429 2.88556054780079
0.645316364957041 6.3855235033325 2.50244272263181 2.40545370007104 0.0280265517425436 1.061982921297 5.5810419434991 5.14822019121415 9.50096255939125 0.0119351582893065 2.84451970201662 3.26328228482591 7.54492633718995 0.691355296144695
0.257463287023293 1.49902828048808 0.622553653759862 0.627629254608622 0.0330390275003343 0.54104065069962 0.979570542760281 1.03049069525826 1.77104636516253 0.0459508435337339 1.12383794012595 1.69837744373575 7.55759772331444 1.36952783003652
0.791684944650275 6.78250721694153 1.875532798046 2.27851921030731 0.0218176258788719 0.827454750174053 2.18639818692384 2.29547723361636 4.05752296088404 0.0265254050700673 2.76662302312535 3.25040928856757 11.7989464437978 1.30611014256749
0.270147519362956 2.93619752326177 0.89449458270446 1.49722656635246 0.0386785792657382 1.01479125564232 2.41058821190399 1.58922108850518 2.64397335260821 0.0341010510263041 0.953654369039916 1.18772520543231 3.16511006358047 0.857041199384571
0.37657663706821 6.34601613201698 1.62418888630827 3.65548015345594 0.0225280423827143 0.941056573187692 2.36007217227575 1.57917165356004 4.54978127021743 0.0184364408130031 1.82598171283386 3.05982605143797 4.95944532464359 1.14362486582091
0.511319900154884 6.31676910250791 1.57748098717514 1.92908990656359 0.0333214304069454 1.77668428434385 2.86577379478533 3.41367751102442 8.03325433672005 0.0455206907758073 1.8589344688967 2.6077169252433 12.8326963295484 1.05072607714188
0.382054965989016 3.22039172757167 1.25096653903746 1.33990472292368 0.0249485837705611 0.752712401197623 1.95565860277827 1.97678720596655 4.93086306809039 0.0528594278933493 1.52591602662279 2.35556182209955 11.9713774111378 0.678177046215662
0.377225883403639 8.17783263144589 1.78655976654793 5.78031832666649 0.0350204076077224 1.46069173157724 2.54277532388035 5.21473106484469 5.9564029329143 0.0105170949777734 2.75116250526696 2.87032463560338 7.21232586587488 1.17065179455241
0.402560895309347 5.72660290662392 1.3568938300938 2.49997712786167 0.0453502983014349 1.09396104944592 2.41058059466895 2.21802655352008 3.26891277479237 0.0211901117209466 1.68566792666565 1.98762934407444 6.51396607959076 0.426503657949803
1.48418258037452 0.839696754642731 0.6524108786478 0.697192133375397 0.0379737394251106 6.84079593356884 1.94970706382609 2.02814419024646 1.20618037428162 0.0251915685226741 0.909469110118343 0.86904679663123 1.2032457964371 1.67425370837638
1.4350002204445 1.20752271547516 0.897696000537108 0.517641763842835 0.0350219923083213 0.377523217094592 1.91570187986818 4.14423335874702 1.53444686720332 0.0502551698601836 1.86521911207442 2.40693689203531 1.86317412786243 3.36508343917401
1.92894821566133 1.04859480124475 0.893281833182488 0.878385292609378 0.0213871638142747 0.640372496488629 2.34460293532969 2.7510976245461 3.43195131797068 0.0205182078644478 1.56642846841194 1.5645195738665 1.6491415968766 0.569364728621656
3.94811704934305 1.86601967744628 2.23759869696758 0.695273186663808 0.0193006803373897 0.646653974244203 4.23732331600241 2.17009869820224 1.57828798609572 0.0388673150775803 3.10464877590434 4.62213298743815 3.9055142942601 1.11145155819528
3.25939958508466 1.5687798732314 2.01546940749216 0.883916112784948 0.0438164654991528 0.880686026164783 4.00559374697584 7.44164068149439 6.95177725041156 0.0256146426788093 4.47759839567764 5.58661696566486 4.65720636472557 0.564635222447848
4.89681149714006 2.47371638839891 2.18801228092342 1.09049237453934 0.0158961685132935 0.661621995230503 5.89282626521516 8.6474069595663 4.10625985442545 0.0417339669138186 1.98298170065041 2.05893901558178 2.41744698665987 2.37742618876896
0.982223905283443 0.770189842780067 0.690880110752742 0.702180620522215 0.0224123712592293 0.386407073126318 3.88399122344059 2.81058861807218 1.34847303635505 0.020568979353353 1.99968375370807 1.8443621504775 2.51269166717251 1.05553943470522
1.74984127859886 1.66691069847889 1.03793268091276 0.956345532302432 0.0189960404815531 0.49557087648881 5.2964608859581 7.62832260549304 5.14532777842951 0.0408078405685698 1.95061086966928 2.33326532636872 2.33769650073013 0.864304341960988
4.68806960130124 1.78113064182685 2.55077098027766 1.7944351984233 0.0263075880672732 1.1926111792286 3.09176907236682 5.86922689540865 5.24730171117044 0.0323696331604922 5.67196832879131 10.7247861460975 4.46736630572352 0.681704351827611
1.93201936343205 1.25903297727322 0.80792919162255 1.08173834568137 0.0196789767064097 0.796954963614724 2.91429284990124 3.66384115648349 2.04072258001076 0.0293556430610063 0.93963096190444 1.19662430911663 0.739338340103974 1.06345418890995
2.39892883419973 1.53753823305644 1.72218823273833 1.2355608096574 0.00838858942626737 0.782051714404813 2.90998402606081 4.15752052203573 3.66324341543692 0.00998665915356332 2.30123539610792 3.21549079357419 2.63252287171163 1.02613181013199
3.2671255251847 2.35961340098248 1.93220695952273 1.34204947888283 0.034647299456495 1.40401666000779 4.09362746634485 4.64101990445741 4.64964909716531 0.0199800300177894 3.14922802096657 3.96504457312978 4.6718632380044 0.664903952659343
1.74986590803872 1.0017424849784 1.33609052666724 0.756999612381378 0.0136427987795103 0.396054294759413 2.50663314130562 4.47183309955414 3.25929709432308 0.0415817458934623 5.65411341426804 3.44073849845094 1.3193630590414 0.389542820106678
2.85348055839742 2.84569154431644 1.77267521284109 2.01535856676947 0.0294056219683378 0.766287471679013 2.52863695297944 7.84003038751364 7.5528736087051 0.04070650588339 3.96233834799797 3.34808920909703 4.16623400168201 0.508153652739959
1.88393528381496 1.42476998614573 1.57904873878274 0.730282554550624 0.0181862004474372 0.851340424414648 1.75314707502531 3.02070800899982 3.57645286395643 0.0297336989081757 3.62579343619799 5.52201909373134 2.40481227492661 1.19689931424106
1.49833078791402 1.24356925266389 1.00990993928683 0.69544743339475 0.0127598597908168 0.759589952296524 1.41478915808717 5.09062633926965 3.57624376394256 0.0231815974780298 2.38390020287199 2.52451023676973 2.63205634401871 0.706254179297759
1.33691345119849 0.90476530609292 0.698213203638293 0.587566420723634 0.0226792234169086 0.884609794559334 3.70380876981244 1.51619540526871 1.23891524203338 0.0295414582737417 0.976079701957727 1.14834368675661 1.17777536111486 0.393734013347598
1.23763789884596 1.04086374071955 0.778780938297528 0.542279005700492 0.0273360557561484 0.354001690829594 0.92211020319279 1.80605365333886 2.386970042786 0.0220153946669708 1.25898697610539 1.16081265497967 1.26691308123614 3.1975546289456
1.49386495999622 1.16016636016644 0.928093535466982 0.659930672589945 0.017363838627821 0.802407873707763 4.94345806495994 1.69501540436395 1.63620817956984 0.015277710588539 2.06400474215401 2.09700638876279 2.48366424762506 1.51832322568892
1.92575651121002 1.51263016526215 1.03254820337429 0.651149146349206 0.0217036791996778 0.264582262161691 1.23150637830605 3.63814512062662 3.25328942884849 0.0199683835634199 1.48035076284918 2.01641479739556 1.64157571596854 1.09100557726619
1.06302728051946 1.22883220098083 0.821450658787287 1.01768511741991 0.0245465182612783 0.361692220708862 4.05425432362237 0.310399012270497 1.19653437424984 0.00594999993909668 1.66296733531136 0.366017392671882 1.35189404869004 0.149344435311493
0.947469476688746 2.09517697825888 0.987318284111055 2.29129639198658 0.0118796846901489 2.43989412251409 3.02851502564533 0.388638486780909 1.62522148278652 0.0138525467393372 1.20940614366657 0.153730718707392 1.77290461126924 0.149344413329854
1.65629116346774 2.38921649393523 1.03825362341613 2.3357664355737 0.0337496270889109 1.99542649542937 2.50161364292691 0.827594112924127 4.95882441346826 0.0104310168818257 3.27147774638526 0.326313643776705 2.91370693548949 0.219252466384531
1.00594675482524 2.88136399525604 1.46240914602996 2.86683157172835 0.029657246045633 2.64664230274888 3.70927759802335 1.46688161248044 2.82151263685877 0.00402722633784739 1.92313006353699 0.264974673883667 1.96776787034421 0.0984720197695921
0.379552335314642 0.994795159534668 0.353246589919268 0.758766591023679 0.0216413485631521 0.415471820200272 0.822620025905405 0.568324412800223 3.72060798262331 0.00314175732550329 1.87987367542371 0.156166535724471 1.8126663156698 0.120056509150305
1.07503801298361 1.32994049672893 0.604058358090487 0.974129122026298 0.0245694538675903 1.67142254893618 2.75124605038629 0.551288774081773 1.10925435349502 0.00491396791042209 1.32274161032261 0.148144751853723 1.33304315131796 0.152881504968581
0.824980629070514 1.58342895864221 0.567398128890895 1.13737280589229 0.0115806780446444 0.313991936844423 1.16771088207758 0.443381884866572 1.09465402489984 0.00644700962798783 0.955177245641692 0.164035263472251 1.37896869779061 0.153091367127969
0.382955804720084 0.88431004520568 0.208191426375914 0.624997315005502 0.019712336783033 0.310689285726478 0.32803540596405 0.176854560880649 0.649508530014589 0.00340650796462098 0.498561678692392 0.0796183855847068 0.539306179186322 0.0504580101713931
0.439417082327928 0.536963877813713 0.316459061390949 0.392301117930515 0.0343157252803434 0.44943336575903 0.770412085627872 0.272302870127724 0.696508238205774 0.0146011257393474 1.19829416902881 0.159663120811482 0.879479446796521 0.0963007049260452
0.51363442238492 0.803189641017943 0.51938389552515 0.704259988557149 0.0189048204822337 0.944614682191161 0.75247354853838 0.486139282947462 0.907449563135881 0.00597040531383558 1.2347160758232 0.127647710380368 0.925563626567634 0.0913592086741445
1.27665109218992 2.13037260153539 0.980236961812217 1.47602559633444 0.0231712115450896 0.807634308974618 1.23435197453123 0.747037746435676 0.985182431312713 0.00343890776367589 1.64396422723536 0.169782178050395 1.62498643343085 0.168711087152804
0.696330552782561 0.508037292446078 0.233289513873605 0.146102297388099 0.0475856428775689 0.202651094997295 0.717401449024801 0.643099096187315 1.20774498226207 0.0732817736399339 0.394890251632957 0.169434456487042 0.570954007806344 0.0828193133504056
1.16150910914768 1.51430788918831 0.196178461157381 0.0588588335104417 0.025078940298781 0.0849356213336663 3.29371023766923 0.698138325393228 0.596787535559695 0.0787073516891037 0.28988960557432 0.134981419748388 0.791541963068703 0.141258181336486
0.587814090519491 1.17481874045787 0.124512232692265 0.100483620025387 0.0336712579327326 0.0394606490723404 0.478772159227759 0.335835850529903 1.32209363322411 0.0672637945758182 0.237575504680047 0.191645215915149 0.790548360960684 0.103887830005336
0.556057123777342 1.65070697460641 0.181078154539136 0.0849456021713302 0.0295659259765928 0.0815083811298419 1.17966360889791 1.37413157428094 2.08385542340814 0.0731763537885308 0.23065199597442 0.144653484132015 1.0634436500068 0.136336201440743
0.977129493851262 1.61184220532016 0.404515078975844 0.185782281407299 0.0286488588100345 0.173865201599324 3.47984849317026 0.372690859348374 0.973254398264793 0.0831625030455183 0.333111175513527 0.201187976018359 0.877422773084485 0.193172172847086
0.526302777932613 0.391867188305734 0.1147767815764 0.138245626382149 0.0204279937505613 0.19962145998071 0.941219675487391 0.844890467024616 0.872995481201941 0.0370874121719464 0.149851299791243 0.124433394406887 0.58907403523078 0.263521695323315
0.821719040174532 0.855272010765989 0.198922067869317 0.162760647697191 0.0382942428218498 0.152602175142533 13.639496713399 0.928651940731065 1.48729177516735 0.0331624758030254 0.207290463681584 0.154945147577126 1.14523350631576 0.103043474784204
0.468678905535584 0.26604118386441 0.141444100671566 0.234644891795829 0.0453293109342854 0.113181130160025 30.9481503483356 1.06690269289338 0.496416960868177 0.121382367904339 0.157611270805401 0.124440824926592 1.07723995187386 0.12393584786011
1.77307268126579 1.66330776474143 4.78432394468518 1.41138726996488 0.61136406640616 0.521433285081172 1.2227247185602 0.988761526358861 3.27174476914018 0.0338348615932212 0.34524284455306 0.440998246545648 0.454509774944664 0.158005105347954
2.39710189960362 3.9867959442393 13.9526692813042 5.5098343468692 3.4409682236381 1.42131988314424 14.8571301769156 0.661012174199779 3.66348505989642 0.109484157884972 0.317847071785246 0.548773441797259 1.19176053977306 0.339079824930075
0.705699459048855 0.45970221356852 0.124712101199237 0.206280522949605 0.0621204462359375 0.139768818232954 0.595095269623334 0.34576263276393 0.663008762690696 0.104450733701312 0.14695330714962 0.0703399774295888 0.680759922911869 0.112400406668319
0.640922320964066 0.586270537258961 0.183377258106187 0.276691377101308 0.0253639473696862 0.150444457470221 3.76578915223034 1.4500951260282 1.39753454134809 0.0496582508877255 0.379187518567896 0.22040869103359 1.42793630765654 0.127260695457822
0.823289447974695 0.793087086885643 0.13087645245211 0.237277097980852 0.0288845064196954 0.10134404460401 0.600007475795299 0.67639571532537 0.948284201929516 0.0311327249139491 0.307745757719982 0.160479425972312 1.18673361431931 0.234717613361721
1.17612592601304 1.1472278863824 0.261799933752818 0.165985832881832 0.0207549505412536 0.0985691753105266 0.650474550371814 0.707601034191701 0.539537359912994 0.048899566882438 0.232226415530172 0.178705482300798 1.18431051731883 0.176339440461171
0.949269999827205 2.03559354435734 0.208827544534152 0.523907162392232 0.0229421576631891 0.416429884726853 10.4961037106389 0.517045082226338 1.42186744230235 0.0461563764408449 7.49077067951183 0.115700317080285 52.6431579454309 0.258204220907452
0.6967583461478 0.468318269969408 0.259441144144387 0.171557331549053 0.032365245900362 0.134811234694897 0.958095030324209 0.852461938258597 1.07257849665102 0.0634241382775399 2.64775676291633 0.146413278213007 1.34542900879737 0.342779455232927
0.487948202130367 0.811778568187009 0.184066017247481 0.0829404835124549 0.0191692738008976 0.078540955615752 0.767150892159352 0.873501322920135 0.895808221148305 0.0817132789322443 0.233436577254146 0.128860066713937 1.66565930777805 0.138434421859859
0.355621304744079 0.295668865640101 0.10872854374996 0.151899313534326 0.0221615388454493 0.102330313998978 1.14581215244049 0.556584510431824 1.25225599327924 0.055871080975878 0.177486667410918 0.0548616400678236 0.42502897641079 0.0786797076557575
2.42853901696907 0.517530899224182 0.724185002166587 0.398100192848812 0.0134953855740659 0.0523658756982294 0.671193099285089 0.831545524763956 0.84981669951865 0.0383464527686353 0.628768989262128 0.392866321164955 1.38604112606512 0.378439439549968
1.1661663501536 0.363610184605805 0.389286366228833 0.132917436012104 0.0115712034170227 0.163296987556165 1.11733244335449 0.950076046097377 0.844523162378549 0.093986825021886 0.264782980555024 0.120692997888758 1.11589242263037 0.142448960657393
0.852898165468828 0.425615536358412 0.184665653107636 0.364374740870564 0.0368712240609315 0.099493559717709 0.759612057380176 0.357891901576576 0.995927270537624 0.051307765781273 0.123438867275611 0.141407115606949 0.924408399017993 0.133224030988909
0.957250078909556 2.06245869961084 3.47024994192923 1.03100603671412 0.454240329286915 0.240461751311507 1.01556774591283 0.600016007982749 0.82600026520381 0.0572473017279476 0.12147608438735 0.225055687964593 0.302806726152242 0.153922483739152
1.45831630476134 2.76582442852122 0.203727986723091 0.678628355601239 0.0394770382485391 0.144801531623692 0.571701897110762 0.790873872667102 0.681500842724382 0.0752402010388114 0.487457583803985 0.12370070366794 1.04410828214056 0.248709961385539
3.88815366661705 8.06819368223779 33.9050177742201 10.1610155919648 13.7658914990672 5.50934862769436 6.18097728345878 1.07119476992759 9.78568755040314 0.114066993195646 2.79940807150439 6.11403327820129 1.98990613313529 3.18152725893953
0.721483024299374 0.451910164764466 0.110977067260798 0.149075604581568 0.0168360906021104 0.115586493015428 0.793655902700159 0.519011980301316 1.34528445948357 0.0300952852104676 0.196375237826192 0.110619577357828 0.780728064736705 0.177482384254706
0.578820157077719 1.50800153765654 0.115192867827463 0.0668362550430259 0.0244537295008896 0.117844644712102 0.623097159197402 1.01160542453677 1.11082023649707 0.0574048248470092 0.168067167083532 0.0512405266368414 0.678362374708953 0.299028091750656
2.28407650079691 1.74841568008032 1.64179688132547 1.37862926230232 0.015148181303452 0.0979082125119295 1.46944878083044 3.06452998992422 3.67262845757436 0.0377397984175488 2.01971521802235 0.525972944472802 2.58931296194135 0.880943667726521
1.98592878444235 1.80146048108622 1.75878859953114 2.49752370322406 0.0123291460306246 0.116157840514102 1.31092962638837 2.6270105529821 4.98473879809839 0.0625134842464989 2.36622189658896 0.897738221159293 2.67442735528493 0.417931096124711
1.26555197545912 1.18854009992397 1.6850608222038 1.26826025044713 0.0270155320899073 0.0561671719437962 0.430337576664069 1.224197337787 2.62946098306477 0.0482707674535156 1.54334242350611 0.851258671008246 2.88560496420472 0.676418082217323
1.82195516399513 1.33313047442447 1.98719414476688 1.47754383592845 0.0127582550218094 0.102411815085423 0.884678656006596 1.75236755377771 5.12864366428076 0.0463333404162885 2.26522256597115 0.885139533888447 3.28963498741515 0.401727788106878
3.16624271187017 2.41355365457738 2.70187044175344 2.68579429032095 0.0359143790387554 0.167361142053654 0.796832564812429 1.29039660648075 2.83502060749605 0.0270558161572303 2.61136580227411 0.809746603017964 3.14410857018892 0.755329312937657
1.17582635704725 0.672383286680791 1.11347524711801 1.03582432503524 0.0195228596224686 0.0993861277733364 0.470403654621744 1.0161921446115 1.28150379865135 0.0506860360090902 0.499641835228275 0.445942399780255 0.627676108868192 0.358428854308248
3.10582899810682 1.08847132143871 1.49835145330201 1.08533003644711 0.0224311116264967 0.171085656237272 0.449428471940196 1.08445721331239 3.04011784412297 0.0383278835021868 2.11804334990044 0.653324105123824 3.01787432300443 0.660927028784959
1.11353182763509 0.984977954930139 1.08806178675464 1.10153203525126 0.0201381747003147 0.0904615921432473 0.692970039013672 1.30784382345133 2.33569683227704 0.0177428288401331 0.914880549833743 0.467203361795145 1.67682821445223 1.78358941505286
1.4267209145579 2.26821032100515 2.26566145403454 1.83541667458759 0.0193727631701817 0.110996304518807 0.53150312529974 0.719508161683289 2.4472900250339 0.0489752835326067 1.67483397329494 1.21755702536988 2.25503466045759 0.721643701316771
2.22021363769215 1.63276454885317 1.25787411899817 1.79005549103364 0.020517968977008 0.142499247544532 0.973235823485997 1.02866788439348 2.82219846961099 0.082034536480734 1.96559719195859 0.638185020629899 3.20625816329485 0.325647259093309
1.50753823220231 1.61282497718126 1.15771481957167 1.56490265873481 0.0294114323576282 0.206781206859486 1.33346272006947 1.08301613781209 2.03205556881361 0.0618504559076763 1.80119267130569 0.645317270202427 2.67993940523633 0.218116232615123
1.6038477433666 1.28444927150229 1.37850135736163 1.53176247356018 0.037759434040009 0.248916538033984 1.92992099400255 2.79224431860221 3.48385069720544 0.0398568861477832 3.08651136101399 1.08872870295911 1.68702883779157 0.892965680644193
0.977378240680491 1.40797635873905 1.25299686003367 1.52624577543406 0.0391637534132523 0.0685163725055727 0.7570098588001 1.57153916362089 2.94718758010712 0.0487984640109386 0.883795783123276 0.359723618139384 1.27018141544843 0.281291574897887
1.29563414199914 1.77879242410665 0.869620978035193 0.978340664790201 0.0168392267436677 0.074782883533667 1.0383975667928 2.01455208468807 1.58377420844941 0.0894485131513752 1.44861035626759 0.402234794774446 2.48092364099271 0.413057087649525
1.22813684443541 1.10177186743757 1.26389852326295 1.17934815266812 0.0153327283330774 0.123410076124325 1.89568322344496 1.55035381160588 2.16056152182012 0.0504837376502441 0.725724980506777 1.27453484354251 1.45945621318369 2.63604129598816
0.722398624870067 0.130718304332298 0.931197683103585 0.281435716855082 0.0568438142456616 0.0526695779208885 0.392454034887707 0.0762562550342056 0.170736919232385 0.0312951030583372 0.0694777044554248 0.612011574674044 0.909882406115853 0.111675551367655
0.906857443562074 0.390837744761 0.991529928989386 0.157790377819258 0.0235120658047083 0.057082416804202 0.561482671358525 0.0547363901764097 0.178735540154725 0.038226998155891 0.0905642111720211 0.427194042748651 1.15541299549052 0.0621781542758868
1.71325449518912 0.533680844521834 5.92835160296179 0.492327464750702 0.0252112836476837 0.118143099284689 0.955681026008148 0.101611706402063 0.23131951944051 0.0326903810229223 0.103956912914431 0.740719854889449 1.45156922067227 0.171389029245136
2.72014266846672 0.365042488715404 1.62010938482923 0.313265608696728 0.0187760839837047 0.212444128979073 0.732536236047466 0.0852826445173942 0.283443249624735 0.0250244114432972 0.127289269626427 0.756790801767204 1.06342391022985 0.178024549242026
0.503942657939393 0.32445271842955 2.03165808414839 0.21592582578975 0.0178737856254052 0.202579812583535 0.583168282612075 0.11938569201435 0.395434719529251 0.0257512913467049 0.13957402917177 0.353129962736093 1.15949186387125 0.0931951407534812
0.739519944256589 0.15030446940211 1.01962567264649 0.308997661075621 0.015479094265224 0.16308001161949 0.576320590346732 0.179294963992865 0.267786451545969 0.0269184559883385 0.133262238920021 0.654946122846218 0.638185651315523 0.106341332193115
1.68268643381752 0.342800089734716 0.90606330817996 0.14785383625657 0.0361240597493194 0.121997095794819 0.444863178743507 0.0712829920544949 0.12879014304613 0.0184782224103052 0.110109530506828 0.540124348505447 0.811765011295093 0.133233951943549
0.979347828135658 0.412565962634803 1.58931583958239 0.682039679432554 0.0255632476394735 0.189209013342453 0.6960043962975 0.131457864524253 0.306922853297348 0.0199491471916441 0.173926754250825 0.458177118558408 2.43379222780045 0.162841171717277
1.57989229115306 0.270378280734741 3.04532065448237 0.477603636116309 0.0271075969466698 0.35992424160099 0.705258402145974 0.118156449973166 0.237048343958669 0.0233800985029955 0.160017508233399 0.693308289702806 1.35462115209743 0.203219093468384
1.4148989713496 0.407735906186643 1.59624191591282 0.852685197840265 0.0120957974620544 0.125691191802847 0.682779396471162 0.119201887472878 0.152739491675337 0.0294815825045394 0.127969222295673 0.550736939135149 1.37767352929058 0.180205194165284
0.765534070772639 0.40150269985514 1.07483631481407 0.935855666160569 0.0576522181240421 0.245661957472809 0.885959384630294 0.0784001956296949 0.242219465836758 0.019949625791425 0.110288093777681 0.822222250473873 1.61540128512227 0.338641742652765
1.10620866260466 0.283872574866912 2.40995418850532 0.254932942626407 0.0312322894604438 0.126317789691026 0.611825647509801 0.181531223776301 0.331526041843924 0.0404400484418205 0.0957413614836438 0.771975286454359 1.14483870189344 0.146115959348119
2.91981645950905 2.03632620746647 1.83847178288931 0.742026371359178 0.0219677666297926 0.427945531634157 1.05178418378243 2.78364123138314 1.12103775994421 0.0193572435954265 4.03385613864281 1.55520961472285 3.42967694378587 0.190795388776498
1.76399819389216 1.19449571317123 1.28518780452448 0.524446687907856 0.0166311228265549 0.359531707228267 0.492253211747738 0.871351131052908 0.316523517683215 0.0243175070285563 1.93429804752484 0.826553960307672 1.49411330101975 0.190536591168303
2.51848272652751 1.64531697226632 1.37448256469455 0.428931544170433 0.0392311354392762 0.502062614079648 0.975911441394556 1.86643854663459 0.485064120464069 0.0206892533722963 2.8667527508979 1.70028783247374 1.9615242938065 0.276989337923871
2.17952054086861 1.42171490600516 0.948589519439677 0.32971651046 0.0467125426418101 0.398793652767879 0.949517966643802 2.62826767867808 0.53702487491045 0.0302890686108993 5.51780926740882 1.65805642861765 2.39064171768413 0.299545507185164
2.13381583087472 0.759230167009225 1.27493692135214 0.310715511229422 0.0152220231698768 0.328221453357891 0.591481638399044 1.92965265636198 0.88144402314844 0.0273989857189532 3.27623139653978 0.900195224473453 1.96416599509294 0.186135803168894
1.19584527209838 1.37105329288022 0.588246169515842 0.313040046964038 0.0186953702926135 0.320643003052218 0.601366783828903 1.22327728504662 0.592084456333442 0.0391104684714021 1.92056506157386 0.974788895244749 1.31038531417061 0.181943724514674
1.4143241461758 1.21546208220084 0.849192076937189 8.79545545635929 0.0260606936208434 0.333033154659858 0.794129968289322 1.88995343207011 0.520701354016687 0.0290660379185384 1.62392864787938 0.736538768912171 2.2369833347141 0.145098327624104
2.0969412500033 1.20075543201284 0.961778765907323 0.531759374280181 0.0189027547704171 0.365138122917778 0.550914784305548 2.05622563492721 0.667432189936922 0.036372979911882 2.59340204391597 0.793557151881314 2.50772519662767 0.131858486144358
2.11975003630054 1.86707420285606 1.71241147175095 0.452641446262787 0.0145787259642819 0.313750048157611 0.370790745571889 1.72464572707034 0.656684243131187 0.0221332355785464 4.83614459026668 1.61097736003978 2.97060807218247 0.109378888226467
1.92334494946968 1.78606783897327 1.54021886495707 0.665342605116501 0.0172176600802549 0.556378763242562 0.783354576726454 2.67724235338073 0.685523763122528 0.0225695153575246 1.88077715180055 1.19234341269513 1.60908381964061 0.274705492274994
2.01313255323335 1.1155070778533 2.45555444561999 0.296474371246509 0.0296337403158752 0.230004018537462 0.329987306568368 1.9480393973556 1.19907641301542 0.0431783210366065 3.80756616438 1.63042508893792 2.90635181149467 0.244137651081765
3.19161654100585 2.16864266492797 4.25705260896455 1.04313851139376 0.0250236505783563 0.791173979202078 0.533378009742438 1.09346770356094 0.758613328731727 0.0202027648930378 4.07427328871544 1.46684530253153 4.04169009572375 0.298589639611016
1.9488343898165 1.84698895272689 1.52373648208011 0.575282132613215 0.0363194515252962 0.230431493278919 0.361767133472929 2.00987322261311 0.557455331499512 0.0345827954639919 4.53257078802045 1.58056439942988 2.81097104179731 0.211897733826119
2.36064215296584 1.87712243501319 1.79515408235373 0.409679700191404 0.037124700445467 0.344718788731521 0.670397320982191 1.02080467559523 0.783358469950735 0.0227975454546058 5.10604017064245 1.56905309025889 2.52269548298558 0.145741637696122
2.3563635570057 1.80033793304847 0.932044318678459 0.475843609062222 0.0275689734513601 0.449874626708626 0.340898721496703 1.60104736256982 0.541997310341001 0.0380180524188209 2.46400386383163 1.38994752514561 2.21286577280201 0.254527997980572
3.49282531818604 2.1367283275462 1.75384497349729 0.614295740983693 0.0268969294051803 0.717289940941972 1.01125635023607 3.9339198775345 1.05502195953831 0.060341088006804 7.1399179522943 1.79316086352988 4.62494300053721 0.672280130008922
1.84399474683567 1.51743889307263 3.29981449020704 1.31545390007236 0.0131278755365873 0.588841419227446 0.790749156571246 2.09525284811029 0.97756420975408 0.0229258030077349 1.88286689330867 1.52133085703948 1.71774110119816 0.167782512564567
2.52262044162936 1.57099529385436 2.02980997724626 0.58233417522133 0.0302313172401469 0.21729050560029 0.538949046969534 3.83733122709601 1.26868011733404 0.0231908186283234 5.70336608897068 1.83793761720902 2.90255560841427 0.283074555593486
0.841732797849835 0.592847008518621 1.90388084073947 0.545710159172206 0.0136662762141439 0.373425932392035 0.468606434739569 0.67576300133059 0.468968663902841 0.0254954374207643 2.68514770120548 0.647359939900863 1.47283653721775 0.141609617083857
6.44368771449933 5.97619677603294 4.35446649370889 4.8562832653389 0.0258586611849727 1.09742760694426 1.80632178539878 1.09813665511535 2.54490940629181 0.00478192474719291 6.78895469376785 0.259861432782283 5.81929954189209 0.566767509809022
2.74948314033347 2.2720097166195 1.75373891144326 2.32182927901977 0.0208121652506819 1.96922072139791 0.931987968176416 0.948903626778939 2.45229078823536 0.0208169556127732 3.49509214239293 0.126491939406867 2.71471905280162 0.984139791149527
1.70327736364987 1.1263854652477 1.58750569621424 1.25214089797462 0.0473199806747057 1.20831580397887 2.01151161855344 1.95643959682336 4.79064045655484 0.00654582756493439 5.9868087232448 0.20499737498809 2.42831094119127 0.362300573060772
2.71011812903657 4.32926176841176 2.73276838759441 3.17003276940988 0.0180977445151761 0.654684182016116 1.09837382998386 0.925390799143926 1.79051236719843 0.0187987157280783 11.9159993436613 606.674307591872 3.08501883315024 0.893780254433142
1.54232674642892 1.70358073967359 1.35834220945433 1.91405614537735 0.0244922552142517 0.932081089040105 1.2031410686608 2.0781597819497 3.32664395113759 0.0023457697698156 10.8253998581666 0.109079155328583 3.10351084829516 0.884419710992434
1.97184606639063 2.10963286190707 1.6116184111053 2.21577068255259 0.0266817668658841 0.702055908155533 1.36043041161245 0.813533096284707 2.22122451217225 0.0679936456631844 5.11455160564671 2478.64518010791 4.41211371787615 1.91588583926881
3.62568336381455 4.3686310817555 2.30229853627184 3.46166751124514 0.0282416316246751 0.724591034995189 3.33904140743096 0.733097823990858 2.99093550780142 0.059445396196261 3.91667495747881 1707.12535901649 3.52439139983332 0.625043233100338
1.96492539278154 3.46875051977488 1.79518352933775 2.01270459048522 0.0267881135734862 0.181259867679793 0.579764506037348 0.440007413432237 1.66097509620577 0.0572224600671475 3.83174601792723 473.374564771402 2.68234135278246 1.31233992599169
3.24380971157884 3.07010654170014 2.8407157993263 3.46193989787217 0.0129416087041628 0.801933798308048 1.39965378973999 2.04061606086197 5.17389105305826 0.0336034882021878 5.29832095324559 2650.45000294656 4.90725785593302 1.18134054072116
5.95388076901461 4.3075294926107 4.80683032190524 4.6717993680084 0.0231174901375216 0.591208337802934 1.26671787331169 0.761895530626172 4.79671652393559 0.0827665734090553 4.46368909830553 4734.29247229417 3.38735323562979 1.32014177000171
5.63606309127739 4.23137555146447 3.13024543107541 4.20151428154322 0.035389977210652 0.449960731002948 0.946457030164738 0.586350088120193 1.34255496816654 0.0554043262674775 5.77732293803503 160.872358985063 5.99397105681991 1.07130297343269
2.6294705998552 2.34116530749181 1.67197059519744 2.13080264159616 0.0192814040932552 1.12635042522251 1.98384599340594 1.3548034922963 2.26041384537073 0.0590215231606406 7.25100696538681 589.120437255507 1.75716796394597 0.972832355947751
2.19358486090092 1.88752075135209 2.15459240441684 1.88060419160739 0.0417356034101148 0.595354611001438 1.0189455483487 1.44363560665564 2.85536083057222 0.0515143173357895 4.85868476253562 83.0384800789193 2.77028274556487 0.398441650502371
1.42916974898043 1.22170399731279 1.10568159147763 1.06534986082815 0.0312038215325317 0.330270656755443 0.961346459978176 0.480208743988048 1.61624564144234 0.0712020414419421 7.29199177662077 181.545891240693 2.10172177154292 0.624660679388612
2.19936556544583 3.15977302495522 2.49597520430451 2.84466769277793 0.0249300940377623 0.58619142112782 0.846311061985333 1.15483859586849 1.77350851394871 0.00212412936538008 5.75183167129452 0.147957649529257 2.91593223608083 0.957907551214746
7.23419420208503 5.75833038591189 7.00171303298445 8.41104037450699 0.0264182692427463 1.11917111966007 1.05001125112624 0.855803069577839 1.98763400251572 0.0100760946614525 10.324250672551 0.345044155215163 3.10347812167418 0.889015677991339
