7.30654427596425 16.1965214897527 7.68083861094443 4.62751027907613 0.585310684319811 281.518359881348 34.620923411535 19.9262760315615 59.3361080496989 2.61566464597947 9.60799581528357 5.85783231617742 9.08318061094893 5.25546662204005
5.51385766071461 11.0828494460461 5.8034915301 3.82713092004496 0.552476328776675 8.52937244851845 10.8616495129783 6.30974904042316 14.0195601103319 2.67761199409545 11.4908227159605 4.47508781745864 13.2475813839742 7.01451868180492
5.90096352270253 10.8509239607663 6.27732816137586 3.6184205871325 0.401520724050322 4.99353168156148 6.87293048221438 6.66213634986326 8.94064529802639 3.16990690888129 10.5915578619241 5.82072561088063 10.8651300173046 5.00790691221884
6.82833451886476 15.8831386632503 4.8361661193699 5.15808489532708 0.459467845618897 4.95910325800905 7.97298255868296 8.22959979482388 11.2991140270692 1.36702227005991 10.0440762420693 4.33636616406823 11.5106594777582 5.88266724181109
4.17047981741712 11.2749379719363 4.70542374930072 3.16484820159981 0.598158101431206 10.7403271356975 10.2845951950646 8.20813693365493 11.2540860483339 2.98464291633317 10.233067929634 3.99400051796003 11.009121847591 2.89493114203733
9.62412677208742 16.5083727483786 50.3139423049519 2.62818396357801 0.409449633116083 33.2251276921569 10.0626942497201 10.0215142700075 31.5729915760864 1.79641898563952 15.909809798061 7.48196493282885 19.1013609098336 5.83020197694521
9.05818451446727 16.9859685746996 8.55934474215453 2.66222266943949 0.33569252678844 6.96044983085238 9.5159559434486 8.19354859032916 14.9598614794214 4.16485898929324 16.2425849876924 5.39751460338383 14.8513468041547 3.70446436555397
15.20767743962 29.3239659428034 17.7356272352669 4.43878414856947 0.597741675877908 66.6963177353059 27.8073544573901 24.119394084176 53.1032019232747 2.5414887884226 31.5546044046006 14.431329750403 36.4696145672218 5.00617255350596
10.9554850737694 17.6791864407676 10.9715687802222 4.61606538414404 1.0729234607498 18.8223912965902 13.5846116937793 11.5967088899433 18.764646604704 2.80698178987282 18.8984950766501 6.58363455988569 18.7843491933712 3.4205217773103
9.31502994456726 18.1064850501535 10.770259420696 1.19665205182117 0.537329824647015 42.9225821189103 17.004109803711 10.4295076274788 19.9647302166215 2.98306287677382 17.2172130204533 7.03555622186613 17.4308280488377 5.38554161170454
7.04090705267936 10.7250940414673 8.14047864511899 0.923760213502885 0.639598171613885 4.7021353036132 7.85461995679179 5.30884854917074 9.71851176968549 2.25304661283052 9.60742016329956 5.27875338742094 11.5164396217934 5.75013783524555
8.62707673270556 17.9892951472601 9.4214881302332 1.11777263223997 0.662812509194941 174.592416339697 22.9801791520198 13.8373488118774 49.4137636639443 2.41494394172865 20.690714834988 7.11892076678375 21.5582483273028 4.49372029059254
7.9234444733123 13.4908287088033 6.70082335062678 351.465065139757 0.423288069644648 5.72963950547388 6.83036281274363 4.74585712384712 7.87656582802076 2.54627046996991 12.1064857077125 4.99781894022682 11.6561988306931 3.74750966457889
7.91438040942522 15.8989756524955 9.24097060075266 126.22510874953 0.480916963172203 5.82198441124081 10.2133777505323 8.06745553367726 12.9169719408343 1.64637818971699 11.9330690344107 4.83731859261564 14.3989712364276 4.84211513643528
4.6659373248452 7.86622347465766 3.51129748598759 3.62510042187418 0.370587207365652 5.64594665235198 14.2202979776644 5.19601001546813 8.23438908541222 2.3659769934274 8.08558888846644 3.55346829148995 8.56471048407265 4.72368114667807
6.26593901184723 6.81055779599713 28.5121735971023 5.493723067284 0.362750770169174 2.99873951545402 3.81064622728858 5.42313113833584 5.47218740851387 0.511691420253063 9.61723409094321 3.30595477207345 17.3230039346322 3.01834145172854
3.63580426959388 6.04870863850815 18.6710025128548 2.47034378447219 0.289130423558424 2.01295294728423 2.49007709841649 5.05200717029545 5.02991576412118 0.441870760917373 8.90869305697244 2.45793232999192 13.6947637867751 2.3946256291829
4.42969485596692 9.07320464381569 51.0705949092339 4.75618933477454 0.31002463747718 1.91437330889241 2.75810145911876 4.00768302866891 3.72463985392431 0.630943838495435 11.163484781581 3.45329050633156 19.5268038869059 2.62537439540746
6.88375824194687 8.98592645988929 8.16129606265505 7.12501184119964 0.360042045233165 2.95488987133446 4.31768544058422 6.690072037082 6.04736722787402 0.5354698620431 2636.89369457546 5.25262913498207 20.4467608609223 3.09841168052264
7.61136549377744 14.0941584495055 12.6348480116621 15.4388968085289 0.39263678673693 2.50834523607999 4.0867557166559 7.20001485089655 5.61588445458281 0.558953491778547 12.1754580480016 4.34646776300395 22.8256702540974 4.32545875310387
5.62143856900324 8.05415460232748 12.4086878916803 5.0323855554401 0.282876387815376 1.81279244865347 3.42386459070392 5.05186232726551 4.25273367294052 0.657897771572155 10.8523156295778 3.55910430110739 18.7227558643879 1.74664494481743
4.20951761670597 3.78107531924854 6.32231983035848 5.73555725933497 0.31581075703278 1.60741132409586 3.45083821392584 5.1377285231087 5.11492432225568 0.534445748654468 5.55378745054917 9.08037260817897 5.99352272044816 2.80311704196734
5.81527879767736 7.49783296484992 4.49045996428357 6.15365106254654 0.292240257571148 2.96790070906144 4.55847854869031 6.99463674702718 4.88125010669269 0.615746676502933 3.66751025524681 3.11118938657217 6.45373778644007 2.07872743071502
5.32949218651195 6.91707633029404 4.08378029905209 4.69638152290916 0.317389293731756 1.88334737441533 3.28837655285684 6.40640861517124 6.14508305974068 0.721061228681148 3.77270615591173 3.15450131123771 5.77088274455767 1.19095217928341
3.60584679405955 6.00589460196319 2.79813287297926 3.37302124048863 0.307887849337138 1.56037918699915 2.70884228308453 4.72187157282158 4.83813946871484 1.00743148239616 3.49116202951815 2.86110403829547 5.31626079282536 2.2224449390597
4.13237984271994 6.51100466408857 2.47295042904696 4.13387537168402 0.333995150691495 1.64557889764559 2.21467097123349 4.44052363746799 3.88385207332784 0.541382646949596 2.92445822706493 2.37365115729508 3.82579772515421 2.01428026502453
5.74153025872217 11.1802995915125 8.39261428870255 6.79803643059224 0.417191892927806 1.78721895577219 2.60684113575207 4.57918396574914 4.18354344140698 0.858778049111421 6.49723648750973 2.25241319697734 14.2103915236034 2.24245501971489
6.1102115728401 9.29538831933074 5.48290268699536 5.34035501759524 0.334318370168196 3.16383782041649 3.49724537522825 5.77363785919416 4.71170122205671 0.313515460346535 6.2077969076628 3.36595764505577 7.55389105108161 4.96205062821355
5.836853792967 7.90231054470178 11.7527882771957 5.59393278694124 0.339607392024553 2.27504245604679 3.22467082914378 5.47445048598723 5.76575368765786 0.766182661942788 11.2356605365116 3.49674345188057 13.3640621260473 3.23834328116282
4.47799609176192 7.35636681175248 4.10797967796053 3.98026464591218 0.242312004571563 1.95828387187586 3.64046866096656 5.56500441344008 6.06886165490126 0.321248981018251 6.04532266472925 2.47382302566141 6.69900046726266 3.59799766513422
4.38278705774473 6.59706955529729 8.46991312511698 3.71641798217529 0.307167184513748 2.29620489348908 3.59822012107297 5.59976762933264 4.96933378998885 0.576654379160742 9.51723778701005 2.80152111651085 16.0713219302198 4.27352429675091
5.13172732901028 6.61709417766617 4.37373116981477 4.50630101022745 0.362159441548354 1.68625281410976 3.066820703095 5.17537511247783 4.87100266998875 0.342757772678468 9.18980629830651 3.29645491205892 13.7433498537474 3.06320349846065
4.4385211067534 5.91192449152597 13.8235483344416 4.06143200405369 0.363072269648286 2.12940567168427 3.8222600794036 4.55614793636062 5.04933398430379 0.422240207637424 8.04174292133671 2.78772487781472 8.89931558624924 2.83593644751742
29.6048617711995 24.0560663577134 90.04789494098 63.8910627325182 5.40474715323007 101.193241999318 168.385952322358 180.034820284494 139.412726137873 2.7536667899642 33.6450772335342 10.4073848320093 111.104173682818 16.8596581512956
6.91624069449956 8.87016979298136 4.82869167877652 7.89230400367285 0.474027808238984 5.45027649825374 9.01258173367411 13.7828314616767 18.7618451032806 0.852722294454172 12.4339512012505 6.2970909442541 14.0632775480876 1.77328026845862
7.29001680888084 8.55839362337677 4.66220813988547 7.47529774744293 0.510195203306553 6.21278136981863 7.09752112175619 11.186365553106 15.8364571869574 0.375426708257826 12.8214658495169 6.12448638119999 12.7149560244168 2.38986901544649
8.57108994819458 9.28372937368674 5.32587450205246 8.06007957909181 0.425564166769907 7.39050540157235 9.83853626047537 15.9478663870138 17.4022435614496 0.235782571929136 15.2031419205665 7.37577307181872 15.4298878284358 2.70078116452322
8.51620157062178 10.9531370162033 6.3789955680195 9.6666269751949 0.510645160792184 10.1869232445683 12.358781546694 19.8112925399376 25.0114896311432 0.20175823945844 16.0556939889948 8.46849089795938 14.3241667604103 1.69023179836466
5.43847344793037 5.49602938187657 3.90127456093961 5.95654486422535 0.32575982949464 7.34177373690367 7.15210366757226 9.07275133066729 13.5210884931554 0.219526018722521 10.0370963550143 5.44806962422797 13.5904834861185 1.94958930750422
9.72757496751509 11.2175141634394 6.54579565442104 10.1983632437538 0.479546692577106 6.77276745909026 12.5967054890472 16.0055855522469 16.6653565190008 0.164489025988732 19.4371598857567 9.78918407496897 20.9210826036846 3.17756120721966
8.26040673507842 8.30126081791573 5.60295385253943 7.89324408639361 0.450736794158256 7.81798055193346 8.73944818462445 12.6780844785277 14.0905366152943 0.149773450523761 11.388919102943 6.25163153927032 14.3505761758803 2.02585328030194
7.77194416323523 8.21903240219702 4.68795861528961 8.36633580774227 0.45397565912359 6.75136234993675 8.68758936892407 15.1139951574946 14.7586906986725 0.0976626227241957 15.1470640377417 6.89016855330995 15.6734330993527 1.65507283957339
12.1932476480112 9.67646474668557 5.4314220689087 8.03514420983361 0.420895957741379 8.68752657264476 11.4248680481548 19.2127038289147 16.2991080923957 0.0788821147199533 14.6847024845501 6.61785921041014 15.6208032980459 2.45729576382406
9.8526766530113 12.4261939752819 7.3188540167232 10.3814929154412 0.451280004312579 10.9176928381571 14.6408590783919 16.2037891101228 25.688000096575 0.0917676701061438 19.4557100406176 11.2954893509827 18.6038975543785 3.25059750768099
8.37487631068769 8.81172155336848 5.22206491547535 8.18510791786827 0.347283275367411 6.82541361565217 8.27368814605863 10.1210534636093 12.1956975106978 0.101705007528525 14.5175434366483 6.27354592862113 12.6135177536168 2.92843989944544
7.47928003204766 6.69393635084969 4.90609507483631 6.41789769308329 0.437857135080291 5.60105284485865 8.78706547641589 14.3322053320704 18.1898989904014 0.0437903235904913 13.0139875117493 5.07254534237999 15.3488253021402 2.01097415231108
9.13632102373469 9.30881976733999 5.85731183030677 8.41031298457763 0.45105047420052 6.59935578289382 11.0871335535152 13.2432626423497 19.9731289996442 0.213685213083853 15.1628062137979 8.05253823031909 14.8403881336033 2.05531305109212
40.152528042198 24.6122770971246 105.513197033116 85.4740300628111 7.72729867851463 140.155258727778 236.145217038992 245.530704608401 196.732177167206 4.9084945493102 46.7654538842012 13.3222013973235 160.661456311922 20.5233212818121
19.7956419455846 14.2815554398323 60.0890768308145 40.0931089505325 4.1687365249845 66.7136413035439 101.324295540014 108.003318203909 96.2192670841205 2.44343311360372 21.7669339993626 7.57023112583811 78.507335566486 12.8170128319323
26.5781786671711 13.3023899374326 72.907550018754 51.0341453680153 6.54904190336033 91.5831571966625 155.509497025129 156.045161880273 140.324768254825 3.30008671610743 29.9418908043839 10.1554496022998 115.815746047645 14.7113542354855
28.4301868063513 17.4765470429222 80.2265603938357 46.8723525336102 3.74826570646935 93.1659847140428 131.357670802519 134.664059398737 110.892693585943 2.91472383180124 32.7510572418965 9.60613446705501 123.666208738633 12.3116993958644
31.9186602640848 26.2267173939751 73.9937906756302 58.9184468200429 4.74138857248827 107.288153382439 179.970627269279 238.396309126536 224.797141964995 3.36095236350141 37.0059239896909 10.6988182172352 121.79385713502 12.5562050248968
25.291521482574 7.50342405734778 4.91792127863377 6.94485601826857 0.872348997388223 1.96421875312615 23.4079291494802 8.39092992157035 183.654676427488 0.424713303373726 5.48039028465661 3.60518488059436 40.871722375025 7.21251675218113
46.5887337638865 15.547482674573 8.50448925463093 9.75975570080981 0.449434453840513 3.95348048131967 45.9423505561643 12.9152493441781 350.291204730436 0.641855768295629 9.69017334915118 5.68153441293003 70.4367577045732 16.3783035814491
74.8801588999309 20.6900704679475 13.3434411164373 15.1949579592544 0.809507637716312 4.56169217212624 58.7373168630389 16.2547130690637 467.78734197136 0.370457085454755 14.9312654090388 8.4850490674753 103.727699429841 18.2598536910434
51.7355423529733 15.264330367949 9.40107777160656 12.6295930491427 0.800325400094432 3.46768182803197 40.8608445932646 13.6920044515481 326.62657956541 0.715542360388847 13.6924879960305 7.10956324236156 73.5898854056809 13.2144981058746
52.2920532947206 15.3213104784226 10.306681547583 10.4100281129484 0.650112193913525 3.13363864777723 49.8185672772822 14.9457498809285 393.184712560616 0.692930616373701 13.8577554611747 7.56825544645479 77.8811675913863 11.6790746041415
45.0192715772589 13.9437525723557 8.48863265104253 9.0985215066093 0.830439936364224 3.21127913326591 36.3034808079157 10.4530508847408 310.95088042303 0.464703656368607 10.7273055533786 5.90163585464699 102.174493498953 29.1618884542602
28.0075738531042 11.0343140078365 5.21418634092752 7.00793147079154 0.611834640627183 1.82726080187608 30.0470493736088 6.51079900896104 160.739029882424 0.430039438349728 6.65917715275012 4.18586807501353 40.3230339008504 8.07264530349348
31.3743830539911 9.41760836586409 7.27885157390283 6.17268853975388 0.9506842454394 2.38871347047984 27.0402876645662 7.62966758582559 184.087670670053 0.581544756928644 8.75955506814722 5.07083394743968 48.3295051077463 8.99480903531204
30.3497171445677 11.0536803655797 6.50098221102792 5.99878970745549 0.705983368319096 2.23734962984831 26.2272472105195 7.1180783040204 228.771965511317 0.949966807207385 7.17947746559186 4.45842276562187 46.0178451235968 9.17761624468674
30.4359610522355 9.7491529418137 6.38223572137056 6.36715644255905 0.7966588365375 1.95967295211231 28.0757183182784 9.17609369653202 215.263962005808 0.512929202121894 10.037685085264 4.83971415046259 46.7504958215634 7.40197852762291
32.3848130629063 12.7686892043228 6.93672868045918 6.43457676237541 0.821561590999853 2.18065454586973 25.9931546098742 7.30010877048118 276.515739295343 0.676776715387717 12.0937379471679 4.84474974387639 47.8070124612346 14.3469995581027
51.5319404908306 16.7415068801799 11.5711322879616 9.7213709278801 0.780589300336353 2.91111994968781 45.658072172664 8.44379654030889 441.925310114221 0.852402410861222 19.6604583479191 6.42554890150723 75.8959960747528 13.972732300639
57.0963664353487 18.1320114429202 11.0091441870531 13.7389940079982 0.55075194499965 3.42726175991387 47.231309247143 13.1087738359859 334.53269107282 0.717630507769923 10.8532408046327 5.90048422194509 108.535767560699 11.860445753158
12.1447860184218 4.86465178876147 4.87734618370802 2.27288054522033 1.00484101805488 2.04192992990818 13.7848166046926 3.7332276351257 91.369630239487 0.661483200531722 5.19498273920913 2.61213040634489 26.5421954991535 9.14659889626194
67.8968399289808 23.0835722683148 11.9128772335256 14.3869182459312 0.454908680136935 3.52210142925308 58.5618201363026 18.139451954504 437.791092772825 0.649198073790514 13.4126794111808 6.39733082499104 99.0474019372106 14.2518149056894
59.2358643428687 15.3164482565409 11.6306229520157 11.8726616805913 1.42191418521265 3.68853965597796 46.3767702805274 13.1524013460955 306.52862868263 0.634837995336823 74.2649863156254 7.68875467050655 86.1275303548416 15.8512615457646
6.90465273631232 6.42067305271089 5.64034412833211 6.35291311836562 0.517406615052333 3.48998380586153 2.55293217960178 1.23670671500282 68.5924109747281 0.304723244106036 8.61914845194452 3.15560596686897 8.84469840312362 1.96347302003994
7.69662943955593 7.32453678848798 7.15888759184548 8.24852764714899 0.405189579255279 4.761904020682 2.59557256842687 1.26822743799731 80.7320197588284 0.503413147798846 7.82775593652072 3.12302916790618 10.204786056505 2.14991326585026
5.52517221744309 4.77425184440109 4.40485722571233 5.88513036559979 0.319860057039846 4.01813601210174 2.05897339152126 0.903257074340361 59.9826637732888 0.35590777315963 6.67402038350849 2.24656047159142 7.93160976438963 1.63654145630106
5.19892973590872 3.59252597541835 4.14106812114247 5.24093420722917 0.407098956801411 3.81270518166104 1.49700994353065 1.49370886481796 62.7572273487864 0.548941984679844 6.5484776847766 2.85584090890578 7.78948773341777 1.57135057588009
6.51604022683569 4.30981125341087 5.62302132975327 5.39098950568245 0.362044041440753 3.9026529744402 2.26747234173255 0.887052541345338 59.9674280629802 0.437991518782819 5.78693707318804 2.73621283708025 7.20929351389579 1.50533430144058
6.163756515948 3.02914734673935 4.25342364711222 4.8624246692739 0.33465173229039 9.40358308696438 1.51316867404421 1.10787353812774 55.3208326389416 0.463932275305802 5.68000317200559 2.67153596148548 7.9607293988512 1.57856537888278
5.78984383969143 4.04180773668162 3.838431662011 4.45020684350082 0.428814179930226 2.41662758027147 1.39520661864956 0.916193214118055 65.6718212409981 0.407174853445609 5.54260798150937 1.99903911679946 9.5027985667731 1.13995632923835
3.83740190110353 4.81992225669096 3.06975074965839 4.69797166707424 0.361261602707444 9.65712420405484 1.31471604626581 0.746548901568626 66.8870657606573 0.616140535374161 4.03765945360701 1.72907596898064 8.84759071257519 2.21695622761239
4.8151134544006 6.10466437971692 3.88409531004997 4.80686393490162 0.329916620253912 3.07620149400649 2.03565297520761 1.03914708640835 44.8347311263522 0.338139209955624 4.7937512471895 2.06389911148284 5.76955474005455 1.43107879774631
8.1679028115584 5.54134503576635 6.61276131860618 5.22864053056555 0.577768806350685 2.38253873465619 1.87721811319199 1.45877362166476 92.3658675513816 0.570052849564252 7.64766912011377 2.7908349555214 12.372168238153 1.37107403693683
4.31153793951413 3.42101135383193 3.20626823587253 5.39183489741403 0.382758224154071 6.67840115412522 1.82525046007797 4.51712773672987 68.708326529154 0.451845218817841 3.94265828311101 1.46610821014319 7.47623433437527 1.73829299580332
4.44842686471993 3.42902376592775 3.02104216564438 3.3782453890236 0.486247165889539 3.02909740057787 2.0016488683366 1.67164568537375 91.0001514051343 0.548167143371467 7.32976393929746 2.210666797216 14.2136878180301 1.52164851662765
5.29817550177993 4.77366638611945 3.72449384683383 5.23406869676911 0.554713467675614 2.64925068521134 1.48720309138657 1.05898566131421 82.5059719072392 0.56034446987575 5.00515698429055 1.98380795924403 11.5858864021509 1.58981779163212
6.94510768457375 20.0380454971023 4.69121836347482 6.46037189247069 0.429500567818252 3.17696033709211 1.52577021417391 1.96017368566927 119.755323173974 0.623173198627294 8.49944385921203 2.79167164974277 16.6491260027325 2.15109300430788
5.66393644547558 16.7649685521375 3.91118690609519 6.42683833934928 0.384088877154409 3.19446741371637 2.56217348415784 1.52216538792924 112.219699397216 0.52048872745333 6.36652227934094 2.25516658990388 16.3307973389307 1.55010327613366
5.02851393448364 11.5121419227615 3.94344559467422 4.95285423548287 0.557437183029547 2.88033181796777 1.91337775375412 1.22470640778979 91.696670283631 0.455008049629614 4.03485046267145 1.71817861556665 10.284705320147 1.79246330827337
7.69132244656089 4.4349000030611 5.37370148826753 6.17046981442187 0.381664627925022 2.94867985656682 1.62533431955641 1.24751674450976 110.008621488953 0.61801153291317 6.9096223212516 3.10661896551691 15.0121720399282 1.45650386227227
3.99855251920208 4.16853602728341 3.29171657920913 4.15026657645066 0.353846842845479 2.84376392729581 2.34449330865759 1.23352323150976 78.1936338816192 0.649976843128574 4.27226717280587 1.61473190811379 10.3447952750377 1.67921852328939
5.78476242451442 5.50115084765306 4.88571385257483 5.46068099873681 0.327311338366385 12.6563743912394 1.3288913422328 0.842678822576226 98.7869141888262 0.596575815006369 6.88469591989966 2.52892925204708 14.117701571696 2.29361432780773
5.39585969692328 4.14390662290756 4.48174489593176 6.02647608759949 0.446556479691319 2.50918344819298 1.35326911700542 1.13819256372225 98.4622701561714 0.531932489830921 7.33342050549858 2.33038521805547 12.8351866969776 1.59890464802937
5.42290238560445 5.43768501811588 4.40734336228789 5.46181886044742 0.365215216227475 3.2793158965561 1.76229607489904 1.14559097197268 117.136746869229 0.638946275706123 7.09452198415946 2.28567367267282 14.5669464175768 1.19338758735466
5.97966651477493 4.57895843102476 5.07438362352698 5.09291267196577 0.329446185331935 2.49552746416582 1.57492876324767 1.08179000490678 113.390216024987 0.397074919555836 5.34053860369011 2.46124433691915 12.9831739888411 1.7317466178564
5.3252885062661 4.29395947417964 4.12307037009928 4.93504693819561 0.420890816970804 3.24616246984484 2.19905142211948 1.11091446943476 104.097664160241 0.353700955298428 5.36556935748937 2.26361067421808 12.3890331030149 2.16356014634158
7.94729550717334 6.21696755737816 7.50668270549649 8.02257636192544 0.463234230798279 3.20755235993639 2.49399757008615 1.58257881856672 155.089895851845 0.692555625573809 7.69960939846581 3.79092880781012 18.5173703569376 1.89440067112021
3.78082649225909 4.13420324937261 3.19189094653621 5.26450888073117 0.42707197949917 2.88540146839153 2.15344346928202 0.954998788026599 90.959597573501 0.560721885652724 5.85862782949443 1.93870686911071 9.6300992408325 1.81489895653767
7.88123784120207 5.16726231101653 7.04273277342685 6.13438548660945 0.366343324856452 3.67076162632716 2.66492460587358 1.20003959764354 75.0158953900231 0.422752090479519 8.59468258560458 3.74740789724506 9.75944520094303 1.41215832261778
4.30643149285952 2.73842245311515 3.78990740742901 3.65966414417628 0.436705463491947 2.99073659385958 2.23251248492139 0.840557635031186 85.714307907369 0.544453470644404 4.91014013029873 2.39065716356307 12.070681627494 1.31061804451007
4.37228091524964 3.23828584427627 3.1072485858132 4.28094369270912 0.451545551117382 3.11515827274945 2.09999460887153 1.19313984809699 87.8715883381322 0.675256186679013 6.0069918216413 1.82801498244278 12.2199445725549 1.36020691948003
5.10673469716618 5.02555631924788 4.405072257608 5.05053196164482 0.330547608787829 3.10837256919731 1.91433675798275 0.950153394667596 52.5749202013015 0.416417287380744 5.78363031613613 2.07593848643337 7.0895115843221 1.38557818162584
6.45004573824018 8.58274294853409 4.78162600075671 6.25565917407536 0.458491718026387 3.2840726887215 1.95488966826794 1.11347054535019 64.5494839160436 0.381512449796239 5.53688515315391 2.97666104403155 7.31718316777862 1.0346060746422
4.23811632356581 3.67247932106129 3.76307625308327 5.51749791674613 0.436244877865896 2.77400225025576 0.894600458568552 0.943003528940377 35.4389271957203 0.280269915949078 5.54802216894225 1.56471409646202 4.17223794957227 1.06266271892769
3.87247082250147 4.38080116418172 3.60796654487154 4.92707973597481 0.436912806793843 2.94755891446551 1.8863574766708 0.877411535002478 46.5552799336851 0.489240187208876 4.72025888945582 2.01035621902812 5.25715038266907 1.49307908418858
21.2915325253876 47.9855415343675 3.74851718496157 42.1653604936108 0.660367593309722 10.7391579712746 13.0423004833475 34.1408019204343 44.2164270822506 0.344180699586971 40.5168229748967 38.2080300565875 51.3532977026196 11.4222360308197
48.8235458776548 125.835673396738 6.4318725549154 102.990120451575 0.90557971716613 20.5884863357253 7.25952059747308 9.16642573109668 84.5434558583093 0.236646842567751 102.826425017738 18.9635072192953 90.9677931344396 20.3076903649308
46.7556013366804 97.503006665107 6.54515676245927 91.6766140301138 0.599805702703242 23.4670673554999 30.5758345535793 39.7545954334888 78.3996225939202 0.295688372041719 88.2827475909517 13.8502207815016 89.3983348052494 18.4061823633822
16.9719183525366 39.2813654352211 2.98477375558211 35.0908029178269 0.614395389874645 5.45816657451277 2.9507349268832 15.597757026799 23.5115039723418 0.428629747617431 29.1222063128648 6.4279556358078 34.7053131337561 9.26196386525587
32.2352023908565 62.4198625362447 3.96077712125064 58.5374923616898 0.958971402905226 13.6927193089197 7.0783161289976 32.0206720489116 60.6032032527169 0.367394494702051 64.6268538271329 11.4164160250616 66.327821000415 16.9708844472314
21.8802651536616 49.1656099080464 3.62363758206611 43.3709243436751 0.898480398584763 8.96599156353177 9.27321924027193 23.1595579365083 42.2257463233512 0.403785867467965 37.0952448376986 9.73136781364494 32.5857551573891 8.99848218955959
14.1279885938613 35.341474800015 7.39649752346686 31.5452910142559 0.648305419616379 8.92698244665899 11.8955085499597 12.0862442046456 47.1591933455223 0.480709829070322 52.2832757339948 12.3551807252205 46.7872938792625 10.2151915987941
5.80851164752735 6.02322938142301 5.39379001162574 4.65289723525974 0.42374247108015 2.89695047404723 2.92749371568659 5.83599745241508 1.48166690376476 0.378644415027697 3.74286772080872 3.19263243473879 6.04007791597182 0.675142237727153
8.17494463943078 8.84468502729003 7.12034022433593 6.06785531849054 0.373828999385013 1.78825663222687 4.98544124185167 7.59008605434217 4.12515017953425 0.348079326019287 3.93460716383924 4.16615713001713 9.24570770260005 0.82788428805834
5.02515310185828 5.08081219520502 5.27473810342259 3.91179893649791 0.388895738475079 2.95171678830282 7.5584669253985 6.27810213609562 3.0846221196948 0.128533582711475 2.74386565671762 2.82631652844143 6.92932648414222 0.705322957597106
6.22818218577379 4.98958768465573 6.06881896980907 4.66755210403366 0.32060273089011 2.07579137094914 5.13568943304868 4.5612968400485 3.02695993937994 0.291034537144128 2.88002828764103 3.25203289710815 7.78351082782801 0.745543084755304
6.68393289341239 6.14653092023047 5.97806096573209 4.54692952504755 0.325029322966371 1.55659123017005 4.32774418788905 3.62804334111107 2.70943982610487 0.274084405245997 2.74914812260144 3.66455218015963 6.43926610064762 0.734025329490392
5.60268021204717 5.33643821416539 6.08805429118959 9.53011288598226 0.506714050143955 1.19956763210053 3.9804045598949 4.44946819804689 3.24736286680557 0.168366157971546 3.02489834729202 3.97872148507118 6.80009014544387 1.03049271499801
11.40942574832 12.713368033828 10.8752099188635 9.92121947144615 0.407245824973475 2.60891204339558 7.77113060417538 7.79687290216673 4.53517267089512 0.387078084812476 5.68380448814661 5.80814348619314 12.2051634484799 0.696607139966795
14.6747585437244 14.7859235192047 14.7518458962703 13.3015725644305 0.455357315510524 3.57598470769077 10.7283288029915 11.2533673304057 4.62402511879201 0.271460849628834 7.6365615618545 8.54056256834724 17.2981406771211 1.13241967216229
8.47318151663547 7.49111986779089 9.101979505443 7.25850724638264 0.427318011242921 2.25812639660418 6.37160357580723 7.67222144302285 3.00257445866926 0.190499393486974 4.47659471485705 4.59142108385659 9.70275860676801 1.0003282853008
5.39043328200753 4.82026977366521 5.23961441564407 4.54242206207559 0.363503110091862 2.03424053184065 4.78148104953541 4.69651991158833 6.48174046570177 0.128136803614305 2.46745202494038 2.76713781975854 8.47877949342831 0.93048823444674
7.14489408180455 5.91332021834419 6.29447732089827 4.68902484458779 0.464967711877143 2.86414533577504 4.07458101927423 4.30467525934839 2.82532234001498 0.12453390576797 3.10165147178019 3.82261066883618 7.45702575374032 0.944320690727401
8.57584707027994 7.75397865680395 7.87158545756744 7.07372615924637 0.528186981184288 2.07452567260126 5.13756807189954 5.54288984854216 2.88740355680951 0.176243366601693 4.45950609473377 5.06867128761288 9.47808243058728 0.647975169755986
4.87407064705871 5.23586195373525 8.12156655958046 5.27501560755759 0.395219757092442 2.7115558798438 7.20388621723372 5.91809676120461 3.19495541526681 0.142823416013214 2.9349862675603 3.39214975362562 8.12173759713808 0.842818031633235
9.00926736785354 8.99567686926143 7.42615034672942 6.79660870913689 0.433100336647248 1.32198373941144 3.63352175881503 4.2219525120184 3.09811054905188 0.261695470406695 3.77955605493658 3.57238327742684 10.7308401685871 0.872625052737775
6.41064021037166 7.32864267921669 5.83440012672042 5.05645452132368 0.486448431790089 2.59795556034841 5.22157237489242 7.14765051699626 3.07075501981905 0.113662512806362 3.09717372837407 4.24024388191212 7.69767494474703 0.909924800343994
7.07732784133822 5.68654305259781 5.33251638434952 5.16979789946793 0.527450969657175 1.33153547733169 4.37169517748087 5.06289730236691 3.90880863125493 0.124177397228288 4.03256684406161 3.63663866663269 8.81746238107369 0.816747146333397
8.38173525881079 7.64910697601608 8.41596987422368 5.67307512392364 0.326670948031818 1.55107946009452 4.00597375404073 5.49001971085075 3.36178816213293 0.260092623147428 3.67569416939955 4.54278962207425 8.8767068190266 0.961505546821585
6.24377734327729 5.92302804272368 5.9947582963179 4.87642878430846 0.374652847196007 1.90036466445523 5.64648846228538 6.53021556871648 3.15036670299639 0.258361479508468 3.94452181976129 3.81977042575898 8.7451501222406 0.764073010459599
6.98489103316303 8.28365020446742 6.01531715477869 6.54801519396409 0.488734370628592 3.52342673353058 4.02466286589564 4.33305475984459 2.21183617889159 0.119557049820827 4.9541042931672 4.22793415131639 9.59224780462314 0.970618224011644
5.99437688343104 8.72299695053701 9.55392650087066 5.70373638738976 0.450529351293515 1.7423987071293 4.01161005834751 3.9922523509477 2.51897700196591 0.124510577879936 13.4800653989241 4.83916654844613 12.0686365253614 0.795198279065682
6.45326077572152 7.96118133592288 5.89008185220307 6.06709441036638 0.349100057579485 8.53267909929044 5.02307125236928 4.14229705931517 2.5537757335159 0.22386705268308 3.67351183419857 3.78041066378582 9.43119701773863 0.993897774006025
4.25853665675445 4.84827615999232 4.24002603780151 3.39577271630454 0.296179720551969 2.1221062353692 3.40530201165424 4.18249317700034 2.81963465113914 0.347595913681777 2.53620602392575 3.24821449361927 7.41264849414254 0.688413313262878
5.69493505770761 3.92524469728827 5.11667174227567 3.58532453039605 0.382096657910622 2.74398928408603 3.51170281481156 5.35678095765226 2.34548104883506 0.481596572627925 2.66052527605713 2.81269082174029 5.26017307240593 0.658656953121208
6.19983263607718 5.81216874317063 6.17538471476386 18.7613837924156 0.304835778371278 1.85432319283637 5.26446296712545 5.33822866325467 3.03056586332167 0.212367463524931 4.38117399678401 4.4111493894321 7.50358109460202 0.893466920620435
9.85879820925621 15.3976787800513 8.43610626249062 20.154213112117 0.325481871262931 6.65561698090821 3.52268583508096 9.12239352483162 18.411420282126 0.246188167891968 137.466497154772 3.16908727255543 20.2058459795435 3.11389946264689
8.67359322158838 69.8715054548652 9.67067955471736 26.6310022707835 0.579133476504117 41.5918703237885 4.35975169038775 10.1622757963412 30.6957683005108 0.434131911048664 17.0970083740735 5.15212736002035 52.1608754460655 6.79673425423452
12.1548010764978 32.3253284595954 11.2025914670936 32.2887112689289 0.431155739318654 64.4662612270795 4.95176610757725 9.44463308621189 23.4317741802748 0.22193250006083 21.5358247804622 4.75959003987936 71.6834136811898 2.28522520854832
16.22448871047 159.509664332203 13.8737538778818 34.4827137655636 0.449060188103196 19.0360683979866 6.91696042671574 13.3241097363635 46.8876528110781 0.322841614694163 15.7620457613947 5.33136136839054 175.031552217634 3.63224785832852
19.5462349603712 269.042993376779 17.9478001593866 27.6677759439158 0.3743007350161 642.079471132016 14.1064510196316 17.5301229564088 61.3922455295153 0.48080199683973 27.1826312221015 8.03807768674179 37.5390482682771 3.51860526747036
15.9638306063505 123.704192759181 12.2008675129124 25.9099139722621 0.384469924470273 6.74355513245427 7.61629853486524 9.98490194813687 24.2549100195501 0.154672315650413 15.4537961933147 5.52645749273384 29.4408830565851 2.54750413847321
12.1706019910756 76.4541656597623 14.0730483239085 18.9093945352818 0.471873025258927 9.00504164456281 7.67386833688913 10.7372711276452 35.0797295002615 0.173141402704061 12.031168534869 5.84639452108259 27.878487185607 2.61458215177774
38.3670014006076 919.109688679442 39.1116072381281 56.2352488207497 0.412021472013719 24.2579659592548 16.8843294556556 25.1732050794094 90.9816367027423 0.311814398452917 31.6218046469526 17.1049169426768 70.0141251298619 5.0850999040973
38.3734457373736 265.567035599424 36.6292157043139 57.7837222385468 0.504273411524046 24.5568464597708 17.9683529392961 28.9687883809848 87.3537487105337 0.239419292643867 30.5573587881777 14.9007711976821 79.1376696263232 3.89509921280733
42.2802700869811 41.645886558326 17.4340806692855 7.12937133778668 0.666670043053113 3.31238310461312 34.9033482013944 48.8319058122435 68.2318472056056 1.64446298641356 34.311151426842 11.5749034017726 55.1676003217206 2.19092334047145
54.5409218919539 58.9656429426931 23.3538866629998 8.03479872822481 0.69840754703849 4.12103270768821 44.0856732582309 76.0502010605447 97.2000333828815 1.43229132017923 35.5264519779385 13.8286635922585 67.2214462234391 2.82949068786428
43.9982776845607 48.1787877674641 16.5724838465696 7.15411945342563 0.574784831301191 3.03176932827166 35.5409692910988 59.7718056561339 73.4867284948383 1.51015517901975 22.806532281116 8.28604381233216 51.2867932207538 2.07477887983885
57.1942086340373 62.8682500068185 23.4702002081171 8.78928304768622 0.409716588067828 4.64014980313297 59.7266076240531 107.229182084039 102.996732072743 0.430665417639972 32.0458342990203 12.2442260544239 67.7318753116562 2.33238532926228
38.175532708097 37.6214325717757 15.3308176142952 5.3342217746255 0.568438977423075 2.46550363887396 30.497280452847 51.7657253993181 53.2829654042433 0.366869002489438 20.2132073894665 8.19380354045324 43.4046318139359 1.92032928124229
30.8940900538095 33.2275605932138 13.3062223392751 4.92886176368562 0.892883720242499 2.40358933272872 31.6980481119344 56.3694918668832 53.6008096615283 0.252879841997873 18.2272390479205 7.58178048630235 50.1228305482866 1.48155696535558
46.8949973867741 49.9913284271259 19.8749309822497 6.84709035782791 0.490254743517897 3.20613035290035 35.9483069598493 66.0734245770706 60.8367692525403 0.192797548383511 28.126860719919 11.3168920807182 50.5904216963868 1.43262848052238
53.5269869085478 55.9620861871032 20.7578060857443 8.40699285865437 0.607785719621324 3.95434394285163 41.004410772593 64.1452799043048 95.5312499596907 2.11954698754053 34.4539524383347 11.0223398855193 65.2850555604256 2.17252465344192
9.71727543912134 10.679836602518 4.85030875712754 10.3957302877472 0.722617966379463 7.08708589933521 8.25878121899243 8.34654324594596 34.041957063907 0.0697008757122116 11.2770465917712 10.1588319517741 14.5677623050946 2.86623255713223
13.721197512026 12.5594957597174 6.96530894965325 18.3928137614709 0.580621211576724 4.29269059461601 6.3818339420275 8.27591977655302 12.1544365802717 0.0423879299102146 10.6607510826426 11.6398715684147 17.3245567640775 3.60192574536165
10.2946422263397 12.8308717911912 4.88727371562457 7.81996499242944 0.613281606227069 3.87811302604856 6.94871330295079 13.5564010826516 15.8334598274862 0.0581818140550872 14.0242675242663 10.4729734086459 17.5275290398598 3.07376577042979
7.41700505829633 9.80986633186439 2.76439299575543 9.80382614741148 0.607039700460165 2.68882141060576 6.46701980813837 7.38568019564161 9.96742347669479 0.0490108789363947 9.88909534275908 8.02686241215714 11.9333318207658 1.86319538263656
30.8505823246494 32.3666773193995 17.0756148187096 29.736985453351 0.750692777619874 16.468533453866 35.8820300564868 49.3187566688465 49.9573654042131 0.130490536778493 41.3022136103589 34.0738663304085 40.5966658365868 3.00765036299029
8.2988105303082 10.2922088069243 4.04494133124103 10.2378163949245 0.680324133467127 3.02467157040695 7.6954608125516 12.0979578167742 11.4583592233464 0.224885977324845 12.6602636996622 7.61214115343764 13.7155691748 1.68812811469897
10.7190778526086 19.9200189193714 6.38921994324183 18.8390168044372 0.444594062166949 4.00456382046375 6.7479166627737 9.80858357006046 16.7433018456732 0.959429941335181 18.6450934496714 11.3169102739117 22.9309458262123 1.52790519132076
8.53477637658633 13.7217386843013 8.04933412941221 7.27179890899717 0.434026279619538 11.5020360949492 10.7219105697076 74.358900047327 35.1471399215387 0.516808296609346 13.4093318048727 2.22304246354088 8.91535410155001 0.898828223132441
9.54602005541699 10.7857254710263 32.2225617615993 5.22531568254098 0.429761019445625 37.221024303218 6.6216511924815 27.4105528503246 13.5963394449918 0.162667300724576 10.6952245816478 2.91727489371608 7.73431507077582 1.17722134998167
9.78131361505396 18.0254133334201 10.8153396959322 14.4937676433682 0.55874871544338 32.1171361233141 12.4476338886376 47.8420192876299 27.4256701318555 0.183263581793794 11.5817344098945 2.81507391002714 10.0799120900057 0.984925136707224
5.50093617832222 5.33860316367006 5.22575186121571 9.69081836138674 1.84267108607989 2.17565145466805 9.58968687765065 4.59719983000292 6.70507075271448 0.323899698447612 6.51037283281361 4.97663860293852 8.31367633291348 2.99781135505333
9.18557696808296 16.6329211216491 6.23276924025004 15.9795792985896 0.637502119541187 3.36697135465849 6.57370849615242 4.19174595650552 9.55444633256115 0.276085512160612 16.6472646495032 8.82781862188403 14.0020409608937 4.23966688478801
8.10465029438468 9.74579560228185 6.51422514744933 8.75628653943813 1.4561438584029 5.68467515425606 11.5500083327333 7.86355629285048 9.38934531491856 0.31255501547753 10.4301597667515 8.90649571844716 12.7168780109861 6.90710214439658
6.6702671381476 9.35896233793897 5.71031663271088 7.87922607390102 0.932328851921348 4.4030545322992 6.60343530587707 4.37988631390187 9.96111499683041 0.20947643664293 10.5873748482055 9.81234750972469 13.4860539824089 3.25839760879028
8.72987364559769 10.416124030391 6.41142780270328 8.37396442007322 0.90209258354344 3.61302887138026 8.10163552363825 6.16644739356028 11.50585851911 0.2864662954178 10.6271002409048 8.84137301766336 19.4359536418189 3.0819807287703
6.44693684429238 8.20203840985216 5.55089702236918 5.96431388850633 1.0251383915713 4.1493022000569 6.66751374144172 5.20591861844023 7.40900163720406 0.330126391480281 7.78640355250228 6.30593786492758 10.4807417932637 3.75460092672928
5.76189499767864 4.99600969395395 4.55135909643179 5.31811415624552 0.868860016217231 2.26400832767937 5.94869265338827 3.71549336642961 7.36422570279168 0.39560232846781 7.38249132200947 6.08175971441512 9.60466022900304 4.02776896370612
11.4216796724852 9.690769382163 8.90004542888125 9.74138182567213 0.654273092458534 6.22452998789411 10.8237307379914 9.14623789204331 15.1769397465402 0.382330831402314 16.7115273295314 14.9419306654002 18.0248533652139 4.67583082240457
6.55177370196645 7.88360396857039 5.96861533882531 7.28430624759622 0.774827151616474 5.41253912123352 10.2623097990581 5.54277935472096 10.8905768226253 0.462042906769145 9.4583124397872 8.11088526776532 13.3812050099458 4.12947902193826
9.3718193468438 12.6168355710434 8.30686444914103 12.0352793353983 0.902850379337842 6.17580246937101 11.7613572769382 7.96002772861311 12.9456373754216 0.48809015064976 13.9341701543751 11.9984039603323 14.9211346967448 3.62101185977075
7.52791579262207 9.56110157851042 5.5558749114778 8.06625826289164 1.54120427799359 5.53707646030319 8.82828522949012 4.86819603846281 8.0738817826438 0.436141776311001 10.0082854578676 8.96393668286791 11.1175371225959 4.31083326969042
9.1076314055246 12.6071565106989 7.02343233888762 10.619665891822 1.00315385303131 6.43056879873252 11.2589836599294 8.05375775858201 12.078178731838 0.424688987273846 11.5464227398132 8.92044419934669 14.8416579110881 3.62483589866147
10.6530048549296 12.958969719528 7.43640768275292 10.2715158032458 0.981770182871267 5.56086693056607 10.2478806120907 6.39900187958097 10.7681524168395 0.562634559907982 11.3312305004884 9.73756402886907 15.320392944209 3.03159869856027
6.20706168116064 5.35749461062095 5.82283198338845 5.16164411847898 1.00590716469625 3.16022566444483 4.78783104254674 3.67986830424004 5.73685322437448 0.220313845935662 5.97034310153963 5.78820232658172 7.97582614728019 3.87372228211437
5.23219305674097 6.2705612369395 4.61574906934895 4.3424748199299 6.85403919442611 3.14225674743861 5.84167631489895 9.61294455075566 7.51258007468304 0.285782630176092 6.88362591312742 4.8535346483105 7.72299747576842 3.34682716278163
8.09889327920641 8.44014980958191 4.57322521969016 1.4666549421046 0.796092178797845 3.95454265572359 4.70329904951214 9.37141728525281 10.0629050656769 2.50748066594043 11.194591225316 9.76394944470387 11.5339401723005 2.72259943910396
9.36270150683277 9.51496895922402 5.9696436360088 1.63540436624802 0.634723012477017 4.28065939361779 4.47234256663881 9.11466793492265 10.7937784737787 1.14113901385979 9.77122138897705 10.1903033228511 12.0105354888089 2.87756565603204
6.90862758086947 7.75522005995374 5.47638992925089 2.19754620914445 0.54911244362539 4.85358267857142 3.98498914525711 7.10929564898205 9.82659938867336 2.51246873995953 7.01147330760813 8.83429606710859 10.4573605027103 2.95432099340746
6.19461894779808 6.77448916737012 4.33356586628779 1.11060407856275 0.852404169414129 2.63206820164759 4.67709381911905 8.58569693012225 12.1690332035565 1.50763505988522 8.3069163254491 8.30244762431727 10.9594368794072 2.52350805864169
11.2255542968414 11.2728148237424 5.56855156378204 33.8578940406029 0.578679946139287 11.0702839670819 3.85932326572369 7.22708478640761 16.3297149541291 1.87735581669371 9.5713282723539 9.19837535173388 11.6910057139901 2.98889748862784
8.37295633568297 10.318699535549 4.95286790182004 44.3035553891488 0.496925981943302 10.7665394846828 4.8293122359484 8.20468848535491 27.9117963472446 2.764294863625 11.032103068476 9.38645408277974 17.8906577877031 3.00433334516178
10.8605760699217 13.7625755003475 7.64620156225415 12.7039700505802 0.44798869727538 9.13292603010445 6.34118617284503 10.1980799600678 13.9180464424085 2.56973732024442 13.9730482300438 12.3864490934434 18.2850381391483 3.34636966346332
11.1258628486832 14.2320652247586 7.09978152165769 3.23333825284882 1.1121342990953 8.01374405858489 8.03336352234425 10.8400824380842 16.7875351820655 1.42666312034823 13.1112488786358 11.3532663806446 27.8548165667453 3.19253706413488
8.72722573390436 11.0465650093348 5.35017447241177 3.50130668743661 0.382954484980159 4.43926395754899 6.33660031080548 8.10644670258982 9.90964274597433 2.18371256834083 9.53498932177754 10.2012175354746 11.7212305745758 2.6147020264672
6.7378597769762 8.13524636014668 3.9317735448644 2.47811950983802 0.567177975984381 3.60272932664852 5.19525931020288 7.97125677765574 9.95737176253941 1.48973445435666 7.3829502953533 6.65175990882606 11.2282120259827 4.542712705364
8.00100540163005 12.5015845967627 5.82479493596297 17.4755847104861 0.50518635973498 9.26743548602664 7.34466502069001 12.1884374465696 19.4687630439084 1.25019729306059 10.1038905833465 8.51644010449166 16.0087921131523 3.09383335556367
11.1712603141969 15.2752555005596 7.46236594215769 77.4641563931881 0.507933523040703 10.9107925935041 9.44538956313096 15.1088484873786 22.7096946867413 2.30432764385968 14.9488525445133 13.0596676906942 19.3721896087969 3.02892241428383
5.84683821862782 17.2744308525016 2.08584935425332 2.86661215015469 0.742354905735601 6.03691830890157 3.52120279137004 5.7027808792535 17.0694637696878 1.13505789602085 10.774907721588 7.4180970215781 22.3334832410552 26.9136666096446
13.2733060984059 21.7553275097364 12.5837230301765 6.38578892058688 6.69862044892201 7.7563815229281 5.88606329993723 5.31346529919702 21.3748195238098 0.659020674750431 14.1170071299243 8.02839907495685 21.1701959289639 9.42139605108273
10.2933943527589 34.3048619923059 4.27740947922526 4.91258265541657 1.58783561674116 12.107971004108 9.04676812017582 10.0621909994162 42.2972535114946 0.423716657233558 22.195904599571 14.9973232241642 34.1936475670761 5.25876042921895
5.17467598621362 14.401530994154 1.75773425754193 2.63019408760909 0.577863116465523 11.717329792949 6.83714323465435 6.04444403072149 20.1646603951894 0.408170113148164 12.4162095903121 8.32561735611625 20.4144372520237 14.0244019851545
5.06828138779747 16.7005299724532 2.19992171243198 2.50052896219535 0.585534852602387 8.15527847969007 6.08380684699124 6.25382044406336 20.79278079562 0.402345962100157 13.3584529633175 9.74118601977523 18.5302235185909 3.46034312354257
12.4119612257158 32.1944289277029 14.5995127905475 8.09564681385202 13.8992802646045 15.6477258423528 8.85815528429484 11.8423479460985 38.6029919434853 0.312150684550688 27.9667261294405 15.8556916950604 39.9867179206549 6.23269767673322
6.51587054130472 18.1162845110798 2.77394237541088 2.93680375403 0.605573349744511 9.98555976222246 6.98843174720544 7.68233444842763 28.8466941333968 0.329489029485883 13.9052125157022 9.24548853514197 21.536257574304 2.95615963984831
9.01417315978362 17.678822096646 2.66138777039153 2.88908151648224 0.621056337433247 8.0568476439773 6.51129792244295 6.83103515029158 18.7649722504778 0.344893237597865 12.6820601092607 7.97414640518855 19.6801041840149 1.82313934486337
5.60711025895349 14.7297764917572 2.43592713191517 2.72273804944389 0.689661187226707 7.98502490699765 5.41855275585351 6.73948954749486 18.5036489170528 0.668885423694418 11.5128392823819 7.75883392669643 22.133272705013 2.32210948826484
6.27859449606861 18.0352295501567 2.08768821043243 2.74186391272553 0.789656653173286 7.44054139435046 4.55743705153808 5.60611586634233 18.0348620913631 0.689770816395929 9.7562327814995 6.27011338041597 20.9917333115305 2.30283631853569
4.48100591027058 15.597483500912 2.26330015558583 2.16609775035957 0.506328394649162 7.00694660170129 5.32082789099411 5.99133700478512 19.0775331020571 0.495928525893992 12.3809484964783 7.06730987162261 19.5484018974278 2.50744827815866
6.36904139879082 18.1436748186013 2.47988358134935 2.81377041162624 0.686725395422145 8.42722740171432 4.02335302456739 7.0326871769279 20.9893764625837 0.572769759678851 13.2447948960199 9.67088309647688 22.5261889350136 2.7169385142921
5.82126737095799 17.8152185513087 2.35261717280226 3.50987427664892 0.468277114479781 8.20408023550153 5.93765270290849 5.22681780635799 26.8310402024005 1.72005431616827 13.7076480280422 7.92496487227725 34.9512900143859 12.0846756001807
9.92753189971744 23.2863740836586 3.26797806824368 3.27530531126571 0.800067214011033 9.76027084780021 6.44770738273488 5.21452082574672 18.7856419350291 0.339854241284554 13.8936589341463 8.8735624144701 26.7475153474228 3.75299005317748
4.25339987376094 14.5270250255135 1.87280487367828 3.29691539873798 0.773955365338819 10.9266493657869 10.3069276893401 8.16757340774684 35.2278093308223 2.3332180162577 11.3482629639216 7.15401072497181 24.4574626837663 14.0588556681825
5.62433019886597 15.6435889457504 2.19285134320999 3.40068835326175 0.575636614898885 9.47271745948332 7.08379878328078 6.95136290123827 32.1232177855002 1.19939652582933 16.2887014874842 7.5325647264556 18.2631987041934 13.2363072994879
5.81011212002422 24.961671164487 3.11149186365128 4.11136218544074 1.52398722055389 12.0755802143776 7.54909071421302 7.61806745056827 29.9561421388241 1.8530443097165 15.2124463639471 10.1759056027715 31.4329506310421 13.3599202708149
5.72414112328521 20.1595233211825 2.26223281692051 3.47125933873796 0.421065418479607 10.1381464294259 7.78886819112241 8.58937416036735 30.8520377616125 2.03870271319059 13.6178928760561 8.04741311946065 23.5905498198702 11.3542278843135
8.77366441934076 12.0900187754126 10.0517362616269 9.12732708159639 0.459549126430079 3.969826024488 10.1617153297164 8.95802791935844 10.0069531662398 1.4703727705124 7.14956487380464 3.59705909437294 11.9857570012577 2.4459965220088
2.24279988605347 4.12058825621546 3.07020581782737 2.78437991527772 0.398007145500447 3.71210849018637 2.96776192778776 3.70039778054368 4.71909294361751 0.549499164621548 2.73683710869773 1.19149645857025 4.0540508139017 1.12965640157502
4.85848845527205 5.43873754358772 5.89700407548095 5.14096541610044 0.408415486643537 5.93057760124329 5.20472249828434 7.95192892606092 8.14057549216623 1.01739037505611 4.56082277790284 1.82406854397778 9.09587134660333 1.78744474831254
3.37504196007591 4.44712087109157 4.14517551290876 3.48350573646537 0.440362974878631 4.45267525293766 3.87772042813027 5.05012663328781 7.18783360309944 0.885434264271491 4.67686975653388 1.70807724258154 7.10674841311779 1.61812024723773
12.1541978288187 24.4747568019535 15.3656975639193 11.9644322316401 4.59195425512254 8.89888949487087 18.1486180405242 20.4556597084773 25.4154500522056 0.65924938798364 12.9328606949181 1.51715037549027 23.1951687472199 1.48999664318349
3.30722776555446 5.02440197517614 3.63032437535153 3.09182260443651 0.30533545792962 3.51285144371685 3.95685095335078 5.25667547458951 6.19248518410542 0.775294489766325 3.3971224473934 1.66416437005008 6.48400191430352 1.25066514635843
4.23959758680935 3.76746509886974 5.7062152793208 3.65495452284111 0.277141715257969 8.89612546528878 3.31194533128878 4.18652821089749 5.98016150644676 1.0994575977827 2.72970176984267 1.21709447682474 3.88963811118794 1.06719628484837
3.39959864460814 4.50630377650071 4.68105921456494 3.58227064497586 0.504098324461659 3.35735732488387 3.63494165655527 3.83244401453706 4.96555738339879 1.12144447605389 3.21417031354697 1.5828545575609 6.97742575317193 1.47662210857891
5.43518195976125 7.92594918559646 6.05410825288263 5.96108247071365 0.520261881377884 4.77068223897515 6.04242643770842 7.01796243318114 8.83591056106552 1.02388459377606 6.26913011614779 1.54295650981814 10.424799842053 1.63295524883087
4.13065226236632 4.63301759542351 4.87166117328359 3.85432497072584 0.351439381135659 2.87007786773049 3.74957490910355 3.91535381427643 5.49457368620638 0.639678674758197 3.32844768358241 1.48707141098666 4.87030408020256 1.21961838997057
4.23099680870068 6.58608998058959 5.86260366176564 4.14838687267332 0.311745928976532 6.01262647465731 6.83368644296969 5.83559203840767 8.2796451064818 1.22964740723212 4.49618100283281 1.89892361815742 7.93657701748266 1.6250381249838
5.82054947952682 7.98870668569966 6.66239435156936 4.71908948439531 0.320059112329973 3.84337586032759 5.85563781994006 7.21632088209186 9.32170280622175 1.16464010681245 5.28803654338848 2.0583589450285 9.86219909222076 1.66309125129313
5.39938009048621 8.01731348981306 6.82343419488613 5.52721188605936 0.453767852559434 6.12167051846849 7.10076118484503 11.3075349152611 10.022169411621 0.745964134108712 4.94642201168121 2.38303961459663 7.13344048487413 1.7628300272152
4.89580539761454 6.95377506902928 7.12010851598887 5.28095326683448 0.412414874207835 5.53333983973955 5.98440818745236 7.28444558709545 8.44176319826278 0.835919242271383 4.37399899378144 1.91086181790085 9.10317456154223 1.654224634044
4.42371300865787 4.89939574734044 5.82713959216213 2.91115638352057 0.417961539231569 3.03864031531018 3.04943918036397 3.580111707174 4.26659896674737 0.795353157785758 3.72323190521547 1.86606988185002 5.65332365574303 1.08905036974745
4.82626678231826 6.88234029890052 6.42041219110883 4.70841367681227 0.304733757741605 5.78003936048079 5.26464970421959 6.3233804235029 6.92780398264421 0.770226328649823 4.46847776759723 2.13434864381743 7.64260234502112 2.0733993180708
5.6640617761678 5.8431537025836 5.52640649032243 4.76312495580652 0.331522433919472 4.58544211103151 3.04103746199949 4.1683722298997 4.75978134107868 0.664909428560345 3.13316616623843 1.23290208207514 6.4345779520157 0.966164425473431
3.95967678657884 5.638907339482 5.55586234873323 3.93784251565156 0.476445205984323 3.20626945325662 4.62508450424116 6.42814302708399 6.5974859468741 0.927971371748022 3.67177138383831 1.63736315323408 7.01895757506032 1.33961078662059
3.09650079777391 5.16421174376478 4.3189002098364 3.22129495675988 0.346883128822636 2.60466367109971 5.37740467719406 5.89655237422786 7.95625003594598 0.997619276130942 3.59366171250423 1.19225539590264 5.98548958427566 1.52355153347917
4.70852641775177 7.17780166690163 6.07467503564966 5.7940113474682 0.476438936952318 5.57152300858401 6.17536790349054 8.2411020407538 11.8936626981569 0.771664566567454 5.4439580109306 1.94846021834607 8.52571833098446 1.58349913330952
6.7511234804023 6.54635979386331 6.48901008745712 5.50770554754858 0.349243773075317 2.66961636587598 4.57385552331112 7.74704812312456 10.4014230387955 0.84594168026262 4.76579431371449 1.91718376519996 9.0375235321706 1.87361247314436
4.51170602702579 5.89485166868581 4.98323882872744 3.51697107138054 0.35145832398235 5.6991013029092 3.64132172009425 4.36152942636288 5.35479037792596 0.974241320537311 4.15331831047336 1.70501644241935 6.48910942925552 1.31637004103335
8.29188545852994 13.6828272500373 9.9104622774047 9.58606115756649 0.298055145614337 4.68624193117781 8.85471481499932 11.1954175976258 12.9560384946949 0.797480970443422 8.67386915411042 2.9000683745925 12.1613420834119 2.19295298219611
7.53397373505827 13.0874437672914 10.5614945534604 8.81591449856489 1.14174645844467 7.92027323777476 11.792418102886 11.8270675397895 16.4488424319334 1.6506722495799 9.85097842061359 2.77121548878392 15.1665283109836 2.70488725518047
10.2543650362104 25.2749409002765 13.525283917534 16.9981006314994 3.2189016417882 6.45195180563426 19.4665959075435 18.075653789273 25.084708548498 1.99966935575772 17.2436712747803 10.5676312641196 32.0960961746272 6.86719986305066
3.6559832240877 5.30621907707763 3.89208780455377 3.74384045991943 0.568467829445564 8.20129393253617 4.15629335903053 5.24608386299824 6.72845441062243 0.884177420073237 3.67126354463663 2.0154595844468 9.09865223730847 1.33629840614282
4.52397266061723 4.69776916263317 4.24404071201069 3.4029078015354 0.55591235702596 5.52624125969759 3.30847464208179 3.3768379861446 4.7350892584368 0.746322108797218 2.59596422558738 1.40217779971708 5.23873229993663 1.11186959010192
7.01858617939541 4.50376240458536 3.64855334536796 2.22075205132083 1.6285588852288 1.59666450575851 2.54165171846518 3.57050391291504 1.42933632726232 0.492790919256182 9.73603987573473 9.34956201386728 10.3565716841673 0.854670205190156
7.21241239687428 5.5740047538053 3.77491865193546 1.51669642792185 0.572923040826085 1.25129842921758 2.77395593520081 3.03267796822534 1.35745607803008 0.547498012201159 6.63631747471277 6.56043800846652 10.3426577708524 1.38010030660217
6.82687990308922 5.4484150453181 4.73745899719682 0.897317769819832 0.695185887565999 1.32483131843917 2.55975286579795 3.43252935097864 1.51480613637593 1.57422467331806 8.62605524189621 8.13487836041144 11.041848048079 1.0257541154757
6.99109814453794 5.83649009339071 4.20144394714918 1.18793085821249 0.818142684601433 1.30236467047236 2.69668405875545 4.246115083939 1.34000127132505 1.42238671251508 8.69089450010699 8.44888252222047 11.5602033888797 1.18890614587215
6.45082754755547 4.78857839900335 3.99535297509507 0.93664954523559 0.613154605524402 1.32350184464904 2.59630787102516 2.9542279488375 1.4268751800522 2.24450136584335 8.30550407856927 9.41733938770414 14.115434416878 0.937404141263862
6.17212838649062 4.51234119815523 3.93001079728865 0.992685267149144 0.848485646995662 1.28228606628528 2.08213275653908 2.70745175401288 1.12391067270235 2.25423355098479 5.70298212071292 6.79630733207908 7.766993049416 1.04921595068316
7.34414950750996 4.91412751712477 4.08760304621559 0.931250450027956 0.804138801124182 1.79718909827887 2.75504627078466 2.73262382659462 1.59925467385622 1.97509642402725 7.02233816870642 8.19625833142207 9.56143726921552 1.18699125938785
1.66766002163376 18.1623980582089 6.73422027372902 20.9414697141421 0.996756016159131 4.33130429006164 10.7979676351602 8.9840985348599 26.8933317260621 0.341399112764898 8.2248913821092 9.03697620842526 28.09513541319 3.66728748874465
3.00342820260072 26.614713690373 8.88453965874957 21.4529942366949 1.18985877435531 6.06998880448482 13.7634829102141 12.449754963686 17.9858179649914 0.313920766929657 11.5797374806186 13.1620158368106 35.5456577254307 5.93503180738514
2.10040305127978 22.8763116104683 8.36489002992759 20.750108253095 1.09411022834286 5.6912735060079 11.701180108478 9.92327667428469 21.4189465236532 0.486470379486852 9.90279580038174 9.21366676327395 30.342742509692 3.66786671130579
4.54083302199873 42.5144934147097 12.6072581465082 29.2190431272746 1.14375441030441 10.067856488005 21.6657720697767 18.198861620402 36.5172973591991 0.315867251039837 16.1465560877337 18.2989897467685 46.3493770764623 5.46280439080634
10.0121761729091 99.7124654269843 32.036887015064 49.8210729213088 1.02083455112019 24.7252833863918 49.1225324242704 51.228423638931 99.3894311952817 0.273339393947058 39.2277397045123 46.4839262664011 98.9765871371469 12.1999182785625
11.8352223341143 132.832365948416 39.1884548281218 74.77274014349 0.975241977922229 33.1054289884623 60.7173130461915 65.3383457195797 101.776610359213 0.389603992448167 46.0026417859542 60.1757727961055 139.608043774373 12.0425265723863
13.3437484678252 137.368406151963 46.2066533655297 80.8606150313676 0.950953525154806 33.9096737578712 63.103370975852 62.1515856718003 112.076610444045 0.415437130315335 51.1175970811857 60.4778999008921 142.130261650315 20.3143735749164
7.20293444239612 55.283566107892 19.492864117271 33.6609255052931 1.00707207431748 14.7377374487692 29.2751463838531 33.0448111184226 51.125067091261 0.429948965072412 20.9810783291988 27.027562281674 60.647267458883 6.975424739547
3.53883379435804 27.9274617949717 8.10810884488291 14.6740729193345 0.908499790054503 8.77003011720917 18.0918739003331 16.1675081847741 28.4121450278587 0.76337897319411 10.7661884552453 12.3780726799137 51.3474717912465 9.06757510688014
6.42611403532503 47.235670130961 17.8925507273088 25.9262578979944 0.781605239231368 12.0846373904538 26.889848925796 23.9860476360115 39.7881794210972 1.1304186922581 17.2620999266668 20.6665891761541 82.0897007467992 10.9706220663611
4.97699294053364 40.4890685719521 15.05901800001 25.5590205746242 0.68596916706672 11.8442883886954 23.2741300205598 22.8078466943013 38.7316407652346 1.0415667664487 17.1081398885834 19.830650872151 48.3079991208456 11.0306038525483
5.6449901546861 93.5924995300874 26.3163504120938 60.145103174024 1.43546097347854 25.0394669572937 38.9522557993339 41.9283583543309 79.367996989762 0.333901121171016 32.3489943143834 39.3765922455828 90.2680891858799 9.96215024474191
5.76687200264032 43.2435970932217 15.3424824011671 21.8813356510223 0.598010016184226 14.0094230810522 26.5863482313989 27.280471123208 52.7242738352894 0.959244572588964 17.517723426297 19.4637740741181 54.8405015702738 11.7615973109682
3.7514469577567 30.1908338842939 10.9220967660594 19.9552665108767 0.711001824891258 10.3667676896364 20.6966943079955 20.5199889141351 38.3589647176969 0.863153336962811 12.1849613539105 14.3199758921661 68.5652758673649 8.54479045412395
7.4515122622078 112.563532262684 34.5252212154353 77.4404247654767 1.30429969933111 27.0392852535339 53.1114640140274 57.6884306985346 117.869431048133 0.461149051011471 36.877865841675 48.1765211982965 138.842600972492 9.54796049786532
6.58307750394504 67.5221283680559 21.7211534398587 44.3208992656545 0.995211112822769 19.3299336751689 36.82616739327 33.4237536057495 64.4980037953078 0.321789756715046 25.8533320618643 31.1995855844253 68.5120322634812 6.16454289189797
12.3057269473886 13.5927591454885 8.16500678094884 7.94962044697104 0.497288023875586 16.8010517157232 11.413772473147 14.025646144733 12.6017207472675 0.690736906121148 11.598292745568 12.8424615150521 16.4650714299569 4.19554994100396
10.3152534769336 10.5178576256173 5.94925586141888 5.1341845743553 0.393041140330109 2.90869757686668 10.4151204017854 15.7929754806515 9.8990776922252 0.553820525604173 8.18452204191787 8.24978896402133 11.4655244362789 6.61859112618759
6.88096186404105 8.17690503683033 4.19879928165618 3.96879895589551 0.514409278765577 4.50799724004857 8.09183114675664 10.8153196751469 10.1009405093528 0.514699988109064 5.42805283415653 5.7852598015379 7.05919006103413 3.40820311279998
13.9362557708746 12.1802215640894 7.74659350782802 6.21645853546954 0.296449976704604 4.44793931796067 8.27530650266286 14.8556252354329 11.0755692628828 0.63637604136013 10.5973195625844 12.3077217842566 14.0034540643692 2.84211954304815
17.2078485294363 14.0042933102508 9.88788785513109 6.88807000081646 0.432172496193684 4.7612324283502 11.7480414982523 15.2053918279388 11.5321028530618 0.694960147016298 11.051544791872 16.5604187108459 17.2625850076634 2.4575457434333
12.1358007867697 14.4357184811646 8.68915500538951 8.15224849107392 0.403256214351501 4.87723286145022 9.8836232889965 18.7234860990824 14.9279410027385 0.53398380650066 11.7032473789456 11.9311631171856 15.7253666882411 3.14301908487655
11.7803710152502 11.2637086292375 6.9332296762619 6.4296117448659 0.430356523345669 2.64052175446696 8.06963512614285 11.3353579082994 8.09479229264269 0.454034531196158 10.599569361147 12.6303372587332 14.8844319367143 5.0467983512229
12.4045259726785 15.1054841483623 6.82025859409697 7.0115699102459 0.363897128917971 4.80700735070001 9.17115150255253 17.3114069750462 10.9598659757272 0.790359910149782 7.97059511557484 11.1390318121326 12.0789459049096 2.80984755868054
10.994315259848 12.9442681660229 6.34118376812359 6.05018515251932 0.456619311569851 4.4299229549027 10.2829551416023 14.6149778826791 13.8134020290097 0.643206087794449 10.6150482033478 10.7933171468471 16.0589625941135 3.10299386894612
12.4603787034388 12.0907770867498 9.24717890277179 6.40836288746802 0.371070626779902 5.32214631087814 11.9005298800823 17.971628373606 12.3285702876099 0.883780493933937 9.75791964078731 9.90291343987839 12.3941496203304 3.15566793909324
13.7105115032082 15.0661089571865 9.73021066625683 8.65433091891483 0.42403435747554 4.62768283805149 8.89993856731613 12.6417124520254 9.85769149895166 0.684506997344439 13.0659577585984 14.8059851987601 17.2031505551188 2.38124779851149
13.8113772103673 13.2655176719963 7.95945282214045 9.15482572715695 0.455987878658278 7.90397402014284 12.997953148617 27.6026055711889 19.5183043228683 0.929249173708389 11.8143438524743 12.6236304999397 15.6208001849682 2.73970658170709
7.67190902420902 11.4501925785196 4.93807794979914 5.12384017371599 0.463042062263573 3.6633200047135 8.14451607131061 15.887915405402 12.6054336280216 0.775077032759567 11.2269783994082 7.81075923380614 12.3380572239758 1.90514207723227
19.9399124970223 19.804174430225 11.9881510910272 16.4965440032346 0.316080138381877 6.8512352887147 18.426373421304 28.3419524589202 22.1395533658698 0.653320232236654 18.9809121406287 18.7610167972517 23.2731042073448 2.48690350909543
12.8380672868079 12.049706929462 7.76754477432689 6.91395076329427 0.365180236248726 3.94202744874013 8.80102647265069 14.8390703247644 11.5286239960622 0.519077574452187 9.75343229399587 13.262273824916 14.5946087739754 2.77245488670919
9.09163101759447 9.80893215284595 5.50943289122175 5.74655550404063 0.595878896536123 4.14947856188201 10.1432918403944 19.3591983959237 13.2422458260887 0.826379253481858 9.38597050714122 9.74633536159481 11.884631025019 3.20046820783282
13.319959658057 11.6836968128018 6.43168621997456 6.19668573133179 0.35392636458108 4.68024519726126 8.69183439236546 21.0482911977477 13.0184712877667 0.598766752042146 10.8564674188838 12.4638574668417 13.7565957234893 1.71060183164944
8.25794144704182 11.2192382214269 4.72699277177806 5.93493878141632 0.576339303028702 2.91018965962629 11.8190920975076 13.6315326397976 7.73069589209458 0.429755854941238 7.10640150019793 6.80407292882391 9.96339288063495 3.5248866214933
7.85988353652024 9.53687078968036 5.01547111744412 4.01951553164918 0.478693257093502 2.29094880760442 9.93387974866342 13.4667674985358 8.70852006424097 0.415069473405245 6.2659825172508 7.33196869744708 10.7006540363925 5.03297589695533
10.6094697321533 13.647270869389 6.32304865978977 6.84153798055246 0.424506579659076 5.7740577332426 14.9945563662383 16.2866151310923 10.7953613588274 0.511001430014453 8.84392316462661 9.5952931255459 13.5825784434939 2.65530990669932
6.52045151820558 16.4691703884552 5.36298226223083 11.5846607657919 0.470038529576106 10.2360103056569 11.3202853080553 4.39098050538058 18.4217660795027 0.230692800663808 11.7796946452767 1.58118560209637 12.164910291001 1.37846493600517
17.3351933008467 45.3201624191641 14.4372809712181 37.3825215171627 0.341602352166286 30.3911333717997 29.8117947277766 9.60137663011211 63.5811867470256 0.300318112407597 37.1757212038196 3.65081319369188 37.1745261924277 2.27202967656946
10.6912991119714 23.4916592724054 7.76640192785132 18.3016410034947 0.323457201410899 15.7538546835386 8.52454092854261 4.94305288171662 26.2296072105061 0.201395796694955 16.419022499196 1.70907768610315 17.3922575498878 1.50363622326763
9.07682218219861 26.6619354096329 6.94096841905555 17.6045314397495 0.458645990671863 13.0569970262541 10.5226558279102 5.82027913866991 21.358787758259 0.0640882788629884 15.9607358381325 1.87713659988664 17.9642641816752 1.65096215187556
4.57647350077807 10.8213545514448 3.97610856020585 8.50418016975703 0.340662119848534 7.11711735058844 6.06509210803776 4.1527182028352 19.375371986254 0.131545499380529 8.48109759354015 0.924235429530455 10.0564974420777 1.23211473480431
4.63119795170631 14.0115943140793 3.52287373127921 7.86663325960501 0.450016806625063 6.24974531080918 6.26421327057694 3.90858327046105 15.9447301143755 0.148478932014418 8.17236186022728 1.10288825853597 8.37598293542919 1.37061735699824
4.20722867881753 10.9188196672714 3.59444416160964 6.30926207041652 0.320826752086849 4.76561102757205 5.34558619064616 3.68754553614831 10.2233407877575 0.101109236383752 6.78915379649939 1.26668609954863 7.52290878763996 1.21825610059048
3.18415467486101 8.0812890642521 3.03174418696643 4.62017424725357 0.46023144238723 3.26049887595558 4.44279429345766 4.83760999216735 8.82525723330479 0.1861202402254 5.18133467776679 1.08500347599815 7.48637435179043 1.29333529543572
3.36172187175395 10.8331936585499 3.15825029353464 6.72653535004108 0.494514225955983 5.19913488384655 5.68113520254223 4.31452759297496 11.2855137943252 0.153707798224903 7.06070667769841 0.963955541547155 7.51835948253823 1.23312041124661
4.65618129097482 9.70131917393113 3.72552411995755 5.85542070329206 0.239680846063272 8.94487588154307 6.13452754328819 4.20845100982227 7.62324513404843 0.102018813131934 7.18578408764769 1.19100051826546 9.18376648239945 1.08175799153206
6.31061928849458 11.9766645394114 5.62210577774536 8.11038768341275 0.563910545753398 8.34902198109125 7.00937461438585 4.50533371850306 8.75198844909136 0.0997854083600824 8.39667925281187 1.73143959509823 8.64686507053677 1.02913227957667
5.37822433725096 2.87579385442218 3.62878539869491 2.84102083432946 1.67113940006949 2.42356575647785 9.66671298525939 12.6946608110835 8.66398370996281 1.67773583870718 4.13594834325994 3.82161392779987 6.59420612351475 1.82137194781963
4.7197490306791 11.0262099970735 3.40322966617313 3.56534922011236 1.25803231629854 1.45198684218182 19.7235641949078 8.98774668071783 6.83076873010123 2.66174587731241 2.29702473144732 3.42618583569654 6.32529166492635 3.26249930847549
4.49385287946751 7.917299046197 1.61390616488074 1.95874611487308 0.675789959089636 0.909181710326524 7.27018847711087 7.27019781649162 6.1007930822074 2.44823959550274 1.78938376585562 1.87184321187851 5.66195017534555 1.83095753863642
6.05561600544509 8.49964326662732 3.43499254592224 2.95229764869094 1.05661829302931 1.11777525588132 8.19848021116721 7.47399062995072 7.47011438357147 1.89430505195448 2.41681047095632 2.03539274156259 7.41495379663584 2.60605645843369
5.59628289631658 6.90980017511273 3.18407904734752 2.23982225659196 0.772296922923666 2.40500608565649 66.3861438433102 7.07865510007822 6.64663460768383 2.76689095027419 2.4271743456899 2.54332825041611 8.66844550930342 2.65658102172405
6.8097943334332 5.87275800408083 2.50269807958168 1.88840057174246 0.626558842934516 1.14974639003523 8.76526998387313 9.0675894577472 7.24440595846557 2.6210408773804 2.66208002703998 2.38788050283168 9.37943468157766 2.61930178029034
5.03965514647728 4.66585035373337 2.29333534919574 1.40767392523389 0.647938121710232 0.796823736095751 145.454734764868 7.55307997199432 5.39576626770001 2.85160609705427 1.82688787530952 1.40377910900017 5.64347467532099 2.0466798169446
5.10946358236262 2.69549135882491 2.78138419842902 1.94875515818336 0.939733900903968 0.969236415429198 119.570669152888 5.65837694093937 5.7711085220373 2.43744180445061 1.75390527339333 2.09904978768497 6.26578018495632 2.20998449171448
7.51127147756097 12.1151030075931 18.3721507985991 8.91164529034275 4.48366060696093 2.33762265833373 8.39558361611889 6.2645037419039 6.89885429085938 1.09149016430842 2.32222858762998 2.50879951556815 6.20679315588465 2.20536015985538
11.117929079953 23.9823275241236 86.2750551206567 46.3490347844295 19.6583863472095 8.57741571191995 68.5936634233046 7.25374870290354 18.9487049151228 2.46713981188485 2.59065053453721 6.03125852696695 8.30984292033572 2.6712157348188
5.8122416757268 2.3734325367288 2.64819821430701 2.52785740537396 1.0708614491136 1.32053227056426 9.69131695222092 8.98967443841451 7.98428829065183 1.91409033800398 2.29313333996817 2.53265524002075 7.92101530985491 2.52809088692048
5.16336007286907 5.42487202948325 2.49954412212094 2.53413841781302 1.3747449051269 1.08608784995747 20.7597453240306 7.48045247347868 5.67231763753988 2.93738683402855 1.79260473603219 2.62533148171939 6.29635570432818 2.32345037425883
5.72338130331288 8.3568410066517 3.06185975310602 2.33998352442651 0.917968826911076 0.912124697836692 10.2911790402665 8.58017473212103 7.160231622728 2.03719382140043 2.04933080827124 2.42001780057383 7.92506465548265 2.160505514766
6.78393611118174 4.90223963587025 2.77944369732715 1.7939138150904 0.570449391438941 1.18697939139732 8.63611554632633 7.87288315190396 8.84220971204503 2.05239490728805 1.61935697344785 2.19539773810091 7.80888642666311 2.23542094616974
6.25847167994408 12.0962874554396 2.83689329883659 3.47967183739925 0.831864625729434 1.75650765130355 111.391462931551 9.88876819138456 10.1818498495375 1.94633470175364 34.0840054602677 2.58208346251256 30.1290482622807 2.37866706990013
5.71231296827436 3.66433383283777 2.89238627150001 2.56970194412395 0.793750350195903 1.19931168321103 8.01772687333294 9.14140802473339 5.94603286319432 1.98493530144236 10.7044675117401 2.34499758121729 10.8471812137789 2.88676879028467
5.26129142117086 5.83994999974876 3.13468119661582 3.15972791747689 0.81828003126134 1.06417393852566 6.64314160960633 6.83357829593012 6.10658554284934 2.83693015073259 2.95510275318064 2.21144117643721 10.520508800485 2.38619327665302
6.59727704685202 3.46762927263075 2.62296171221518 2.29446917559167 0.679949857259266 1.26942137728248 6.89817205578063 5.84079073677851 6.55787106675699 2.78137512599423 1.78407786570508 2.15102072384507 6.47603127169218 2.04642325923927
5.43693541398247 3.21793807017981 2.75320023202628 1.9968504295611 0.633200731959644 0.978473397416879 8.03981534523444 7.74597005562948 7.20863994656812 1.15402973541193 1.92829277526502 1.78965077932773 7.32726371706102 1.97802148220045
7.55965632244687 3.70641604935079 3.01723048554019 2.84721760453999 0.555110135165731 1.05516442286987 11.1577757170563 10.3110217491477 7.51674847699093 2.10134281307089 1.98709548133852 1.35250389710118 7.29364287356817 2.15215930124431
7.05849921113029 2.73680342540526 2.9272963211844 2.23232718771733 0.84316750601007 0.971713247230358 8.05619976748228 6.49649729449218 6.56552318799377 2.50786920802552 1.43035093759612 1.5179763226234 7.16218200347159 1.68790640198249
6.90082222910277 11.9283239304629 15.0757482632423 6.10534040034764 2.60089608128354 1.58524844502357 6.7381383310031 9.31994478014887 8.03699833152621 0.82896912665691 2.15258365785178 3.80760649716435 8.23797516466741 2.28070480515433
8.18816105714311 11.2652520854569 2.441742186872 5.63208382811364 0.879009852180755 1.79613569990496 11.9010374080436 12.0136773045494 11.408967748746 1.32036411669165 5.79021344788213 2.24552905426502 12.4949615987922 2.54711856680946
26.406789310556 49.8114547982624 263.284125831209 99.4037425083324 98.7717569612894 35.511983058084 61.6339635790829 16.1761109601815 80.1282967819868 1.88561934190712 15.2572682454099 50.5377638897341 9.02520885745651 17.2945065600952
7.13450920044832 6.64664975598699 3.31208776775129 3.04419167486974 0.977902643987102 1.24085144947015 8.7647289380052 9.31556671179134 5.44299185335878 1.8529513328347 2.16599060579281 2.15998648174288 5.65306954372974 2.95394620147343
6.69554930351506 6.53536654117871 4.70243140152931 3.47112367731293 1.1552573566911 0.905796808350741 9.40225506654609 6.62930300096433 6.2229816889479 2.27772074870192 2.02643509939078 2.55531408230622 7.32669799678343 3.08265899002326
15.6455768645427 15.4127077276579 13.4160084991946 15.2536324123711 0.341906468688821 1.28570400516754 10.0616850470835 16.2135097824625 21.8502303652968 1.07178449862897 14.8023818567605 5.17619845802149 24.4985620623967 2.65150219953238
14.4284198151018 17.6503477740417 13.917282511101 15.3043504616897 0.28061914054993 1.19527131823504 9.35210715517298 17.920909705533 25.8395434770726 0.829292234082377 12.2579622571322 4.58170346033875 23.0644361999309 2.83981681406982
14.5179285878033 12.842275522259 13.4145131994232 11.9602227470579 0.380991683520921 0.944900549965782 12.2073417452705 16.6590293005462 28.2390021871021 1.52725660309753 12.7544714107093 6.1498007436603 20.4250207349135 2.67331493119614
12.6137471963716 14.6265787925618 10.8568420912293 12.4422392853957 0.323050570213363 1.10395982324905 7.54761490346378 23.8373533683775 23.0776172264175 0.733817460180387 13.32120814514 5.34714551881355 20.9399218075975 2.62724036338747
13.7300235848745 16.2850713470129 11.2507355752319 13.0320396379557 0.345547183464392 1.15986689974906 6.95401182979673 16.1983091135621 22.1833772216047 0.972095450736204 11.4727480028583 4.44132199775279 16.2601702519775 1.42650641448859
14.63178053965 11.5073484359656 12.143276487445 11.4652810735116 0.564600029042871 1.0491594413719 11.7147547314246 15.1260364638173 24.7215561425508 0.868423643730498 10.5978277325095 5.09243408285094 17.514554147843 2.50286231467928
12.286233022118 14.9708939446275 12.1359406470335 13.7160757954189 0.644545074412777 1.24649520035493 10.3527785679894 21.6369838524937 30.7355439256071 1.32776735042005 12.6659985230067 4.15982799003752 20.6038813937936 3.59229432851118
9.46857624070486 11.3818174544563 9.17927833068368 8.8386423864302 0.49129277257449 0.961523262463027 7.30216517147164 19.1925753531108 23.1867948888236 1.05273638821326 10.7696052662856 3.88756904552208 14.6578892079623 2.99055773888503
13.5099371514007 13.1747506277299 11.818271456239 11.5109439189331 0.348618862557368 1.25960578614841 7.11553395156937 16.670626620115 20.5827886529389 1.24367987739607 14.1855927323262 8.29617876463016 23.6895594543153 3.19409357028688
13.3648416278315 14.488186197873 12.280206453605 13.5798366511704 0.481284011317585 1.18620936529219 10.062185397869 19.0887138896702 27.8150545632852 0.874773330945778 13.6713235171947 4.67631885198358 20.4312067032776 2.5733218404108
11.5665291234287 12.3019643851071 11.8782264936378 10.6639012303345 0.395625229391199 1.04731533025615 9.33078506254062 18.2991795120216 27.5890697688405 1.23176352819928 13.6991797348904 4.88535132969265 23.5981214790857 2.11729804283618
13.9782514415413 14.8813572198627 11.8332706136988 12.8210498144327 0.327813829676851 2.20527280599608 12.5432883608958 23.0236882629388 30.1262390741065 1.23747899467242 17.8594715897004 6.89253558923355 22.5682624159406 2.93916692727902
13.0119742079986 13.6879491100326 10.6890447431133 13.2779664513313 0.490624531085921 1.00048213339439 11.1088995378999 16.6562520492255 24.2555608448865 0.733170209549948 9.5860759562463 3.66862631257337 19.0654594947891 2.16504983226036
11.7137765637085 12.6254790747797 12.0010527064037 11.2869149472416 0.493052948311387 1.40160345479094 9.54284252293235 14.2921094914643 20.1982767503742 0.921432484445917 11.6353688548198 4.48333631200619 18.8923173105893 2.1736404054635
18.8670284199217 20.1994605008638 17.2294881851754 17.4094777435503 0.346616202644215 1.55668549628358 15.0823051227021 21.2771286418729 33.5898261812769 0.85348879800888 17.8039322674998 9.38227642714649 29.0258481442222 6.58881940920214
6.64681075916528 1.9816315612221 7.63790760535679 2.38031576074497 0.931279590933415 2.33836362283375 10.1365666549427 1.39667959927965 3.86952824580738 0.787700279686006 0.957831439981796 4.11765427073828 10.6862601622951 2.18999375704653
8.33395998313002 2.13289741449901 10.1783323678048 3.19632078657439 0.706896037638871 3.3008254486265 14.0845361524542 1.68067144808632 4.65634033838976 0.935498859208096 1.42911591741166 4.32559092517349 13.5662132346468 2.42324508391863
11.0396263667426 1.43390405660428 15.9482202682736 3.63897313093852 0.562875637091776 2.66087282197659 14.1640397404878 2.06096969147249 4.54790878532919 0.766079181502931 2.17475998428936 4.78854557754527 16.7073513344527 3.3288991026696
15.1867370451318 2.44943005775586 20.3357611106488 4.90847191981493 0.80610542471837 4.10296850483877 18.3370222595061 2.06135020532726 7.28949382004291 0.697004293870966 2.21723488635976 7.75937560816172 17.0665445006429 3.30738663987524
9.01683219988155 2.10931815247117 15.4760224428256 4.2039092136038 0.502613480022642 2.84153455864892 13.8745163969766 1.66360913654136 5.16008093098866 0.727385215736537 1.37095314534842 4.51999504377935 12.9070841764938 2.85236238214952
11.1527122447365 2.07740278260136 16.1588440630656 4.94623528215095 0.688636952684808 4.2759756284668 23.9051793325773 2.14255035499949 5.6919461903357 0.816957706761794 1.75210421785744 6.44435080351509 17.6999457943067 3.14505189711041
15.9537257999096 3.43652501169705 19.3274989389681 6.66739255381992 0.45636330872649 3.98702125446519 22.8766321487312 2.80558970758815 5.3500949031217 0.532176898182041 1.7841102721334 6.70551381183879 17.2812860745361 2.82547896328299
13.9124453703003 2.33500515097853 24.1864894319867 5.66434921005551 0.512672376006299 4.98785053069217 22.2648690659134 3.39007871862374 6.4939555162818 0.304910516116027 1.90592059496954 7.49464420427042 20.8447730881643 2.92579785216535
9.24036828584862 3.00935560042433 10.3025147500262 4.58637957783138 0.619226905003042 3.66336502554732 15.5410683734958 2.02157124011665 4.27705843397755 0.381194918107158 1.79035872785376 5.21600646711278 10.2043587566219 2.8572830834886
9.73241569395758 2.97669351329027 12.3279629459325 6.77967321589034 0.782396679752149 2.82176856487308 12.1033114155217 2.68069814175047 4.88655696713716 0.414491528927657 1.95139066680601 6.42723435249418 16.9236700553414 1.85363644069147
10.772161484411 2.57841496276842 13.9330301766219 5.5808886551266 0.891903020120358 3.56412776617809 16.5882042452024 2.73831971095262 5.89845106236712 0.494421187067066 2.00051999732299 7.02322467801755 18.8595041719228 2.49279944737373
8.00680797964105 2.0039737322566 13.8835274513822 3.29516745355363 1.05043399880169 2.53732275875983 13.3275446266595 1.77353832205592 5.21389987642306 0.879677303017486 1.3292285885557 5.29803784740292 12.7202155280308 2.71450815780829
28.8381674097779 28.6270227956302 21.8936615981872 6.45186971058497 0.546756282471237 6.59368381194511 8.39707817779848 17.5744669026315 8.61058112017164 0.881313959550395 29.4714875018971 19.4693831026706 34.1257658752621 4.53281018418008
17.7889940867449 17.2467093834401 12.5823302709474 5.08891446402262 0.567859644457723 4.15768794629918 5.3660978337262 14.1139371858836 6.26252933828415 0.649701353709986 20.6027536970927 11.2676235543743 20.9782458497046 2.46055026709169
15.099325968653 14.0920303816074 13.7883286800518 5.39977855422691 0.452842223203526 3.54915029034974 4.03389323178079 12.3250871499857 4.2022692809766 0.84907350915882 14.9317110764357 7.00669905314731 16.620947324382 1.84987158450885
15.0260237987911 11.3467826056971 10.7348111609743 4.07675625167589 0.749958681670869 3.62996040198378 4.30931051100276 10.2703950486799 4.62546557633305 0.757576826597123 16.2608953937346 8.39616293122872 12.9735634626097 2.97991906282809
18.5777245473397 18.0208861593717 13.6317143851514 5.42377354018373 0.511616913416248 3.82795176889796 4.10542824814777 9.66731098472628 5.41784226958982 0.793106488316892 20.4697589834765 11.319434204239 21.7152606347711 3.23938506883737
11.1877511675807 11.5076467190414 8.80987657726852 3.42205116082658 0.556951762927476 3.57336130790665 4.4667133131554 10.482480778496 5.09862851427629 1.03909012049747 14.5515097146254 8.13822178471528 13.5297451655347 1.96319948823569
17.6676243775869 16.1637855133671 13.4989344181084 51.2125205375616 0.487220624777354 4.48286270300015 6.01076846973331 12.7408967613798 7.19820637377848 0.70900357553953 17.476868877695 11.2812220661884 20.2107732275122 1.99796936174455
19.4997173036635 19.0009312663863 16.458917837952 6.40541432574544 0.472956463438187 3.85957966823462 5.42982649845631 17.4826040845291 9.55567263257401 0.840089172959106 25.5223584320416 14.8658232968719 24.1127964803274 1.78135836267964
16.4127098988551 17.1579341846871 11.7509756584468 4.41422938016397 0.377320371754993 3.93485435173431 4.64187476856282 10.3507098258744 5.94109684705944 1.20033351970243 15.8721394604656 11.0532824019298 17.7451048286133 2.74669097325008
18.4352604023051 13.698828010409 12.4657923769246 4.07259537280582 0.63640100082885 3.1867937201402 4.85221174147237 12.834924735583 6.96047562697652 1.18823958437594 22.896032018578 9.90331739116824 21.0418943370816 2.14599571728473
14.2461105013455 11.3351905223769 9.23205035543707 3.82519752956023 0.465323185630061 2.05629802972479 3.35535463146542 9.18829622769921 4.56537035753659 0.978791955575637 19.9350013599103 9.22314570163345 14.0826365561257 2.11391022219814
23.4629623647364 22.6120848315746 18.4454446963901 7.10665386926378 0.798599936352116 8.56797526404012 9.06568974672127 20.1961531921943 10.0398697654908 0.938366902925946 23.676030541132 15.6830091117641 27.6220131576808 3.72416668288245
21.3029389245576 21.5162338885681 17.4807794820602 6.29864076769504 0.662574229771588 5.3640058040507 5.95774400240008 15.4605544957332 8.42408678471454 0.820328235741967 22.4173615863022 14.190739557735 23.2172248741372 3.12759603370377
19.2351479301708 15.2964963169661 14.6089678572117 4.81319251707764 0.655459859217392 5.67764491792193 5.71736400862308 14.1812355537289 8.05217442753959 0.764441493836988 23.7653814438595 11.0114830562437 20.4518590740147 2.4112858425726
18.9509883568652 14.3167870903926 13.1995471164372 4.02529180974633 0.697882790005463 4.05811402957881 4.44423181694198 14.1792858640323 6.82982272412211 1.07889671421947 21.4747859660846 13.0464184400966 23.1761786045667 2.80082916562373
23.5743731267188 18.4593045236971 16.0751484771986 6.23992272679029 0.661874552346482 5.85413986796516 5.61273324953658 14.1354313275736 7.55467577535125 1.28630867785118 27.1899465400538 15.045384726061 22.6758952935502 3.09633158883276
24.2067015372283 22.3249371821774 19.728874243462 6.75139741034602 0.590825612380502 4.42947978045159 6.39177583521825 14.5092066569594 6.53220079393306 0.65965736087875 22.3355698342399 14.3261934201876 26.6342749860558 3.08948795010715
25.1955714679844 23.6947806466776 22.8797715496304 6.57103576402863 0.382429766009149 5.93664279544484 9.38865361892237 25.9068016600247 8.13403828886036 0.924911457348362 28.0973007370435 15.7936730910485 29.1518692986377 2.64781241989502
22.8449032327335 21.0326823617727 17.0019727622598 5.85620683609543 0.400311889388119 4.46336071337158 6.80915518480616 15.9720433105443 7.41760192084456 0.91235813986896 19.1745107304644 12.3074512812518 20.8175694994816 2.60582934563814
11.9568244815496 10.2399148062482 6.9306741183673 8.38360111498711 0.554207190442459 3.16534592236518 5.01019268780829 4.94548310372664 8.64743779682495 0.15390867069443 42.9183532088885 1.1563804908948 12.1859468803641 2.22156372852612
17.2442881001712 12.9236127348886 10.0600178661071 11.8839086601304 0.51672774176437 8.1814979075513 6.06553599286182 6.21768696356222 10.2836720899986 0.309203592225888 37.0940571403983 0.920665226185471 12.8096387006049 3.18485734003357
22.041495121535 17.4663909151506 14.5879751897762 15.0109211750638 0.603455965418288 2.82741434137082 5.61430394553286 6.50420311156437 18.0420390448122 0.504713649002605 61.6306535866939 1.91525684839531 23.5691205486658 3.83723438748555
11.9319691513645 14.7661175009006 6.76694569025924 9.26351218261291 0.376524708491965 3.19010603996909 4.98133237569782 5.36285700976955 11.913942565042 0.532462230235508 51.075437722671 1206.90896832298 11.2018255410091 2.56434335059062
13.8181243747519 12.3833023146382 8.83795738289033 9.91790643668815 0.551655042113098 3.79694705176022 4.95338083086435 6.58214529545907 9.84042138958559 0.0894741207756518 53.7943069998055 1.58325358370274 13.3762769445455 2.67818176699576
14.7471469915131 11.0364333256347 7.53349328483459 9.05558496218926 0.80143963769085 1.78854716041283 8.3517827147535 3.68984760727296 8.9507749636813 1.4451440518523 29.9287830103367 5310.23420203812 17.8574284934254 3.78861920636929
14.267256049149 13.1902665627426 11.0003401429927 11.4532853220699 0.663188564059591 2.7956950297441 6.74958034352351 7.01581326329504 14.5917913149795 1.42775858215069 42.8681185116132 16592.7069613122 15.2500759003209 3.94770574172348
17.5062626750851 13.1310151140738 10.361057274693 11.6140188947513 0.619272163279113 2.52546958322559 5.14880312758282 5.43802195358603 8.70582344498243 1.54522599459234 31.8715621988257 4932.51260337809 17.8233007719592 4.46607563956737
22.6050192532833 13.8326385264366 10.5151539768406 10.204413449994 0.419375990564211 2.48421108806053 4.33767788532466 5.23457107181532 13.5882840094061 1.63880654507248 40.8696960096856 17209.0875618116 15.3121951813345 2.96191330469345
17.8678591727121 10.6078719727023 9.60824211815845 8.63222361941634 0.361134216625237 2.87195616572308 4.37237977851516 6.04521409280144 15.3367994968375 1.69756574635345 42.5685128524149 19334.4840219126 13.315123240943 2.7763897802359
10.3862810231396 11.9393791709025 6.11023897223671 8.87910550286967 0.623963463975986 3.0967972131794 5.7024442593626 4.89666598548721 7.80496593648189 1.58736960706578 41.4866720245595 781.885412252419 13.8992695705097 3.21853438062571
12.0991039093961 8.91375191512291 5.58799721340334 7.66766716562537 0.665925015496806 3.95004740198766 6.18327675525301 8.18552838816179 12.4277707193403 1.40037195582934 61.8055823302765 2567.31405394672 14.121108737807 8.8692825474293
14.8463860323986 8.83438093469011 8.10931596710768 6.81856527080934 0.413300683189448 2.1862618039722 4.93434775213075 4.44796553202117 8.52146534426464 2.27093300501871 38.3326759968788 363.194470505624 15.9585160917134 2.46118587377894
13.7013573577093 10.2461944197263 7.07703803122734 10.0147470102776 0.338045804844416 3.03145107691878 6.11559506541468 5.06709532457771 11.3275952090338 1.81334310274769 38.3174750863025 3144.39695400469 14.1772057427017 2.64249528215008
14.4016645062369 10.0164149589708 9.41822915508356 7.34566808001523 0.545515429317994 2.74043020660675 4.18436610208616 4.91101662951122 11.4455904051093 0.0724173137322461 74.6427598941151 0.902619727937932 12.772880665041 2.56442740869341
24.5699523196065 17.5602231034153 13.7801322667071 15.5329153845799 0.478127041635255 4.53960978849604 6.54869703969849 6.38775999198066 11.5407660436144 0.120538182646603 59.2084375602379 1.42831659765007 19.7297185091455 4.99201293919544
