3.97256201653767 7.65268439398033 2.5244407774225 1.71243069590244 0.0713798779377886 117.445699632611 10.3559966939448 6.83970374267474 24.0467930863154 0.451315149544232 9.22777237143308 2.46686506620588 16.8182011171305 3.24175943819112
6.90742415869672 12.0581851495933 6.03548752260452 1.88972063673769 0.0619212181829287 4.75199715216203 7.93599124688702 7.40556246492467 15.9188405533072 0.922278948891067 14.7293611590908 6.85428203391688 17.8772182394855 2.41064550072821
5.24229543594227 8.54720889869855 2.87820420414767 1.63930907367497 0.0454866439869834 4.7363503644718 8.14517454607294 6.57808648384294 9.70021126890146 0.704160657937403 8.41227004507867 2.8698223515389 12.6774716684807 4.15301921799633
4.621650776802 11.2669698384569 4.07988842504307 1.70327487381524 0.118548989101069 3.97236676872878 5.67338408063574 5.27034463583593 9.43628348612946 0.678635498930211 9.49498741268129 3.82828990485051 13.9011943163787 3.19884695250215
7.73289061930916 17.1215467498092 6.78110680084464 2.49803029583403 0.0716202855030938 7.73002693793548 10.1808669655606 10.975482077489 21.1846359570983 0.857419054935431 18.6388226837953 6.03036978875754 25.5925909657842 3.30731006009818
5.00168748660899 6.92213762858708 38.4213702385504 0.769688717837392 0.078827720587934 5.65836994877422 5.18355307570638 4.23802854003168 11.3060989187006 0.871396969699667 8.07821028181774 2.79174663842696 8.61932156062005 2.27549806142155
6.07647608808247 9.06549678868238 6.42605488889009 1.26180017676247 0.0837857600036207 5.96304366052052 6.34198544378306 6.60834907311743 13.3505054305184 0.595473878235422 8.01317251082109 3.07767760126219 10.5976637191361 2.31584719647665
20.2211330781167 40.8057082440617 22.9447431821661 5.65792034473503 0.490147790196452 30.649497587821 33.4008073926315 24.6315803351614 47.9816796682193 0.603780287701366 35.7321621162656 14.5832594216476 36.4711129464969 3.9943286527489
6.65698425890346 10.4662546427125 9.20874357443753 2.62856539213785 0.553998867243511 9.90165017045874 10.0198755056861 8.08487341794887 14.4454671312294 0.439870257616285 15.7372754356174 7.9349536799731 17.769310738317 2.38659535099018
6.61442258825072 8.01023091418248 6.02363983181725 0.25857308837692 0.0828084347776612 10.8985703345028 7.31208570178814 6.69866199546594 12.559832758317 0.940383348646911 12.0587943842404 4.38096049920658 12.0175022244923 3.44127133360591
11.3204185501058 9.82216160476579 9.35991568669214 0.273927497322376 0.0708175711306045 3.09569071504981 7.09462525936616 9.16613349607651 15.7909651481307 0.534384005363834 10.7989487523421 6.54735729059135 15.2320755384958 2.76444859449754
9.25394542164993 16.7518854173808 6.37019410243181 0.256735525803542 0.0852618138274172 34.2259864399361 11.9627958015163 10.2157624116669 30.9992694184601 0.371648500804195 16.2051118329031 5.67672728313153 21.4963731359796 2.7950949578289
3.95859699322641 6.46363521046556 3.87032736925912 125.865672436373 0.0766338952945211 3.00570801972353 4.73773098100335 4.49454387862503 6.56272996009263 0.391431883417309 4.69615245718041 3.18397358205718 5.43869640646372 3.16539847262953
3.61328667858918 6.98969188277151 5.74975158805087 114.978934934496 0.0759825769548339 4.79125017969793 8.39351005595606 6.04285385745996 12.337374190776 0.352366102666707 6.97097789490485 2.9749874818042 9.12725081096667 4.4705115357239
2.94493232706369 6.62088181786429 1.78322757361856 0.900088885301038 0.0449548819275919 4.53948477635101 7.68261007196466 5.33271918827468 8.39777933954523 0.558509270483834 6.00785388040065 2.65540584563554 8.78831343251331 2.41283361689535
2.23262267938532 2.22112014543823 24.6599880470946 1.80475209156352 0.0692673173875196 1.38261040251906 1.42528557046138 2.03802296486524 1.65158384827103 0.044953322639041 7.73431882660625 1.15484236135321 3.08184824871891 3.87800651574868
2.54518308437959 2.90260301579257 14.1996301016635 1.69189613604351 0.0615719114733941 1.03763038906346 1.80411594051444 2.13248053392447 1.1071856622133 0.0519001766964759 12.6037913202786 1.4839484262742 9.65886427567889 3.22416592612652
4.98505893237637 6.82763931304026 47.5455602737455 4.08127258034196 0.0747591678885897 1.42638861107606 2.03219722918894 2.98250727596821 2.78481687610614 0.0772367017004728 3.07974864115088 1.88893134051451 7.54875474938474 2.71886478409874
2.0776550537985 1.70074628506933 15.3744691982308 2.65149925310777 0.0649000333658884 0.914725429548963 1.24144169732866 1.49306144936652 1.31745984839092 0.118775032586779 2668.85175229322 1.68715236357409 3.86714453635466 2.95334457044492
2.96779325552254 12.7752683276853 8.50101923205214 18.249784415244 0.0444485681622392 1.7781939009469 3.27624180527201 5.39919256724721 1.92207184874456 0.0939300229265472 4.6709386161154 1.87185231631726 3.8910208098473 7.6130875666148
3.09594657881504 3.75397669460615 16.2607345898873 3.71786506139809 0.0543481648005559 1.03814438918897 1.71046886540172 2.87036850953944 1.59848685460602 0.172772671486414 5.88333193867156 1.95840237870054 8.27672724542596 4.56393741611601
2.07369340035909 1.8926292115355 4.00177457616959 3.49118710771036 0.0380561171634856 1.55781176308325 2.00752490432489 2.58433368947971 3.97942302935104 0.221688397339609 10.6129112531533 4.13655833749987 3.23520007638649 4.28582922698169
2.21093336617093 2.75236166115046 5.10512644435064 2.27294417918292 0.0401333578770822 1.67148038286066 2.64009005095151 4.01621323433893 3.90616653396748 0.154949939746388 5.45434157609617 1.84332993967992 4.17140537426531 4.02576905931812
2.29864840092622 2.8514383006503 2.29617433734912 1.8130004943211 0.0685089575890025 0.676732769622602 1.78924886113661 2.94022574719748 1.6492459345016 0.128618708949445 4.65300098408954 1.16176703107702 1.70446872822935 2.36175180341388
2.91533753888391 3.14087146064361 2.67727403963318 2.03750234384949 0.060402452882258 0.849660375177507 1.64810042931955 2.2257444296634 1.65849735011887 0.137215071322864 2.53538669703452 1.52906199280061 2.4757452447659 2.371681996312
3.11992566553017 2.55472464041168 2.19178851154799 2.71657974563971 0.114413636553035 1.13387132795325 1.56412716074786 3.74610886820651 2.47999354472036 0.160263500525335 7.08958589913931 1.78188853889129 4.41577118579365 3.62548641424622
3.1890386129946 3.16485678408557 4.68775476287506 2.73014333270376 0.0995080814500249 1.49648230654734 1.52565808326216 2.87528750530391 3.00316883434094 0.155837519073763 4.65281124445326 1.46387989625748 5.86654558156486 1.76205055719213
1.84756590096325 2.26301566084161 7.05586219350233 1.66461660404909 0.0890177006882473 0.992195279588481 1.00531587474385 2.02803157620334 1.52014002856395 0.121021835530928 11.1022253748025 1.13530126404039 2.73707015490725 7.59839148244229
2.05550830935838 2.54204900552544 13.0892836022806 1.39451012214879 0.11160336675424 0.776317284187985 0.974489140530569 1.83253021765996 1.28288251821083 0.169636360140146 1.59364827070456 0.947567261709951 3.21625267948817 2.59572258199126
3.259235082006 3.62984533554556 7.13724108700784 3.13091722270865 0.0740018556370787 1.56257640442529 1.97618384596861 3.55715947296163 3.13740333901092 0.060103137306906 11.7091398269516 2.59739172168856 4.1623128146616 4.49396187069906
2.03777063574608 3.72502956967545 11.0708383187172 2.19135079456348 0.0883198400934917 1.17381782046191 1.69120548577309 2.677092089875 2.28746722656588 0.0939739179427804 8.48959229053866 1.57272792195802 5.33510938209712 9.30483069492133
2.99933511849789 1.54840008799468 2.82295944433789 0.971289212978056 0.0891017337401747 1.14167749531606 1.59180540630288 3.28729051543771 1.80509605409685 0.0837015797553925 8.01344554727006 1.34910902861806 4.01205818123865 5.72077614829127
1.21150217586707 1.77198509111296 14.7146915525176 1.43571220644047 0.0971462503581244 0.764093607385394 1.5827343101985 1.78854190672477 1.34635136164428 0.0883557950384515 6.23544032917969 0.929442341460728 2.7442481771228 4.48703304126142
7.09347452069616 8.57638070694962 10.9536431986666 14.242080400658 0.141545571178719 13.0993312640196 29.3510276046958 34.2123135369901 21.87482956906 0.174478188905472 5.68912448636531 0.629079509541054 18.2323718272773 0.648332738246639
2.62068236282533 3.10578551858958 1.59409097495432 2.42888679382768 0.071398253430448 2.49416581573898 3.76220857336261 6.78587334544816 9.00487652775777 0.206209608256183 3.35984378661437 2.1474267924397 6.02968505527282 0.514895700649883
4.70034149130753 5.01452729371733 2.87451763324584 4.00464124567774 0.141302239724489 4.98991559273713 3.96642159680699 7.44148799593264 8.43085906753513 0.117059856481642 5.985288732252 3.43454423302851 8.19494004799201 0.748894943683224
3.63684968228823 3.30385029586045 1.79072467477441 2.21602039174606 0.0735106144204321 2.35447241301608 4.13522457232363 7.22350638076754 7.30796810087858 0.0939941638498678 4.81629087695928 3.45545862145295 6.88271139288243 0.84772333634081
4.98884099838544 4.81312184248473 2.24865836170048 4.40537610266407 0.0654860666879184 3.58515355931181 3.51826099809384 4.42756683162839 6.87157716510106 0.0393866710968456 4.45826426696562 3.06259476527169 4.73704341055683 0.731226246488064
4.34379809558694 4.14817552318633 2.23677053620574 3.61435077527847 0.0965957637129042 3.55445709115445 4.34115070569882 7.45375052785702 7.77494325455036 0.0363377554118953 6.60425578477571 3.06699784840334 7.54953236688014 1.36818262587711
4.86921062559978 6.47089235218999 3.42277339298474 5.68027053854228 0.0853281028992194 4.67191526892867 8.27962209283927 16.8454442734865 14.8959716897123 0.0365560672271881 9.19444853316829 4.84359540208828 9.66105514245842 1.14325721632119
3.63860016788849 4.7384804331859 2.61275623635205 3.86544596805087 0.0867705757316375 1.99122896326954 2.75756543105634 4.69636577119809 5.69873004652457 0.0769861750993108 4.61870302449107 3.05334373770615 5.72173288279979 1.01749679749753
4.72785586876174 6.04892517583607 3.72538496457756 4.41283407851795 0.103521954935912 2.60809808170653 2.50392338245159 3.8092160068146 6.2930300358613 0.0265600995154036 5.53500552572732 4.23126854387925 6.16989913876154 0.981376112184002
13.3510374839521 5.45933615874241 3.89919907697 3.84423048466751 0.133930071357631 4.5616428603037 6.37242521136388 8.73654703719149 4.73626053241236 0.0261580241509989 4.70571262202173 3.29372614186634 6.24541394277257 2.30169609544203
9.12072276169257 9.94034183676255 5.63139992013753 7.86652569148093 0.0630091247375634 6.80074850440513 8.02183308224755 8.3422711697619 12.1129323961874 0.0199848832584632 7.09382615905721 5.17904929973277 9.27988540915564 1.86019521671218
5.35141478664387 5.93778921145829 3.17083800761207 5.08078313069053 0.0758017666555209 5.95382726990135 6.59180335014732 9.13325500335702 9.0826982006135 0.0411124673009074 9.20219461818371 5.05561981864179 10.7956369193971 1.03153835542846
2.77540607063224 2.65412057886091 2.27051699304253 1.962853240609 0.131324266801882 1.55378790839683 3.22122301489722 5.65716833352806 6.69643024079414 0.00847454758487529 4.85808449099306 2.7656673540833 6.29174742515767 0.918160341742094
2.54125257156462 3.71355866377052 2.29194678141754 2.84204863865873 0.0962930121910212 2.23908104894468 1.70232213281414 3.29082235996635 3.96818132984541 0.0980262368604871 2.5761924957714 1.84465516296857 3.49504203361321 0.382997774433596
6.76644526762418 6.8359980380112 20.3337593400005 19.9346575526974 0.432900325311297 32.6226434538239 54.4167146176143 53.3352734448993 39.3337381240717 0.237420882332814 12.7965152570203 1.50336025810409 35.2930826532405 0.983742055093604
8.58943416689084 5.09208049449934 16.4184945698797 11.903832407654 0.254365754516769 21.0242447746553 38.9597718027551 35.3694109772327 24.8640271965392 0.211095472393219 7.15710818665162 1.41914340267302 19.0982284504054 1.19491406595682
6.26719557804408 3.50811146757493 16.4162539424465 11.7580900561058 0.337925589425791 28.7474318881958 45.7487612960796 37.5871966983823 22.7246321627308 0.216453061199449 4.37865417909184 1.50148702717117 19.6797959304248 0.964998945644741
4.86800121802613 3.73364847056624 13.8265591874251 16.0035046660926 0.507465113295571 20.963606432786 31.875663670803 34.0357477189992 31.122052730582 0.271966114357068 4.56002295299865 1.12288922656854 16.7024301013653 0.939468821011002
5.82265638845558 10.7897650131925 16.1539814042218 8.78121457157573 0.254547121133661 24.8063306092026 56.0498757093906 75.2201989155266 60.5735859699115 0.275908970660147 10.8894037359727 1.26571850417167 22.9466804668978 1.19135870313467
9.39294479283154 2.44152645085534 1.75839336480503 2.24820408528037 0.0977404814349329 1.0875219169539 9.63698001423213 2.63052126474804 52.3054249738797 0.0696600975106692 2.40766309891459 1.22290950438988 14.3641328839773 2.1354548326535
4.86547275542209 3.46450731114795 1.15812421200371 2.17619632148002 0.222235362191602 2.07967324805976 7.54690846168392 1.62852445948359 34.7779921955852 0.0783292943154052 3.56712911445025 0.91953300341864 8.48034108952988 3.02610386777412
30.7835057432717 8.73435271920088 4.52989970992614 6.35013149267003 0.297995308979823 1.70911843160804 24.845286221524 7.79618969463392 212.829466292667 0.0733318382180251 8.92066589713636 4.50483426431957 51.0865059177367 7.66447754815738
4.44483090747971 1.86349367702363 1.21597042566703 1.55947097067311 0.242211400472816 1.14601407801372 5.34824041637811 3.31792579969478 26.4726139800523 0.0799433290777536 3.56992293539064 1.31432068311299 6.53687332281871 4.72677376759902
3.30762212010529 2.60183688919371 1.35679107428506 3.58996416254225 0.255085331232753 0.816059653235524 5.60881840180396 2.14831649375823 35.4015126363548 0.0984056518617347 2.3361647628446 1.81429982966386 8.49672796859532 4.70106784445721
3.32844280270166 1.29758950717672 0.844036559695008 1.30254849294682 0.408053594856931 1.46676274946968 6.38993105668576 0.873077539725598 27.9340441022334 0.170903484027261 2.53151419428986 0.991810387521793 26.9116011901432 21.1709432912765
7.03683382891084 5.27038923878892 1.05904838308612 2.64624604768608 0.210650710487439 1.11217200669759 4.72845969932766 2.26134735189927 48.692891305065 0.114659244310137 2.47554933402478 1.02014230667475 13.1521386272906 2.19742027369441
5.12396292555966 1.34079470647792 0.932224642416468 1.10328704263775 0.176683215329548 1.15667260197092 3.77179008408625 4.03749183990862 39.6872065813008 0.0848658313348371 2.17457716393427 1.09301247407458 9.19900636763917 1.03002108283121
6.78610826813508 2.23317506495085 1.74492954153633 2.05291538088781 0.135801583586128 1.4757853582938 7.64417668355845 1.14266083730648 42.6966722326718 0.185903597814031 1.75616277800335 0.944001664353401 12.9058081699662 2.79941834189263
9.43650089349048 1.79924185320635 1.70339735063069 1.96122325714725 0.181776375150205 1.397410114826 5.96819605814979 3.29226689262722 47.3985277800192 0.143602077649897 2.4884904774866 1.62004938582271 13.832400725736 1.79121814815406
46.124567530045 11.8543741127736 8.32746892413562 10.4347520613763 0.147432155115867 2.85691428715162 41.1687463032299 7.55516027636852 413.807516974473 0.149479553712069 13.5869456261137 5.73090585585863 66.7141925183055 14.8793992664121
27.6866954129249 8.99634905808932 5.00756310589265 5.2654411689379 0.233968116317034 1.6120873888203 27.1401537138542 6.58408327801118 260.762047788532 0.0832512657344855 9.00427359643446 3.83852901736669 47.6889271054107 9.35311670597623
6.40303237550197 2.39502162447283 1.1616544977823 2.49981849568751 0.273072447029208 0.781182403346175 6.76711958528058 1.9701519342224 45.7802574640278 0.0580342994675626 2.18957380636676 1.01871791526401 49.2386167155084 2.71664078548813
6.00779380804118 1.72712821288562 1.90761252300572 1.17370728889972 0.121370410975982 0.77070573457718 7.09702778363841 2.28814124443487 55.1981676795304 0.1591112724203 2.5782956766974 1.4892388634188 10.8742386059853 9.92679751304975
6.34934646001121 2.42950313361998 1.33194974462714 1.64820543299382 0.257748513746903 0.909205755009174 6.60995080167583 2.72339565285799 28.7993729072697 0.102400055065127 2.28229267476814 0.513064163147308 7.52508795863964 3.76363921896647
6.46705619952226 1.66442313113127 1.49448047655538 1.81563051805284 0.175381073186322 0.687201764201511 4.98022590248201 2.76092023860203 42.0682851078546 0.161139226970245 113.700579407665 0.740053493695056 8.20296884922417 2.57507495511859
2.49143156735213 3.43017221701643 1.67449514880291 1.79044569089191 0.122185916352213 0.577695934915176 0.526500428918522 0.263645573327702 21.3452365153571 0.0507642639304934 3.48803654890672 0.968299289676639 3.39325798721521 1.32679218622988
3.39067878910326 4.31559815870506 3.08164603116178 3.87998103806107 0.0997856207679727 2.24647452668852 2.91254963169965 0.929838477745271 43.339658852544 0.137730015732198 4.82331299906273 1.86329410143858 4.30065293902164 0.70629542375835
2.13052836746409 1.27156761953039 1.37809788094157 1.51205146239499 0.0631718094850423 0.995193624022801 0.568215803994835 0.30632055790595 23.7672241588345 0.061440242402604 2.71910552521704 0.691578430609337 3.6700925462614 1.28281842546748
1.86020592688768 1.51529355336521 1.07515725818901 2.33658434209757 0.101015202000605 1.28498789554344 0.787995874257138 0.334668000153512 23.7107096947698 0.0830919399388621 1.69544654506851 0.75723856661506 2.1484961339068 2.65294503595899
1.20233334866127 1.02921411203497 0.861546576654366 1.2488648359764 0.0516495417417671 0.480432964732709 0.779492528779737 0.194406492888466 13.6819631240941 0.0992553054957469 2.59102342025852 0.517242617373948 2.03461239399246 1.5542552118918
1.23031197708241 0.935519462599182 1.10690719652665 1.52661465692413 0.0486352524048251 3.71422553519403 1.0002213450707 0.248851978939156 13.6661894145036 0.130652745740333 1.7863841931117 0.484850272769281 2.06715595439038 3.17163828981335
1.79417731236448 1.45960951554923 1.90951745885251 1.95871073723171 0.0956637587715284 0.840240845921547 0.450437853663292 0.477852543634643 30.017800760258 0.120625518332132 2.93547552421759 0.947314755843858 3.9673542475411 1.37921590741066
3.01854690169487 2.1897329116901 1.96179686726285 2.35547550892679 0.051832651128663 2.31480941126357 0.609497677311644 0.311057215353265 35.6377887587071 0.104899142713364 2.36797384323916 0.943080127668408 4.68209276111857 1.82258178155032
1.34336592530835 3.68765344707199 0.643756050307698 1.44559142913412 0.110640900411838 1.00457984476256 0.816521327376323 0.198962558781024 11.979802399487 0.0635874239153762 1.06415336802196 0.400929413183522 1.18818927755158 1.88957586631618
1.93645375541188 1.93537445827883 1.09579268532751 1.84950580069055 0.12822785917972 0.947164644880725 0.743436854264747 0.508674003215431 27.9972589778925 0.0744581235364958 2.2855772725089 0.648646563787556 3.87440641035053 1.88553680163379
3.48399856318238 3.33822632284978 1.82317907693275 2.21263551386616 0.0841090123952434 3.14629298952169 1.23937151887777 3.3834351092556 56.6108664687502 0.134011323099958 3.48721273568012 1.02196234945348 8.35769399801817 2.57443168996548
2.03742588885014 1.25948320947815 1.55209587163734 1.33129504520257 0.0920024725956725 2.13703223735496 0.409466975060108 0.363471649964419 40.5967161107945 0.12224013606832 2.05320773873687 0.834298419912257 6.12885620303794 1.97282618921372
2.87172977711697 2.29488572011863 2.02979520296291 2.55168290422426 0.151269543518634 1.11477546206037 1.03545642129189 0.507933724977035 55.5843755606035 0.119621930539496 4.08376986243735 1.11350479299202 8.66907210318343 1.64364080844945
1.5791187435667 24.4293641734608 1.33834898276086 2.9159221518985 0.103117736741519 1.25861007276511 0.629306587185417 1.0201550197707 30.4709838634994 0.224228147217065 1.49356584797254 0.782394820826668 4.85469632660927 2.40030416355283
2.4876603148828 13.3449285234044 2.40936600392142 2.56705121457656 0.0822504815430756 1.58431591568953 0.647246664922465 0.479806409697702 54.5447490728332 0.0994385064231928 2.94108617790279 1.15976393970838 8.64010118403221 1.69012450291
1.28057134236619 2.73016533738313 1.10011914190507 1.24481546461711 0.132516058365199 0.958573019747328 0.560657638306585 0.791521691961509 24.5382860181983 0.11330198427381 1.06696442879249 0.492744758196539 3.63149045171281 2.00401855854186
1.11003310435799 0.684920712440757 0.590724011999355 0.968949643647081 0.0883779848096485 1.33166466488305 0.56667296616969 0.454769069266816 14.2328485624688 0.0904718316385954 1.32546430771782 0.388417469228865 2.65246080474667 0.671396276405649
2.46047577729255 2.35232721793605 1.88767254340033 1.76479392027527 0.0648258861903998 1.4192991697938 0.557019752944721 0.359351208775841 49.6889634575383 0.102496921627472 2.61961544728549 0.869661188069595 6.99995569354582 2.52137048108448
1.9975089189607 1.61658875138824 1.57326229647078 1.70772807248067 0.0996712906139237 3.48269667879452 0.514085493406268 0.194966092030975 32.2860367304116 0.100076650582727 2.93074839039369 0.555047682849429 5.72732308848675 1.55345250614073
2.18758996122281 1.3634296916574 1.06554184447607 1.83861295609868 0.157665163298757 0.694324356571698 1.10818569225568 0.30801025110681 36.883462817555 0.107679987350012 1.71245386406082 0.69744885148599 4.56038210102973 0.829151052853894
1.23361161152212 0.816736926427476 1.16908946195179 1.23800486459179 0.0625199296099001 1.30560348038967 1.06788279905724 0.18921680214367 32.4359934074899 0.122732123556221 1.54275286029132 0.60096987292222 4.33376805935679 1.4371958893382
1.45015179292577 1.84456816513847 1.1885076466552 1.69615479000152 0.107550912659883 0.94197566593687 0.854627680574259 0.266708956502344 47.1646315274515 0.0696186325077964 2.56009097989235 0.799968937728119 4.92153321366153 2.29193636882562
2.52267105927391 1.85317217400205 1.96738881773344 2.36767517402448 0.130420242756467 0.832741239815448 0.481046352958326 0.314155319700168 66.5446086040332 0.0474373756984895 3.1610656163537 1.03667750615427 9.58955662290368 3.09125825761536
3.94066963267721 2.7983971368224 2.82880170671863 3.2236451632774 0.043470553907963 1.2394575589629 0.74073393977551 0.421211894485966 76.1729333606037 0.0891355709115592 4.13415209213006 1.04469975979542 9.60507822920848 4.40939700083737
2.31359450419878 2.10721769876587 1.43507015248411 2.1741285751789 0.0787522042624131 0.663628568534743 0.518063914823572 0.302313680694124 34.0081584687809 0.081087766118894 3.50434502652493 0.619318887557315 5.48809221231128 1.96670995514722
2.19927287295436 2.11695993105111 2.01632193798741 2.84044904042951 0.0605962194462688 1.48230309985776 1.18322124915762 0.430872821383984 22.6686727168983 0.0517799632234192 1.99394249069763 0.865614239178102 3.17556673713485 1.03677835914789
2.07957109458474 1.43771260738803 1.27855768089171 1.4650525508668 0.116182762244305 1.18072907082857 0.508921652742482 0.351832062712812 34.2985525624384 0.078958162929717 1.83037464230846 0.617310824689346 4.50836538121261 1.22605216904468
2.9123326991474 2.20794080272943 2.25318187576627 2.43510110738681 0.095247092917582 2.5875648512377 1.44704990059677 0.442304398377245 69.5080347859089 0.0826313289326569 3.50350701610473 1.16654413767861 8.79715079060598 0.724896778189328
1.3054968689204 1.26305416063827 0.872812391073243 1.06721406249188 0.0512293080225831 0.838621175275447 0.652399752276128 0.363561953515484 9.94045366359048 0.0601534513492578 1.4233035313508 0.361484381408261 1.66401978773979 2.32880375020596
2.007678887433 15.7668391744977 1.55902413850623 1.76105562839632 0.0723313071743375 1.80913228253335 0.394213975886824 0.240926486032819 20.6384131149655 0.0663789364544903 1.60371942831862 0.694319210297001 2.46915045264546 0.944486311951319
2.0010267182517 2.76262378907596 2.01349996390273 2.31598447945945 0.0740368177086342 2.05617661018948 0.933226128430945 0.416619526909945 24.300605759464 0.0659854242349392 2.61088920509221 0.9949527562796 2.6231570459793 1.41100525492673
2.73006675218688 2.52492913463768 2.15561136902054 2.76561483326641 0.0831251779917548 0.744696744061844 0.696579377277277 0.243455023198671 24.4805366163755 0.0456477690779941 2.44612919469324 0.769389272425032 3.07934513757607 1.98265296310871
13.8598717464862 26.0131188091456 2.16045672369809 23.2552589470398 0.202966644721479 4.39931617267284 8.53889135969918 15.464035914937 21.5464573745855 0.0717198200163649 27.6982880799361 36.5345050144377 28.163158363589 8.26832624070724
43.0141313852597 102.149785792647 6.17593410218574 92.3867253878289 0.17580580394104 24.3128748287627 8.41216332944613 11.5320599813831 76.1601144731601 0.0435952809507562 94.5752887645404 12.4913234824337 70.4780299976404 14.1606596262828
39.2191384917033 76.9391895030494 4.0974125933065 76.8876906347023 0.140385292428695 20.7651008389456 25.9219967624265 37.6456556490534 53.0582482890861 0.0840079465875153 70.9987030242076 9.31212846024477 75.128543440933 15.1635604743567
6.14115553517463 8.84788582590977 0.946967439957356 8.43779652215881 0.112191567464934 2.54247987718182 1.87839460699302 8.14642055526535 11.1167720217057 0.109462709006626 13.7125203508115 5.15381950210681 15.9304120479643 4.51939444464294
16.0585013091469 32.1194767823135 1.55237745354592 28.1762907049817 0.144472758691201 6.81310374870231 6.12648157542629 20.3050417802449 28.4251542477557 0.0533618873099639 33.2461057955424 9.07450877363233 33.307627086078 13.2736746945647
5.05252193375965 7.62088028890587 1.19287730474293 5.98745634598411 0.112718924052033 1.27711648148694 8.19460724207735 15.7086771467688 5.34409917407731 0.115021905707181 6.83081471766349 21.9185096440044 10.5777840612477 3.76065225131376
11.5374620331935 6.76718726188155 2.03262202516717 5.84254437455219 0.187876331736616 1.11974634418399 5.91016576999669 9.33391460458955 4.26252481905758 0.15147032162065 6.43255985489209 4.77389780368782 13.4970969261024 4.51524830991315
2.23972098210582 2.10776961657757 1.65803522501042 1.08790948665954 0.135063327271145 1.48295732898879 1.31064835777149 2.14169089167365 0.40876693429446 0.0990409579985653 0.612515020317523 1.19546395339222 1.41867981373916 0.462630255036946
2.22751188747 2.17536457248207 1.99396020226123 1.53480599364917 0.0651382994971136 0.974740392577667 2.02421960668726 1.38792567417303 0.734186881063924 0.0668398954412034 1.09538462207827 1.67771047754598 1.67978444629173 0.398139991064111
6.26509422270582 4.54514663862739 4.7055591871662 2.97916133205583 0.0909545702655591 2.77217140287343 5.01848244926629 2.00112671644878 0.898705336761977 0.028175467746078 2.1599027662666 2.36442416570788 5.77929268796757 0.725356802601432
4.38660005577297 3.84895836030304 4.0065127156018 2.30816273907326 0.163130770641987 0.542327723176345 1.85593610186563 3.30994843530869 1.77321648162868 0.047833079099997 2.12255834680869 3.80104043596017 5.49634865989363 0.395417687447238
1.84196822625739 2.04895681028615 2.09138449214087 1.17334938279473 0.116958104312439 0.429448874206117 1.32626691381692 1.463497631888 0.564712091913697 0.0386829726484286 0.916493024858265 1.0121589596628 3.02595988575311 0.33980333198973
2.14089210615132 2.86986507367119 1.94424332458209 3.95175072730929 0.0765541045507299 1.00566265829915 1.54576795613923 1.31984167812999 0.882326011626305 0.0342148683649204 1.21434932577059 1.17910192252082 3.18803064260316 0.324949168224901
2.75578498227443 3.10531609054507 2.99694826748781 2.5103200847876 0.0562694067011082 1.14468368115937 2.7634333283522 1.81616973341401 1.00020095883649 0.0348252446148505 1.23526434162167 1.45313765069837 2.35495283324655 0.193345305739981
3.76560538374737 3.45475674838543 3.46006634511486 3.29219943644239 0.0562437481892597 1.08769212772943 2.7972911207244 2.12866700247381 0.845388031280037 0.034551712768446 2.26189970511184 1.99239343608027 4.09159627645546 0.296303245273756
2.61719627787881 2.3845994666601 2.22656993601238 1.60303469217574 0.107908435737448 0.737297972346863 2.02199367695655 1.91270231338062 1.29006043774605 0.046524208832868 1.1467047527205 1.61867488980789 2.60728260202685 0.260254213893671
2.50747792253304 2.05429556653288 2.79319362095734 1.77082861445938 0.0715756167276394 0.541328917855911 0.974763628851709 1.16210113628246 4.35026867744389 0.0286539766281677 1.44569677541359 1.35924731160902 3.04909085087132 0.340232798732285
2.45405778987369 4.13025318260781 2.76832704400244 2.19330693875523 0.0560052823636578 2.23429363249868 2.05621272234463 2.55032900141978 1.0359252937166 0.0164208724115435 1.23058995768894 1.56642511589829 4.11532855509627 0.309470297868666
4.4080261759274 3.33569994134602 3.53100627503338 1.74695759988395 0.062250296417186 0.976655329331384 2.95890120077566 2.78273858293425 0.993099908934522 0.0327463416230719 1.95590509581428 2.03320736969421 5.46307580489611 0.208927297034143
3.31562908554961 2.73793027354173 3.48315516753458 1.90604840201784 0.0715745084075642 1.20083956162161 2.14713502638373 2.52113151586191 1.12850066374869 0.033135402434394 1.1535261467267 1.61724986828562 2.44165797193316 0.287782590978476
2.59234021935523 3.18741217195618 2.2190045971849 1.9224891912951 0.0929167974095212 0.503599880955518 1.51504601067722 1.61893121005472 0.86944275198942 0.0355958544337345 1.22424233802471 1.48414123161683 3.42172632633123 0.256045347014619
3.82986085362407 2.82006117541734 3.45155787826893 1.90515159730859 0.126687022914753 1.53184730679489 1.71339160939762 2.08436366331254 1.11049173544405 0.0399487646653668 1.6583660452916 2.06120418023304 4.95951609806787 0.329932231163574
2.23614266209982 1.34168664650231 2.19967343167709 1.41007922433126 0.0494498076327958 0.350519223327801 1.99376715019961 2.39135264890123 2.03294469565963 0.0263097743472692 1.87818669082244 0.955183960414332 1.22640986164018 0.340438529630293
3.61108102515225 2.6778510136365 2.86886064892358 2.80130656123311 0.0581935114745327 0.890905549955479 2.36375589767508 2.18247707181212 0.847012694148533 0.0288304718090123 0.983894799544024 1.41489811390449 2.74628523295353 0.288723415171455
2.82947931694323 1.6361124189523 2.38572765724266 1.52331418723593 0.0815358671853872 0.638158350062648 2.58464960136157 2.94842997678456 1.30777090522098 0.067871843798267 1.55921121744041 1.61371972300176 3.51925439857972 0.32152062284401
2.3260024861828 2.4671150934524 2.56082168990146 1.83633194694809 0.0694312337879613 1.5607608214391 2.71390088929008 2.72382657257185 1.30170432854963 0.0154150051141013 1.66988211565987 1.64091701956075 3.45184059319823 0.316806828112993
4.35966942124456 3.63942308052639 6.26960572390892 2.50684171561587 0.112671063823132 1.0251190055318 1.55703232646446 1.77439031025197 0.863816770272128 0.0264306362737101 3.66320820134365 2.33386862845851 7.04162648703763 0.280279152894019
2.14305143755246 2.2256877819788 1.96126528929938 1.55022756582597 0.091427364296568 3.98178746120975 0.961986333412241 1.39830558646357 0.803122668352594 0.0547143019182742 1.02383224817874 0.958837610698031 2.32696809156113 0.335747116014465
1.8281154826086 1.50474198053378 1.82924225529167 1.23326762106907 0.0649870873195188 1.26120413175925 1.87369776368356 1.80701360963215 0.774319852047118 0.0561657236380993 0.759421631820052 0.951223143790838 1.94729222212127 0.197603423097986
2.23134004902889 1.30432978558052 1.33443623217713 0.988057605798129 0.0842617147248005 3.07931521492147 1.01656271726529 0.754007095274956 0.430686392916256 0.0756493568126922 0.918781550834812 1.39926665119115 2.22363909181727 0.190531173399475
2.48277732687278 1.50142989949291 2.57673143033939 16.3016519552792 0.144383978462624 1.17877406625042 1.62300065801856 1.91057138730211 1.29674281285705 0.03236513109386 1.9948775535918 1.60682433575432 3.36865929314762 0.257159124535569
5.68523215815757 8.32365676551708 7.0562285320515 6.79703153619323 0.0871679627860923 3.40905353796379 2.88346877059815 4.92368287887911 20.6749367815789 0.0629403810937827 54.9989740737341 3.3580040549354 12.4030492386185 6.20234894010971
5.33654357910109 38.8608029241532 6.04458461925838 11.3781657487758 0.0916341230660939 21.3591517930097 0.873703433910794 2.63645245616926 18.7065022666225 0.0777436701274047 5.11430672992835 2.19318574797108 25.975308848065 9.01882142628287
5.9509588497767 34.7078879342273 4.72626514553245 10.1287224828173 0.0953673782144831 51.4729874474248 1.73081079585704 3.96445378936997 14.371788068681 0.0404077103108933 11.1136665659279 1.86265382518226 37.8315001676461 6.96755279554204
6.8573353165586 82.6986462680133 5.87910068671943 5.73744977781028 0.105936590485618 3.4601213286553 1.99918037495185 2.45082251480571 21.4508442688581 0.100632390958811 8.1395533528709 2.81739145842974 160.113439028911 6.85570719092041
13.4378338676699 304.639554043592 13.3622532029835 20.7353397031991 0.143928514577746 1612.20685693781 8.6124694126355 8.44117421867527 19.5190088647424 0.0672878815129677 20.806144248873 4.38781265834861 15.0498620258373 3.69140813262538
5.16160204794657 107.200106356664 4.41040492432685 5.59683667054197 0.116051755444357 4.53238197664456 1.56999762551679 1.86665789667263 10.7956202792635 0.0428704917502052 3.94028191271411 1.28865003356226 7.43229785977405 2.85032226431262
5.70933741456837 90.3028971990731 6.24040961015705 7.90829013135467 0.146062160948057 4.66381704793961 2.96310383885248 3.78312526737504 8.10472553782834 0.0283566868839893 6.66273866260395 3.96818832682741 12.6410175516029 4.11267875045872
21.6146078098791 877.109463492947 21.469242473852 30.3419418356908 0.141369546433742 12.7716960883776 10.1895066555996 16.3360038564625 46.1199302262433 0.048435386244372 16.9819158312146 8.40249118239692 38.9860181802369 4.08997537007332
20.4849742517773 307.413681556972 20.9605696281944 27.8846727240008 0.0682429116731025 11.4633861357372 6.72331210403478 10.942728834925 41.5177861432093 0.0403333420272538 16.3115216975215 7.76321922296158 43.374307251121 4.85044720644993
12.4424517651032 11.7906649831969 3.35983572880688 1.41920582179795 0.100229315312077 0.562860315234731 11.5410389166541 22.5291182877629 22.2042476670439 0.367269944083002 10.0282669814206 2.67612209083077 20.126837492855 0.309013236378779
6.95056479651938 8.81793104537148 3.43850817196875 1.5326683378753 0.178305012949805 0.462913689559253 11.5521115150288 23.2941748629375 14.9379715730524 0.403523137360528 9.04705919077986 1.84708232687126 8.66262971401135 0.346814188982082
10.5838545968404 9.9317040079419 2.98435431721278 1.29744903410083 0.0968392062952891 1.14627201657361 10.5340636769681 17.115955182231 13.2309174016834 0.297831035741575 5.04771293423451 1.45676928371712 10.5130407160331 0.786055151104908
14.2854839412968 13.9896699552807 5.1210074690818 2.12480047199297 0.122511475618921 0.767621193592143 14.08288915766 31.0199116983326 36.6451466341871 0.0852105257251589 11.8573831453896 3.79773143946111 21.9474723347511 0.597374946614348
6.96255408673483 5.51012729697093 3.41567253500883 0.689278026065589 0.0792112796924968 0.531939086814807 10.5375022800325 18.9400223906219 18.7032735842994 0.119558304636413 8.11402943521649 1.63592421682867 10.0470901523299 0.284978782842529
18.5364085732629 14.0579613177377 6.46041086521633 2.45692090164322 0.175297181087285 1.23067107447551 10.8765870107204 16.8118395839142 19.0178689274164 0.0830442519243478 10.6350841359681 3.53231692184887 28.0358791577241 0.773135857394599
14.9100496026153 14.3744996314616 6.36056311363071 1.7186373059449 0.126419730575397 0.980124781950157 18.6117802795711 42.0652741717848 29.1354577415494 0.0234168765583917 9.20470251625848 3.23402117809762 17.9499013815941 0.688795435941495
7.21805459775603 6.96143103211042 2.60697389238903 0.944075617548526 0.193476414374005 0.487014790516174 8.62580820203474 22.8081617523299 17.3148978299615 0.247287921577579 6.86621266481937 1.30405179119564 12.0243926400031 0.526934188430867
5.18206497768516 7.09086245078123 2.05985403756757 4.24008301433569 0.269691122678245 2.61706437598435 5.39365118410016 5.01434314040209 24.2411095195069 0.0112591998301849 6.90567547660287 4.31105119446847 8.59131447279356 0.85317004280311
6.40598281030984 7.35271931173031 2.20079736146363 3.6858172571562 0.0995407140521966 1.25140299589481 3.91780578803794 7.54303918082135 6.75198600261281 0.0114921518966963 7.25996232806725 5.11491592381737 8.37384486448323 2.21650761990826
2.93700110143713 2.5201127186447 1.28420853926791 3.05391436093992 0.0650910154552904 3.63389898475317 4.4508972519168 8.42509917922214 18.8492380348294 0.0187373842033519 7.49846992609956 3.23524783023279 11.4283941970456 1.92924917466573
2.52370154917135 5.90807211199739 1.53787526790418 4.80255226069233 0.111707046673326 1.8004509468072 4.18883625506124 4.16339530739314 4.33820320457643 0.0184247668951318 3.81423548670562 2.66376593794974 15.0384444830123 1.26070638376723
20.1230622934138 17.2774278037585 9.16257484988114 12.5801748922013 0.13198183641518 10.2503508161835 31.8744311925893 35.817186981518 36.5508159337422 0.0328419520308981 22.2672494425884 20.0050829232871 33.0121836236013 1.51154298031587
5.44220214200843 5.87549835385812 2.52691654356594 4.84088917688656 0.116027389293674 1.72327750208901 10.5609500770512 9.96102174751059 4.80134039493626 0.0599684677418668 6.90403787675687 4.44034204375603 9.27012227956509 1.26924752996526
8.16368933185514 13.4765179559756 4.13930414702444 8.65912274682991 0.0965443675191646 1.22766317899371 5.87411035703708 8.08144655679427 8.84875229629674 0.146978825519562 7.79898859836291 9.16459474515994 13.0067881618792 0.99332471181477
4.53024321452995 7.93808977111721 3.97751233910384 5.14036984947026 0.0726727971503627 6.09760955445453 5.8482896212441 16.0624999832713 14.4836571137021 0.105277564367867 7.23318707169697 1.18346737876873 3.15212114990579 0.256313419706737
13.9544751698132 24.5844024156454 61.5323499543891 10.9982535551991 0.113269164467388 11.3942914282473 9.02216994346192 60.0801509928363 48.2062331332709 0.0524052189604877 15.5415376573925 2.08647940363077 7.20351394134288 0.61641864079913
15.9608852744393 22.7599319439278 10.441343547934 12.5029469373936 0.0529557750168937 80.8430809675575 6.30594796060479 21.7479451122279 20.6094281858902 0.0275457910834233 17.3170137966113 3.23381794333874 10.4275067682346 0.678218621486616
5.28829576598696 4.92724923156461 4.09601302532949 7.91627284670994 0.235511477760003 0.929259964800078 6.80008637325217 1.65429200565823 2.99842762318069 0.0725703466011385 3.55221800561837 4.22713571490536 5.23092250688664 1.82776875570377
6.30140793773749 22.0646273574241 2.93030633735255 6.12484220888529 0.169013871222523 0.828729345701119 2.27846612549469 2.26680777413664 3.40740910443132 0.0436651849152008 6.30564477660139 3.81796970605719 13.3456032843605 2.35180496381931
6.91643766242305 7.1502748471578 4.22586247760234 5.57847489906345 0.497040304367583 2.24421359209224 7.95424999634847 7.20576051883435 6.46091086480001 0.0814937555053734 9.00863064544084 7.22593355380883 15.1324543774432 6.3688606552426
3.28152988556357 3.46424098725133 2.39319999285145 2.86721240441146 0.106899359103578 1.48122588899396 3.08703889215556 2.43215167223314 5.04213553093598 0.0434169741281091 4.55779518564296 4.2377617191914 7.05476792481432 2.36716657270928
5.26618957722516 5.70704155085533 4.45658623484973 4.1357095237923 0.128565199396255 1.39756851365469 3.11161659374453 2.4599579290072 5.26201312129778 0.141180537026117 5.77969892541282 5.81203454767103 6.9605127661088 1.09404237998873
3.98074692140161 4.81564242078321 2.77273426656067 3.72492617489605 0.153746013941069 1.0290192047752 2.45993928695658 3.26703674822304 6.42868406356807 0.114402428928115 8.3469424147638 3.59964168341132 7.06036516598575 1.24132808619469
3.37808095006744 4.01412673265556 1.74576495877846 2.79581013672613 0.166325427141259 1.60028773792098 8.2909088980063 2.41037575066035 4.87221656878944 0.0716241533978808 5.19143860072804 2.28053765594272 6.3956515616521 2.68878092019201
5.63006943170744 6.23120290235862 3.71240874838018 3.84783205257433 0.0995550190462064 1.99658614269159 5.60317211001516 5.21440323948599 9.15527457085844 0.0946313407068925 8.06863080691901 7.81030343390345 7.59849741428459 1.87334278859532
3.20339395965345 4.55260921365711 3.61174127501457 3.90445977221897 0.162878497759724 1.5830838039793 4.15014068498367 3.33009028535947 4.74690178984227 0.138280679268633 3.78257675045215 3.96044860067507 4.84755498758864 1.1274196601072
9.29996749680164 6.53930289069185 4.69137232205738 5.93865761426213 0.135784128097983 1.49934328485714 4.57647416890543 3.05521130394286 5.64422988328642 0.0727052946533848 10.5875799030344 7.37151315012504 12.6630740006593 3.09087161872319
4.47393087098421 3.75840470702337 2.45212350657008 2.86992842545934 0.116744646679797 2.05680290146262 4.96995288521514 4.21729014166168 8.70619924833679 0.0627996560367177 5.71392935470878 4.79453635825343 5.92415160208829 1.80993730317796
4.33513012221282 3.30415640800534 2.61831325989107 3.5861140324538 0.0918068999794156 2.14281673722074 9.05490508376792 3.81923743709332 4.3489856200612 0.152651146153895 5.11472647157323 4.08760099606409 5.55651688255929 1.05927880783324
6.31090442733293 5.59984710923219 2.77751626945398 2.92376970827744 0.15691192379208 1.81847178213684 4.66787439378854 3.71920255611936 5.1776404413744 0.0863105660901217 4.85289243636578 3.5628145027135 7.12289761085636 1.33792365059225
3.45399551638793 1.99849843785007 2.9093486558661 2.27650727934792 0.130007353413546 1.62817139166653 3.4330064511429 3.24601747071917 5.15907806280166 0.0417644341100576 3.47379079836056 3.32491869401371 7.00475397380243 1.26204838925357
4.73536269929576 3.44654862427932 3.38121141576817 3.35579562993073 0.675860980099303 0.858697930025069 3.52112493315828 1.90758308720183 3.87630471124745 0.0555981738881393 3.85283287407062 3.99162310759036 8.16356590083669 1.97675817140942
5.28112174973122 5.00927659030768 3.82668813327017 0.425841131118785 0.142708439029954 2.2534786149706 2.96022916708396 5.76611033321276 7.97210182527092 0.663843513956338 9.23160122679637 7.70085949089554 8.00862746381132 1.1774588234216
8.95553628115561 8.58888261010041 5.16426674170052 1.57366590093673 0.0703918953911769 1.81997208567127 4.21244095356375 12.1425992515421 9.5524424519621 0.333891601875623 6.31856255162587 8.96131277622991 8.89357728170909 1.95931247692098
5.08738457841876 5.35019941462844 3.32175248343752 1.46738833002675 0.10506384667333 2.06486906012217 3.54678569112594 6.81561120914563 7.21247973330127 0.470014079886686 6.21708177729238 6.43589535273613 9.3187548143579 1.35402629289603
5.17410531570826 4.45036673079086 3.84722371592348 0.686743367463154 0.280853990863394 2.05149191642916 2.98492841957564 3.49961399453782 6.35244364133736 0.203660940462933 7.0464171617974 7.69272313295103 8.64167062531667 1.35239401681708
10.7451100965519 7.46330428823218 6.1129146606626 35.7836420270117 0.12387979190666 5.10017333024559 9.45876605614153 18.2554155272386 21.0324826632378 0.370291468385709 9.31916844742828 13.9794146279462 5.90487658682316 1.65112728368005
6.02831892698778 5.97455416180245 5.28752715088202 36.9442012500898 0.0945350893899539 2.89945809063703 3.78243592534905 7.28790539457705 10.5514388810067 0.728461069257833 8.00157695991319 9.68250526963288 8.18549729753219 1.58380197604802
10.995899684937 11.849968773013 7.16271080748286 19.250798031063 0.04691881408665 8.98731866877305 8.82367643595662 12.3627830615904 16.0972340347958 0.79625459419398 9.86606614634932 13.2346147802616 16.5575808408489 1.13028983369444
30.5614488569619 33.9114726822616 16.0202707877253 2.38287002120244 0.966176516642831 11.3139311541285 17.4926936384021 23.100216589892 32.2492043502531 0.185755985104871 23.9927897414837 29.5332298058266 41.1837450151701 2.28189783544624
7.00593747384178 6.537033479454 3.1542933096225 0.93698409899894 0.158355542440857 2.64457004444913 3.28476673209756 6.53312785765867 4.37486731991871 0.328791758861088 4.23951699997212 5.22068631512564 6.26478068011724 2.3063616635241
4.41786339200558 4.68108295286726 2.84200746505423 3.73628073878942 0.136886423936279 1.18235839583272 2.24465728870505 3.01581798828005 4.33368861420156 0.312755368531644 4.1302293842193 4.80792778202816 6.74961463962244 2.45225959895607
6.35998616460734 5.0658211296258 2.76915380160804 16.106032711086 0.0735326305186196 4.2079164386106 4.11415519555806 8.9881682680779 13.168422439744 0.20815919186045 4.76580202030745 4.38380235737857 6.09001048272534 2.5208373154236
16.4729666230602 14.7096719329094 8.27488953462792 24.0753008504563 0.0862734706434542 4.12511719349935 5.09428438146841 12.0966205673595 14.6623207330472 0.565476485177628 13.2008078550519 19.1465551154839 24.2714357934184 2.24905195851466
2.0244058085924 7.74773776913979 0.736466461802806 0.875170644090255 0.102850123534025 1.69754566799104 2.12906180207808 2.71279726197 13.2580867296795 0.299320114017377 8.09255139286542 2.31938639340664 9.89041316520544 20.8273209142034
5.1656053785225 8.54681382056922 2.11149689556983 1.74486805726202 0.945302128861399 2.76421012547816 2.77024227898315 4.05307030782504 14.9599017476254 0.0710644150957848 8.86085045249323 4.94541604435574 16.9255044572759 7.3821168232346
4.42655988436544 13.3688275633318 2.06261180317391 2.58337553804804 1.46605304556839 4.11571443021493 2.2214716775662 3.66926967153344 13.1508852911427 0.0560299317464188 10.1946364658758 5.38051269148966 17.9428333715632 2.39301312372943
4.20164078397494 14.4322920042904 1.65119546246063 1.72317868250116 0.0713392156746819 4.71692769577403 1.83141217220806 2.80256712828884 11.8281155550083 0.0614696229754464 10.052050434266 5.4867441864058 11.6881008643381 10.6351466900674
3.65271655538402 12.5318572875734 1.82559962189453 1.99840732104806 0.170152400279569 5.52246517564638 4.36855370996532 4.685730761691 16.8509385905384 0.0539453629107312 13.6593829680423 8.59331869663225 21.9586981043181 1.85918181872916
6.20421500348046 13.1129461525357 6.65650322147555 3.30883629441613 9.05669563851104 6.02863733847329 3.30293948077222 5.80356801626828 15.5329748799365 0.0809890011991394 7.53713263226336 4.99894442611641 12.7418770321775 1.66856449057688
2.95458719210228 8.32830298251572 1.14829813327273 1.10011140746868 0.0784822163572027 6.55163111998859 4.26174143487373 6.04143255117105 16.5731184402438 0.0841070878780544 7.98016067075435 7.35896860112718 12.3560703312194 2.69757278954127
4.26051235550733 9.45316784902103 0.886646243102743 1.23395969497427 0.10007332805963 3.0312024912003 1.89859821069401 2.21641475684686 10.5624752948499 0.0605084416481556 11.372143695148 7.7776412563457 13.9603920491493 1.67461027675972
4.61262012713507 16.7540189342234 1.42801566078889 2.5141542480617 0.15540091961772 4.60902728831312 2.62161153759594 4.18861248928532 14.244800247142 0.209994403106144 13.5547011603269 6.52494289544855 14.2787965419886 1.17568244942828
6.04441114498593 17.6337451833048 2.62635092480829 2.55710478006726 0.0847794774558179 9.07019106041951 5.47105667597913 6.56575573466248 22.0950947433021 0.108797925974964 13.6897185048077 11.0067738879747 21.6130664316682 1.47144325041026
4.27079255020289 14.0713974405239 1.19496697461791 1.78339636313895 0.0721514706148489 3.10749963063337 3.35731796149025 4.4130914218344 9.06828812011621 0.139658678319427 16.7231851318614 10.0725000564021 11.3684316223915 2.0473418254511
3.13694590488526 9.42455153174989 1.77489879328864 1.2663636570927 0.0612347103972252 5.74432800094435 4.78107859002002 5.86144227098546 18.0068912171692 0.0711399121185451 9.59636130593629 9.3595462816467 16.5115747728302 1.395242102678
2.76761207604986 7.0319076112249 1.1500282668907 0.793237721751191 0.0648621260293574 4.6639139955832 3.49946225997216 4.38833174066313 16.5377690862902 0.221317419362388 7.7409110422687 4.27809857907785 28.3431583700993 20.1725609896981
5.19864852503174 13.9845443711677 1.19093052271607 2.08190192069798 0.137298679597564 6.68333359280798 4.68935453939411 3.01964406981983 10.6349528093438 0.0975683694141851 11.4940175806765 5.68390741216856 11.8726809241708 2.31077040186359
4.37094224400446 14.8339020788115 1.33036282762033 1.92712074637866 0.0903354648033938 6.46561789585985 4.46216463980929 4.37927086096212 18.3612621653854 0.35073459729195 9.30497528471973 7.56218138582422 38.7311870523348 17.9266604254599
5.04183687319884 13.418770463423 1.0145084078399 1.57475617710986 0.140264106912483 5.5894502301319 2.85018163615321 3.59212110926992 16.7946178788698 0.421748624408791 19.8555951951451 6.90617060035541 17.9124781040032 10.8439569469983
3.16248432047319 12.034647301939 1.47389416512991 1.91415547625707 0.403901634187584 6.50697062360253 5.55921409463544 6.29870480110568 24.2272650050819 0.68733729366932 9.22030687270711 6.06509036632812 15.8090976347957 18.1933029710962
2.99979034174091 13.336907866609 1.36962512813989 2.2850500446737 0.0681444305453334 3.81085179641747 2.41484858784452 4.37150217903047 14.8195086015247 0.253777000202926 9.51358312963054 5.23147332690642 13.1311343823711 16.2165595763258
3.18421966063851 6.7671158622445 4.89887938673989 5.46964237635973 0.078618041672947 2.90313590254858 5.96229705132569 5.55702550791772 7.50968018454225 0.294816323568655 4.41297358004711 0.773969499359496 6.88008188256578 0.957312968879855
2.83672146246852 3.30334096826905 3.0892603319407 3.04690954331694 0.067155322962056 3.66090713346981 3.42555629925662 3.15160994627542 3.29629295770961 0.210738595025546 1.67592475490012 0.528432612521144 3.01940789435603 0.532049450822017
2.47097629233725 4.42835723050999 2.59417542667145 6.23384823651822 0.119419053018453 6.82003679757018 3.17435332682831 3.34170417472612 2.66831602967932 0.173315359570646 2.1568624071521 0.67170072954951 5.57860622505949 0.326272452204374
2.40799781265602 3.75417676230995 3.10904755644475 3.54160995450027 0.142847124653358 5.14438640363006 3.50379922467675 3.78644242987068 5.24562437772071 0.240208138255169 2.99762655401036 0.915385916753063 4.76201936203411 0.48125059679038
7.57937516737575 13.3067893642719 7.95615608424278 7.84294501779848 1.89003847406811 7.62553763028183 12.1070209681028 12.0304091404307 17.8120250737385 0.131285064101977 9.6027601106404 0.715152245882227 15.0532965409563 0.469183431620886
5.39000778662912 5.80144114826163 7.03802531666913 5.49516847338711 0.0576914541006283 3.98638039405 4.40472248741374 4.84492729258433 4.87220926675063 0.213846949974659 3.86008481636697 1.24367959873013 7.62499765198795 0.599219468563562
4.43460152992613 5.79343361717244 4.88432096593135 3.42616645019091 0.0644098255477041 9.2323239762615 4.21323241215877 2.90285485171185 3.59843955512352 0.289173080310498 4.14248925542722 0.618323517372136 7.58274156462121 0.714479504022436
3.49615222356882 5.56849054143019 4.26167721590542 3.04535388485504 0.0400557535436596 4.73840833434679 3.61967925481556 3.1604159246721 4.69620894161534 0.277471099625391 3.10833438360831 0.723321573883648 8.43670760467738 0.589699516149167
5.82327499865196 10.4770681662627 8.3949959165076 7.67261552770501 0.133836952258894 3.94950447280082 8.33211014896821 8.54602729611565 10.653234804619 0.234957658675361 7.16025809288788 1.13671477708222 12.1406363346268 0.890214791573801
3.15164438517296 4.099329453367 3.69524857402659 2.76838372217969 0.0727856216299713 3.62684886723027 4.472116382541 4.20638471739367 5.28871615775729 0.201955856389066 3.99314744407164 0.866200459135154 8.28298001411248 0.589883800750174
3.62101062921273 5.73203991080338 4.10520281200051 3.21076128766439 0.0589999017707506 6.21901833960394 4.99739863286794 4.04298679242486 3.36367988884673 0.318515448409438 3.02808122672566 1.03441337568998 4.53278448895837 0.685593658158356
9.74815925960439 14.3249753299817 11.4328814804639 10.1140366485655 0.051404139071909 4.88893377830432 8.65541892208062 7.6956874516113 8.20016297415094 0.592351906458612 9.32995106050382 2.39385927755883 18.8561117591435 1.37072337557327
6.09347723484554 10.6708772389748 7.16283149162017 7.59114573613072 0.0510065837461545 5.65714084672992 12.7647103130695 12.8882181942385 13.568017660546 0.324543146800226 7.91492117096469 1.21320597383026 12.5932305344265 1.79244696783002
5.95158570192426 5.86086268803187 6.80653100218377 5.45558403014025 0.0841472607331727 10.156612247808 6.84283849124899 6.18903746672744 8.47675044346011 0.291114878561966 5.4014233490968 1.06431821011934 9.67454007949825 0.841721750368422
2.49183811420415 3.22804549888604 2.65650893847762 2.01877365516981 0.0535026124579966 2.17934994331807 1.82681616914601 2.52696517285083 2.91418250843136 0.202555696943105 2.83834928750457 0.553632898509278 4.07906499286907 0.362872837383262
2.85577253277081 4.2550285623899 4.0587621054853 3.23255964420024 0.0529833557911474 4.80373696306595 4.50618740109739 4.65885737825679 6.48471107691568 0.232475588281689 2.41849498207094 0.597772163841464 3.33400662261748 0.628913610977228
2.98988462904077 2.84136890025737 3.31651304890264 2.25046174195683 0.0851288488008085 4.17806764169056 1.9019647545924 1.89409067889536 3.13235164817782 0.160912926137134 1.97495314500299 0.54847489216056 2.59812514029296 0.479517484204708
3.39617609796534 5.76760776897022 3.53422904449744 2.56696703156381 0.0405714105697391 3.12367339608588 2.64795981149373 3.35869200084401 4.58699075076523 0.209071510139009 2.41590287700654 0.636710550913792 4.31547804597457 0.333927961144705
4.21650007284416 6.32163375516331 3.90642946092081 2.68587850966434 0.059920834437696 4.28136948643954 3.9319779191581 5.30206019454092 5.99990577697661 0.282320371028799 4.64301126653257 0.533026355452535 8.03056419116209 0.693164991030991
4.85201978180082 5.08630668694846 4.63714761938148 4.48593591550769 0.113666953294451 5.32272885410331 4.780899441389 6.05493532070022 6.92078331248719 0.195917266832072 4.81358521879344 1.12333245057338 7.91710930994643 0.539919294942158
4.94580648574004 15.3898215943396 10.0450957481805 9.20484259032432 0.157849419525178 2.79867231597483 8.91760493516661 7.63694776109538 7.61920831918211 0.396710981898156 5.18711705226896 1.2751353904688 10.5131907266463 1.05871808848085
5.01554177192938 4.72102133270427 4.77449887972256 2.87131023202826 0.0774734212004681 8.71217049967248 2.99413485950116 4.13605059886109 3.88933308263315 0.343245413103435 3.76996172580939 0.707892721927863 7.31970078815732 0.650721720134723
6.36994211273295 9.25606819441971 6.27862832788786 6.04614438226722 0.0896184635862296 4.48495021218556 6.73806778522646 6.9225111992971 7.8412884025979 0.279391789233373 5.75550010016823 1.52901106297078 10.5205383626645 0.909711281897518
10.386143173995 22.5428581805907 12.729027652281 12.3084745612511 0.800253386298015 9.92601039145116 18.6160439009213 13.8904357295197 14.0737482925773 0.488631385630176 12.6627807923859 1.57789019175654 22.0890969106894 1.33377260599402
21.170061868722 52.9791784079662 29.4230845503007 30.0686480738827 7.00887918097791 11.0392623975539 41.1357157788197 34.9204973609864 43.9689363376006 0.468597418945978 24.8754433396694 15.5390729950313 61.5420655564882 8.82754479165791
2.51407652283962 5.24455067218029 4.750815516232 2.89400443146139 0.165296694366868 7.47063967453994 4.99766650869882 8.72689418377483 8.07413658688035 0.365578923334557 3.6973482522834 0.979042059479584 5.53141867036901 0.618591751858901
3.36277437692035 5.93023555313839 3.78568830151337 3.00730945463016 0.0905795008189837 7.50951260547549 2.50138821394386 3.37793023480081 3.37429847273526 0.248015398457887 3.6845976691919 0.232795962394963 8.29843904966214 0.409907742994919
4.07194169882721 1.85949203466659 1.82369741859092 0.837330620351776 0.424446161117372 0.444718756245102 1.45954927493921 1.63436021763539 0.37149829331832 0.126019138647343 3.4687933863154 3.21781762702719 5.85759356547996 0.360116238244985
4.56110464345655 1.93104735311157 2.0816064558307 1.56376305169726 0.120208940219722 0.42102214761418 1.23672789228173 1.66001017335005 0.441303343648924 0.236595253073664 5.24702395887094 5.85808513855545 5.4762763947693 0.171650018199061
2.94426195515396 1.93563552413271 1.83447728440127 0.741761439704208 0.106758365560813 0.491063107391394 1.37365490958594 1.66802785931732 0.817680770021862 0.463163341580499 4.8053425036912 4.28300403318835 9.75276562810467 0.191472426859313
4.00083086319337 2.55688439595529 2.53660451796484 0.458813560046668 0.107518750548004 0.642491497648019 1.31825662801435 1.83844045453543 0.860995263635653 0.39528749435937 3.18756946750491 4.59608182912716 7.28206026171654 0.13145138767643
2.79109387859117 2.52980722521395 1.44803353327126 0.400714738580978 0.0664700780429745 0.399364088343958 1.29110740423374 1.20442924653826 0.394255672179105 0.516569274321395 3.74166157029207 4.29802299346563 6.24960889948418 0.29110594809656
3.49386940318892 1.77492593836815 2.04416195630088 0.478231237258928 0.0695378329438384 0.565787964265534 0.924762615906984 1.93742027234388 0.510772257645763 0.472677557042411 4.29294886014434 4.79736194426816 6.94924723664225 0.292408661402998
3.93611199860677 2.66525129267742 1.47759137726893 0.647817514052803 0.147495335445988 1.8381518702566 0.864251097034582 1.01372025024934 0.498767276497361 0.174011237439383 2.84758486314334 2.85958926864748 6.79528902708975 0.262387583631839
0.482916878363939 7.23907152868293 2.64114834584677 5.49882154871144 0.194691455751831 1.27165394696552 6.14052414383142 5.67505083819741 10.4318069121882 0.0829558878967431 3.63107730622078 4.42187030379734 13.3072464172048 2.23196716962992
1.38767983854727 15.72213910161 3.81639577625344 7.5178944914 0.107229427495193 3.72571407483578 6.13176419651306 5.78489760516849 10.7664323507898 0.0879359150134349 4.75315499801316 6.43573935941961 24.4819535021467 2.1974998795577
0.946965380843545 8.64022057663539 3.23904345896524 6.17599672019967 0.114910281481787 1.78345437313338 5.57271898995684 6.64329341796581 12.3644420737491 0.0935957488271219 4.4853476268712 4.57736924624358 17.9978654073067 2.03925245998367
1.2928002829095 13.3295017591251 5.30683237462672 7.66539857476706 0.0893576433077889 3.12183767346616 7.44564694308411 9.93250769210602 12.8142159403035 0.0547058985805992 5.79543000815223 7.34625471458927 19.7517724973117 2.49827171087875
1.34799437539539 21.0861910627629 4.89696752162471 11.3470878433505 0.166494136691574 5.83829423736917 12.9856916103983 10.3366263518767 18.7975588411167 0.0536215391423129 7.14488443297522 8.04352572350342 15.4413603289738 5.71198219563769
2.12218353799919 26.1609484872785 8.32958238678616 10.9518115641988 0.112142899335506 6.29607274974877 18.1775481129607 27.4270874461679 25.5137276150558 0.106976701807648 11.7707603052673 13.249045611823 34.0968588974765 4.30822373318056
3.43665814045382 44.549732524176 12.1373829822832 23.1327941414276 0.174645899181759 7.76060835078276 14.2139404041315 17.2869716239088 33.6302207814238 0.0514835096364258 15.7707730888012 20.1904789406413 37.4034961896744 11.1323547917265
3.14784912311704 28.4673955410391 9.6062949156319 13.4361936249931 0.131121896600652 5.53194333957981 12.6031538211444 20.6563091854183 34.9675471276928 0.0676298241574906 13.180433440144 16.4463667784043 34.5142908547644 3.78423881907175
1.25012333336093 8.04620611176493 3.29618617544944 3.59792416668688 0.161311463613528 1.94614853008347 3.92681954517715 5.4641561915874 9.57543799566518 0.151364565346632 5.34899519427652 6.21812712379786 32.587989967969 6.96390161925541
3.64189774436247 27.2302525399719 10.7230773956649 10.5777211682773 0.115774456768916 2.8208002210522 9.93582260436817 10.8289530207195 19.5623935150892 0.148130411567657 12.3749263716017 16.8627194276399 58.4633713474602 5.68214879298655
1.40873498151367 14.9413894677714 4.35268954573332 7.53888430310206 0.199439681664883 4.53178662935249 9.31564968165298 7.32735736666585 11.1690339479932 0.191334452607131 5.27805872838203 6.20666566633347 13.0044406039513 4.24539096581044
1.64488600576238 28.6835652296609 8.07162344877995 17.5576773079207 0.0899565061364026 4.23847832869597 10.3907627781542 9.52452451235341 22.6275158038114 0.0626086433544885 9.33206232829035 14.3290718666138 24.546289703886 3.70551352248636
2.4300161112011 27.8161738610467 8.29167536346958 10.4424079199497 0.150632374458334 8.18498217315457 11.1120225216546 14.5774714867234 31.6037112917875 0.172507927036579 11.157036340786 14.4561870182505 47.1640104303688 4.59060000402151
1.77214459406641 15.6150157657623 4.86283415149914 5.64906323858626 0.0852746602649632 3.34772507811486 6.93181013638469 7.79398080545376 15.1531403907819 0.239128065943425 6.81955939938827 9.03279207363322 46.5258024477382 4.08013313804774
2.39070879063158 49.7531576875231 11.4492293624986 33.473105974155 0.113446145525943 9.29630870983982 18.275580759936 26.0576508284174 32.9940493484946 0.0514074034244841 16.5562720414703 18.3741624408477 38.9647907461507 4.90876597107044
1.93047793529177 26.9857639877466 6.74068713027887 11.5225567276448 0.172355457822778 5.93878309672331 13.3307197874613 10.0474876823682 18.8446066485613 0.0828832018891468 8.72851156489003 10.3187040937962 29.9447798034962 2.28463619566043
5.43539701560991 4.62249561528754 3.45341291599223 3.97648626194633 0.142488106711143 37.2664845081084 10.1108988698573 9.38856677704344 5.71596349485323 0.0901694275115622 5.16088332411759 4.30706099580667 7.10191753176923 7.62608492370169
7.9007779305618 4.80539679387719 5.22820866607815 2.57824754358328 0.0961935628944462 1.6447900213146 7.59921256658835 16.2075962097043 8.61913839633094 0.122383910759101 7.91144640238703 10.1574112455091 8.9041290365245 10.8662631368382
7.44536753752468 5.77195723019369 4.39523589802093 3.74582751731657 0.0961265308526489 2.99060405331248 10.4545829802384 18.1540423725083 15.7033386747994 0.0890132813147286 6.54675292090545 7.53135294613794 8.60453437699536 2.31603589520913
13.3815608984364 8.2607607757838 6.87339088247149 3.54481158437084 0.0799705972127068 1.59174387773013 12.398767368957 13.1951155777295 7.4618686365576 0.150145065011417 9.92126115889015 12.9649861474277 13.3383037049191 3.62849576330383
8.24898839203687 5.32794670589744 6.7211998076182 3.09559525201599 0.158913733623927 4.54423666352292 18.8171553176737 30.6426939954093 22.8741793863126 0.112042022811818 20.0799607117554 22.5721873303017 17.3254924884538 2.04123821531348
13.4982329919312 8.57863195532723 6.91664208260351 3.96506753544643 0.0852690872556392 3.13703811970895 23.6064741059525 29.6643182375066 15.5634288739582 0.125623877224699 8.27159667059772 8.94106815752244 10.8635001131432 7.24997007551225
5.29260118727852 3.46429944131382 4.03261143432735 3.75157263104543 0.0947336599751745 1.75308532194217 14.6374418650066 13.4621949323133 7.94661155932647 0.0984042396227743 6.94752881520422 8.41583262518072 9.38844087899709 5.1501659011153
8.04654720204327 8.01144245389828 4.70904008893193 3.67862200054084 0.0487895803650576 2.12003695353531 20.8676159668601 30.1051357643974 16.960822296478 0.220988593378867 9.44707376012633 10.1615590074832 12.9195461639789 2.71521132900372
17.345234103074 7.21379608076662 10.7600135153713 3.98374695524264 0.0862707891638234 4.71615064146232 10.623943008802 21.7731952762702 15.9083532838913 0.129954405753789 20.8407080568922 34.4960881230219 20.3736290545002 3.30362278877327
5.98431655964341 4.72498337073367 4.2329302211955 4.31991129293019 0.0929308480556289 4.40355167196742 11.754259652543 17.0140608504504 7.81331498112999 0.164170509774839 3.4896164173577 5.74986403667735 4.04478797937973 4.73438890064442
13.0662815364365 8.857956942946 8.67164466129755 6.11381278183425 0.0497077562635172 2.9541103417756 10.2833896365894 14.224100453436 11.5426328552924 0.0571955737087386 11.8831495650308 15.9916715575447 13.5967150873591 2.77571399410239
14.7279658007277 10.8486555520127 8.63977376955104 5.43846711447707 0.153399517405723 7.29593631173074 16.4993376540034 19.0366784678296 18.4461854460428 0.0910991388455123 13.7939881938293 16.0087215699714 23.640332970756 3.29945970141442
7.82772432415514 5.31682373105652 5.51156618506129 4.10208277938252 0.0687216761237591 1.71215624771768 10.2882683510729 19.8823919321299 11.7919760865545 0.14197177858448 25.6107469054778 10.9265030116446 6.3194023871872 2.05802584794591
12.6983755018857 12.0011306147421 7.98011243322256 6.37133419753312 0.103793835965262 2.96043880805035 12.8003186344954 27.5131802196232 20.796284500025 0.180224885486959 15.494239419889 16.9009158835661 14.7934092921172 2.20060971892436
10.8553184278423 6.98083411167762 7.47475672684349 4.09682798130194 0.0865474159816279 3.02668776865876 7.72096645451785 19.8659550625446 17.5673039465465 0.14382504141043 11.3882979504634 19.3806497261497 11.2805230591039 5.07703064040832
6.89679658165843 5.59044011915614 4.29915799378336 3.41309367560492 0.0485148823721211 3.13253826446755 9.04154075044286 23.4912509615975 15.7411310915446 0.118367110712271 11.5105139928931 11.5872648605378 12.1237927061055 3.86242507789458
6.25610495413641 3.37576311104905 3.07000395733326 2.20002886101706 0.11343122626624 3.89481077255799 12.4578840194262 7.15630180549994 6.16626467995759 0.1252123758967 5.90979090546992 5.09577319494267 6.33491392035899 1.65939409586614
5.72847277429772 4.86551411756382 4.56254632978021 2.91643927746087 0.0771919787817903 1.84666440525098 3.63235560422908 7.91498557837768 7.73113223815929 0.117061179007894 5.91249548200522 7.32667875604102 6.09158760960555 12.3118759345214
5.85167818286671 4.25308364331746 4.19737350476696 2.53723135240815 0.0745340290699675 3.52230619896668 12.34103964191 7.69464589584315 7.04196463525495 0.0762173117109522 7.47462438729723 9.31132862948166 8.15637843339595 5.17927941800379
8.67369946475077 7.24113378185474 5.33529601056191 3.91203394432668 0.0815357915707214 0.996592730090621 6.70072544042662 11.2676396364931 10.1632522244091 0.103876773726768 7.13223561098659 8.44379650868274 9.1965366048198 3.81438960891656
4.26273848367029 4.92643456884525 3.04215375506328 4.84549109178507 0.091887574909548 1.89928867426908 16.1295279147718 1.46672499951073 4.26403527715261 0.0167359491408658 5.68261942504872 1.18617888436463 6.4132349758015 0.786502624306839
5.05017440504043 8.75939043348015 3.95238218723619 8.352734038396 0.0652543031644206 9.44037034241948 13.1395743437165 2.28972978109523 7.89437231824958 0.032542712810893 6.89385495513851 0.791552747078778 10.3886098374655 0.771163950938448
8.11198893035022 12.4501465770944 5.47503934906092 10.6405812384238 0.114422501914049 7.57705788975493 8.22535119998848 3.4873432849972 17.0197972025928 0.0404259521820098 14.4205407128049 1.64015030785819 14.8967403502079 1.00969840149031
4.73700165274494 11.8337480601944 5.53545587651174 11.0778857613464 0.127358319730142 8.7447089467401 14.7430565663485 7.05496661842162 14.3931134205843 0.0151627437917647 10.9058672442558 0.989274183536115 10.3772317668844 0.528023362417872
2.03913665428987 3.34795411312709 1.33742737844556 2.86547429645942 0.0802699160139838 1.67661403679386 3.04476945789381 2.29464045815457 13.7598286121337 0.0144272594476892 7.03113457244624 0.605595719094522 6.73197865591122 0.52025152123139
3.29188836428969 4.48059936055076 2.18058049121347 3.71852268183741 0.121026807494535 4.94032548805287 10.3556461671989 2.79341912383744 5.41668061692384 0.0223528543848437 5.25389395670456 0.620072848315346 5.05401103891308 0.471081575627697
2.65922471318908 4.68999275604074 2.37668318844218 3.99063000945435 0.0773558851956281 1.31523347214549 4.49036893117056 1.81277812151082 5.58796834500761 0.0280615689959126 4.51395661050456 0.808610954609774 4.91366886613342 0.602377844736527
1.91948961131814 4.07285332908704 1.42323895285473 2.17353424391865 0.0827775844664097 0.981418290835283 1.03016558915279 0.764965781971532 2.32837763884538 0.0126791731453417 2.14633822580061 0.450211380471871 3.14380670429971 0.254023206076858
2.44212325301808 3.24096789277464 1.63196635927456 2.45852047524172 0.141621019091775 2.11633169679696 3.34978347912836 1.1880442281547 2.48269021499622 0.0498843993577453 4.34475363976657 0.660528156592231 4.83582050605101 0.37783806212065
2.59692851943613 3.9413224567473 1.87510169331753 3.05707435616147 0.0905238215139496 3.076013295794 3.04053882476527 2.59913990219616 4.72309604758061 0.0201555927473093 5.03014523937131 0.672943829344417 4.35987451248052 0.352984752514266
5.91085020044074 9.97659772318225 6.03554321547813 7.5979992242197 0.106334635150329 5.2145759375845 5.87936938975694 3.44631860364913 4.48871973708437 0.0162895722754633 6.64621028129681 0.779744264887263 6.65852729535137 0.465245318080378
3.27475987643782 1.92326611089647 1.22957044177035 0.685397186221063 0.158868070918614 1.05981450279285 2.95790220171499 2.5636800164991 6.4009958770218 0.252269597975987 1.22910625225418 0.740039414844753 2.53506206487769 0.475568241051457
3.6061139066084 5.44577334591518 0.969589067173585 0.341082923075647 0.127998916372911 0.31303490916687 17.8275972079185 3.1032999274086 2.52165100481755 0.288889169732244 0.76482784897247 0.512610333979015 3.22704771457362 0.618533709635145
3.12661313225507 4.5462242194047 0.570060984868858 0.355299334770402 0.121218541469862 0.22510647360759 3.0728917029617 1.80418999084141 4.08100454279573 0.173520777054492 0.953000395632647 0.658571172998825 3.82267863565617 0.498092398813286
2.84715455787334 7.25463713231002 0.988858922916364 0.391161813162026 0.137268676622653 0.398137589507882 4.92468161991069 5.05097519266453 5.13576195607786 0.26813635873244 1.03864827226632 0.607519066406418 3.74819167946322 0.713514623836466
5.53149699170606 6.46533256618847 1.90138821198014 1.13199551449179 0.110754408170297 0.98473585154124 14.4996263872643 1.96621807473266 6.1415786514605 0.299693423371325 1.31277662816015 0.828322701130889 3.91873995643625 1.08616741096548
2.14809314610978 2.1196332325758 0.482163045856985 0.599931924357066 0.0855545354500459 0.52618831374759 3.38935176333581 3.10885369356945 2.54243242369479 0.163519747303141 0.635792439902837 0.33756012838947 2.22831823891624 1.16911783406866
3.22062759149642 4.00503165251073 0.713314439609851 0.859692962401716 0.081949622119094 0.473685888793058 29.1620480190233 3.84873082657235 6.45744380369476 0.175586133248034 0.903431977835767 0.630867753366247 5.12077784551688 0.556682454288329
2.51310275046381 1.04994753555852 0.811841954429592 1.01149224868141 0.190682180605513 0.468270271858298 93.6745773326143 2.52715102283235 1.97357457725989 0.472235802307713 0.860292124489802 0.697153514108714 4.70027303811399 0.626641796297179
7.41777421081273 7.91644830038216 26.9118488216877 9.11115477843172 3.78630485928118 2.01648316939227 7.24644070254195 3.97228983774442 11.9655804905674 0.159733850016724 1.5893120117279 1.93104431901449 2.3387604903673 0.734929048793798
11.6022412716434 19.2175177640468 74.6060113003767 31.4358542746331 18.0352591120838 8.07809982803223 68.4705446859549 2.69987429042259 16.8905931832883 0.352990901366994 1.97322753634177 2.55844673940077 5.37297367589735 1.8728454109745
2.05161954099073 1.22227133421941 0.581413631022339 0.5590537342281 0.231925533155374 0.773745803498553 2.16600733686011 1.67460266564178 3.34495030423755 0.472131841226209 0.860786837218686 0.366174222568186 2.77682127083729 0.396864374538521
2.96210218918009 2.76384668432264 0.906679557852693 1.01490754214735 0.105769626063705 0.789122095712978 16.9007571616573 3.99208043530326 6.27859566576566 0.30534107291701 1.51357238433304 0.618878647734048 4.60424313272819 0.614139769181825
3.56222483666067 2.42394945625971 0.740939150724057 1.0752691387075 0.121467108194021 0.490094815816874 2.77480810185968 2.92659614943255 3.7721395143351 0.124925705992971 1.14790967265512 0.683933663149319 5.77944185836349 1.07150410011182
5.13358089852944 3.88265237695179 1.27044153119579 0.565144806217113 0.0851142055367635 0.421743843032575 2.20438284204594 3.16674024159473 3.09988458871514 0.18873322120434 1.20683526884521 0.953786882583226 5.11897551159066 0.745639505468828
3.85090374438404 8.70907221576656 0.882126763561039 2.04675990501775 0.0897491533170317 1.78795025565014 51.965679670075 2.28738930154055 4.8763643760451 0.212223848974917 27.5856524394984 0.588900252309794 133.296428933184 1.0344488257043
2.94576494653225 1.72801916572533 1.20882171341147 0.662669786306657 0.127932942755533 0.822993793004605 3.39815850632995 4.00657747358933 6.36507896501332 0.242692401659793 8.96677409142581 0.604497647215396 5.99397231222477 1.44862135854457
2.96031795117087 3.59515184229955 1.1817050332817 0.398243208998908 0.107463944189085 0.323890648986732 2.47326000501901 3.44263496037299 5.14121188323719 0.422373779412327 1.12179666742247 0.648038576834567 7.48329014480985 0.588147139353411
2.11678342816091 1.65101715187337 0.356594303052079 0.485242078567752 0.101454751378511 0.379545674112149 2.33070946423608 2.63143075572856 5.17185194804425 0.20224047132421 0.783550122804837 0.277706539167202 2.48543120164909 0.398135719612308
6.2024112589788 1.67435282396354 2.06290192600735 1.27681649690706 0.0743250779761784 0.287477527039114 4.16238826117201 3.39615482340108 4.02661041091497 0.148851896398848 1.92495831393185 1.08121717592956 4.50773227060373 0.842979277907162
3.75477826123477 1.76054002152021 1.30129953283469 0.80600283875898 0.0610092897576869 0.533271948168397 3.94844158449171 3.33172688630559 3.23521651799744 0.303018731825664 0.790949139958706 0.507805069316471 4.69538582470308 0.57753947387636
3.94360245162629 1.6952298952381 0.758071746896224 1.20408509202665 0.117378047613695 0.391011245983177 3.45119226876838 1.78393950344001 3.55566742432327 0.240530556892061 0.559825112930587 0.609077704496603 4.73791085849727 0.630771742777042
5.30461665609584 8.04896217810332 18.1245328738789 5.21026129551425 2.04853437724742 1.32714787099057 4.01456622051664 2.48797539677326 3.83940968599948 0.274155839305606 0.587055864409473 1.00368914415706 1.73556140848931 0.579848517105625
8.22356004449705 7.96047674489314 1.21393591148735 3.06215005538323 0.121448122496009 0.756366740928749 3.05072804280585 4.09575272849366 2.77505421018333 0.289287312200445 2.69142858659031 0.711821305499748 5.35176268727954 1.39872117792998
15.3381457983632 28.982849483324 135.94433399055 41.6582113227241 53.3040143340395 18.6599150018603 24.5087728582048 7.13812357137146 44.7255079106611 0.445906431022619 13.6505302067457 31.3116977903855 7.36610583492685 15.1267011263556
2.88006182817607 1.60730417461348 0.427935359765689 0.729624422353554 0.0832263883426997 0.599774185496378 3.17310523911773 2.73613967057928 4.47595581587716 0.19036030881064 0.849344068326052 0.255086840232637 3.73485705205826 0.50836728055339
1.63047201298905 5.3478738845901 0.434049670985094 0.303753309603816 0.118735546160528 0.513270126801585 3.31816344820501 3.84765201426391 4.13958901273773 0.260149714826447 0.606764757264843 0.297688038913797 2.41993136705433 1.46322483664298
7.08660395372385 7.77001253763004 7.04803276755491 7.5259341610404 0.0597133597064794 0.400041403933843 5.09860413563858 9.62162991858311 13.9775974439271 0.239551056362934 7.70588499925136 2.28042391655833 10.7607785125411 3.81865374128378
8.93538506420163 10.142992136198 9.44217386682858 11.0007732164944 0.0656426454276065 0.530664352083541 4.64917880679474 10.0104084145006 22.5867159641658 0.171670998362615 10.1964944875197 3.8432205757209 13.1695620134093 1.40726700129798
7.52077668011046 5.11679145092375 8.84199228316082 6.0029475756548 0.106352627959663 0.312862511156853 2.26146141894788 5.68069079437969 11.7369573183803 0.230951761088428 9.10282428287111 3.74654674166828 14.6992040417013 2.5772464125119
7.26938942176534 6.20350037977743 5.96182910818636 6.94465590157299 0.0585232000389304 0.543597086741659 4.70031933506746 10.2362545617831 13.2120345274767 0.162548209113469 7.09358479101673 3.63704921425624 10.4165501131252 1.42592102428043
10.1654706121469 8.40315533974295 9.34373750216504 8.49930043568568 0.147904637910854 0.68823833478844 3.87847032201001 7.14534197471696 14.4397404372496 0.17266550190306 9.84895242451743 2.96779043174703 12.3517439741246 2.22931905897678
5.95187933735789 3.23364753843742 3.49985793249828 3.73550442444239 0.0751606123401956 0.44062323790404 1.8630924651856 4.20188533555554 7.63199816328494 0.178365452605768 2.76861100629724 1.52710303075187 3.08545203358595 1.0436553349006
7.68704126736272 6.57815243982721 5.84430641240127 5.59557260332143 0.0847988933891125 0.65926268786685 2.07821781391161 4.60616299378445 10.2797621957882 0.149920483180356 6.6044266528604 1.89798028730447 9.19115909754022 3.09695098951705
5.40980827673763 4.5362329264383 6.16033999005218 5.02383305025536 0.0811072356243445 0.316787353983588 3.49741002438476 6.44339999726633 9.36889880090272 0.0714332212048846 5.21886814061058 2.00102790967715 7.42158427034819 5.86851550881977
7.09227241151974 7.16776077120441 6.60756173119933 6.83831377409394 0.0648389100366016 0.30525122540483 2.14797484802523 3.19394931606235 9.04109969170641 0.302938157678187 6.47462856910303 5.23406102200026 9.74556000647483 2.9225105638381
6.34777117397865 4.33022621436131 4.21913029485645 6.64177503489625 0.0695884309664801 0.589999745432575 4.92316868213383 5.07870575361692 13.1416671447927 0.293118682492835 6.46947129260822 2.24393887048235 10.4964990975521 1.25682006855916
6.67391889150091 6.32768216182707 5.43574769318581 6.98232588036968 0.117094568499939 0.855450332426545 4.52858865000438 5.93896515094103 11.3285765824966 0.283966531084214 8.97465537407308 3.23988744173075 13.036515109888 1.11223738707269
6.48955821327013 6.41517067773814 7.08121287856973 7.3189949495479 0.159454803041012 1.01845676284445 7.00143443832568 10.3483457314026 14.983836652693 0.159722992561255 13.2550071842049 3.96879395048878 9.098006948592 3.35553335044391
4.562054616092 5.60663898723767 4.85889174027062 5.06281038485113 0.117362832561737 0.275838662669184 2.84545404497405 4.19509309900187 7.20619266333485 0.192112233017236 4.4940187770322 1.79719183558693 7.18642499987249 1.17846938459122
5.23392171133855 5.6468456816559 4.52747004978621 4.31861718800068 0.0971239088520649 0.325862754771445 3.84603803528476 7.01555034199959 8.56670216476645 0.345924335169836 5.87316788916969 1.68265440573126 10.344613491618 1.18997947309803
4.59591666691108 5.86664096420319 5.0255580132931 6.95063394969104 0.0572442428068272 0.830841511331421 9.93693205299993 9.42190221496725 11.4346985200518 0.167640253010422 3.65122842128413 4.74146861766104 6.90782090273265 11.9756908991528
3.41069364085425 0.620566019931882 5.00547847688373 1.38043225800674 0.180349642372994 0.24709073366784 1.07846751593749 0.295285179101367 0.537173427100742 0.187145351322751 0.29475277566471 2.59128705557778 3.86580748232106 0.521731594498368
3.18876188122163 1.09201289147992 5.19727729921544 0.688607785549124 0.0945507865875952 0.290483315414963 2.14509193833411 0.287801899073769 0.8534873799036 0.215085629606697 0.477359238324573 2.15659922544113 3.86973506780498 0.256038557461911
4.73806262898941 1.1959278124344 13.1256687588858 1.38248443442651 0.113688395040945 0.640389146135959 3.68448007696164 0.328372767950421 0.834364679328076 0.158441483827562 0.542894565707732 2.73836164873946 4.49928166127963 0.845429500241546
6.21504859601066 1.28241961592275 7.43739978165687 1.53607270986808 0.0840309965323197 0.868850651498335 3.29210963035355 0.384871479195684 0.720118114632507 0.0757789975483511 0.443945668147532 3.00424241056987 5.1759441374615 0.860232035878407
2.88818549587845 1.5098264112929 8.44685722276356 0.97341120429224 0.0874181904692703 0.682569059114109 2.62919008759609 0.456214819913681 1.69455786643869 0.131719028347987 0.562056807359197 1.74165248023141 5.12458044064119 0.354773564633972
3.47547585225085 0.77136797627761 3.80374428011613 1.30136325092678 0.0702778035092248 0.743801075284122 2.61418999642797 0.792079719069467 1.17612241199707 0.115214403850322 0.47018446455167 3.12360597929627 3.98700602207796 0.430922093779491
4.37697197797778 1.25765152141385 4.21180276048313 0.832657363201384 0.125492133852553 0.479684622887487 1.99592729634005 0.287251726528304 0.589345472169813 0.0657432920104143 0.37913660979237 1.75265280460485 2.60661908151677 0.434788915735848
5.57706758184716 2.02432651866763 8.95919904095568 2.22636305367013 0.151268495493713 0.76877339541007 2.90185726210555 0.481075077193437 1.09040373851044 0.0678461032876433 0.61291827467332 2.3869405948842 7.30099108719079 0.525766906545902
4.16751228368303 0.947012029856501 8.40448335262438 1.9913024993146 0.11856422581011 0.99757266969451 3.07022043237495 0.534117655155466 1.25030708505995 0.0671913074331651 0.618336404493615 2.35614644936757 4.01799801813683 0.650777798060054
4.12036695784693 1.64795987433625 5.11379919736528 3.32821367782933 0.0694909281607183 0.596422617551337 2.38280400735619 0.541966070894015 0.700402016161472 0.116267590140501 0.473175666055841 2.38871291516683 4.25060187198665 0.715222931216061
5.70343244542648 1.86608329578176 6.94173660426908 2.19761922502737 0.345611274945432 1.29281649154833 3.19334057186787 0.380503342580823 0.869407254367118 0.072467691983135 0.595085404627968 3.25448873640835 6.34011056541946 1.08043482807557
4.92234758245246 1.02321000375871 9.63015029679212 1.32781941043807 0.154248357576002 0.496446182482433 3.1604698221599 0.641142266323716 1.3194240789504 0.175157366758213 0.44214633570057 2.8247611975841 4.23146832824898 0.522308065375947
11.8789510107116 7.23006984026901 7.11728361205702 3.08346029509912 0.0897226212933849 1.35219329953656 3.41354988251744 10.5691179794675 4.8985867923844 0.120771679186125 13.8602158881089 6.51653300217826 12.6264408051414 0.915196348051153
7.90802379189278 5.67008983906201 6.12773580047616 2.02797311828261 0.06518710994804 1.42628549857991 1.9061793778843 2.42467388460969 1.04241593819855 0.108891919609663 8.98201504897555 4.2292216023643 6.18169061526191 1.15505175659962
13.6727944207289 9.17678941763132 10.1380174416442 2.6269349314657 0.1381029726945 2.64045249441388 4.50244687330467 7.95513729456257 2.79097406116587 0.108052540454421 16.3231577570748 8.56835022243212 9.67955195321833 1.11030850636001
8.23011040662388 5.68934948837059 4.14102423756138 1.54100995313444 0.180239488538445 2.16529048838531 2.38598450853714 8.32814523863102 2.19743715463014 0.153434546536568 19.3072090290722 6.59640409431153 10.6418903469587 1.09273802204606
7.81118959603714 3.90293672118094 5.35070368698337 1.68564071498689 0.0879726302825086 0.961264965359572 1.94392656823132 8.18483695208672 3.67460434226678 0.103135960718635 14.1707994906578 5.44470347994639 9.19411931949627 0.89809974174857
5.06755550171221 4.29466001531013 3.32666527308563 1.19808064930431 0.109270946907055 1.55731489927413 3.45658511492374 6.89145064398499 2.55541307842152 0.128469059408058 8.30244073438772 4.35404487825637 7.82631112644088 0.867432498042743
6.25367165064041 5.04710285331794 4.19899033542561 54.9449722256693 0.13845988008252 1.47360175757727 3.56009873834623 8.91577384573859 2.23568177734315 0.0953176204176194 7.26879399992467 4.13322702022145 7.3868085910563 0.853662190646512
7.83441548637508 5.38611436124987 4.88652585032469 2.20390637422047 0.0670366984099171 2.0830088987997 2.78094676462202 10.3038745851606 2.919798647789 0.160505493232256 10.7454067287217 4.11095356534425 9.96963003919654 0.65538466672845
10.6489972461658 9.11569377439506 8.25264063729141 2.53675769013828 0.0574074433440042 1.29060058268572 1.82593328505969 5.99913401022069 2.44232256694173 0.1312385809764 17.5723993492281 7.2194118475015 9.69562087654605 0.597190778711548
9.36306549582003 6.07777868703321 6.19029538501608 2.15080074451992 0.0867721709810028 2.04449887219587 2.75719528591561 9.51537208227854 3.0973119912131 0.0878705409317848 10.4885632402893 6.43753776758233 7.66246746561056 1.14182885349245
5.59050013858843 4.76849812110133 5.88103761611041 1.39466068870361 0.11083338021257 0.835613775810891 1.41153429629006 9.27882612556176 4.02004732779378 0.15006326352495 14.6217767720062 4.55959072310165 9.32674718968083 0.819187062185331
10.526351887969 8.79042411940591 11.8796626339797 2.83808779255736 0.136888205760974 3.23970070571657 1.99178215117068 4.9902463545058 3.55525670084031 0.127736668928772 18.2457173568226 6.41382788464481 13.0901113218943 1.00289744389147
11.0992704676788 6.98714574510046 7.30920329075013 2.11778668877575 0.146996832700053 1.34252486748153 1.5729697568528 6.05606141727293 2.09763258053229 0.139095337885346 18.4821150334192 7.24857178428687 12.4159225524799 1.05524322208742
9.37514486168471 5.81508120756525 7.42458365072566 1.86747427943976 0.1017669609213 1.64668146035496 2.72227286586419 7.02292527062713 3.90240713203758 0.0987189220255229 12.4287876714052 6.35291993667447 12.3160751982216 1.02229021103451
8.9577287258685 5.68916686629121 5.16586647449933 1.88986061309959 0.109282676420115 2.15846027709303 1.55342113796552 6.88554716875428 3.10238791674631 0.183847601409965 11.3320223971179 5.26375894200052 9.7513037705066 0.838762670985793
9.92488417299949 7.68911006394829 6.55399678883545 2.26719885790603 0.102577948883926 2.04865051654772 4.51427441797517 13.4737041554224 4.60379067728872 0.219874454158877 19.2379640145744 5.92995575228903 12.667087736875 1.74916411658027
9.59989405977855 8.04476787915537 15.4816985852192 3.99853163732169 0.0804801731849123 2.97601852810564 3.43777234065129 8.05087818461725 4.49216344557107 0.103669398470094 8.76435409932827 6.82590424395144 10.5532920276638 0.960258027665826
10.0696987257294 5.71952284293996 10.102463861971 2.0708143922161 0.142548472399742 1.3155554456773 2.6384251951503 11.8391136705529 3.33143338950819 0.135149773999444 13.1558259440392 6.42032612908907 11.0953974519694 0.903955944061425
3.73205129852063 3.62760043769327 6.65786787389732 1.33760573817625 0.0572697434510711 1.45326830450858 1.5685547464107 4.05303644830883 2.31809747059839 0.0870854201681279 9.69331086527105 2.77608639271008 6.33478312279551 0.71759821016403
14.4578418581236 12.4811770314008 9.70024120969432 10.3820655960127 0.114577331116782 3.05177611849659 5.03617549516037 5.41320215285565 9.16434320514275 0.0182980188570312 16.3771611192567 0.95717279604839 15.7070369499626 2.39515915153776
11.0887296073752 9.59634487550101 7.43677358296774 8.83577137503211 0.0728656300189009 8.16411623688824 5.0801829242078 4.95704813640252 10.0047282360372 0.0665265898241319 19.0160134421578 0.480964471767599 10.289951839123 3.29928468522498
7.37856043249074 6.12824423230081 5.86326920211434 5.20523821244567 0.22647805298483 2.81183489352179 4.29823177943833 6.32711804825902 14.0040760242882 0.0289391685483206 26.4839267622498 0.592610092837924 11.1288587081335 1.62249346794864
12.556120561387 13.1927399580695 8.48179610366852 10.3857509901437 0.0860012983656219 2.38831941176282 3.17003131252861 3.48250698873185 8.02813458217159 0.0913001665901729 33.0705630211433 2497.0240430353 15.6911569524637 3.98273735703767
8.8262463560881 9.23316411113214 7.32157271031487 8.68086928299412 0.135141470094295 3.47114921698408 4.89949194584029 8.80000189300535 13.7953743528468 0.0107076256606592 54.0686287695219 0.50971216709205 13.8046826127345 3.77522680428895
7.50004949376164 6.99389718660217 5.43787217760956 7.15772637170631 0.135641482762776 1.87562534879174 6.19537080639412 2.59972206962853 7.36893250435209 0.199163429602482 17.8137769968128 8744.01547786594 15.1011946717239 6.21385458905757
14.6456920853483 17.709031930972 8.91727154359206 12.411623511982 0.0940776256091352 2.38697341264328 8.71272863094281 1.68614286296716 7.30734164151282 0.272697986436873 17.6476345674327 6617.9664123678 12.9515461782585 2.93271175232877
7.82123942924055 11.6868486141597 5.6163679328986 7.13374480978316 0.13109267971109 0.931200631220641 2.08135264770632 2.33545768597037 5.78916603138924 0.279366631298142 18.1333475278543 1959.21928267467 14.6802691548793 3.84982299588462
10.3702939366409 11.2932726321262 9.09673955116046 11.4006844369646 0.0708832090141524 2.28891232408347 5.20238455074746 5.16372460095623 10.436600533695 0.19103810371032 19.3650597766849 10293.4976379055 16.8583735602773 2.91219975890769
19.0477256710487 16.4590028759372 13.4390242401846 14.0489452634657 0.109382677949517 2.00555299941676 3.66296092035782 3.6154259527235 19.2839354831135 0.393854347445194 21.4695556651125 20470.5579998213 15.2445635123745 3.58852054777533
16.3410484051717 12.9939986911279 10.4072079870055 12.9241209536161 0.187939237133595 1.94381328018361 3.48197152327084 3.47006259907569 6.18105631716359 0.275627590829478 20.530200030294 1046.29557005102 18.6114481226326 4.54823028084403
9.02480695064566 8.51604787376828 6.44151728881487 7.16119180943763 0.0756949130194935 2.59823678355487 5.23557419050813 4.80398406888514 8.43961488188014 0.300507636691548 28.3058663443597 3250.52721364994 4.99821647650703 5.41914850491312
7.56685286739367 6.271336730863 5.88964474896219 5.63213519745071 0.138908353643575 1.63587404773422 4.18861384705203 3.72829884691138 6.86942035320989 0.242546572474596 11.365701954061 300.87416413985 8.16357053727264 1.85057059297313
6.22768518685178 4.92100576824381 4.93614254082342 4.62234214990944 0.11839353925366 1.97491488407229 4.36549722805964 2.77223181319432 6.69452649173086 0.384214570444677 25.3481427311284 933.348447547238 7.94692244524757 2.37016953586543
8.15357794521684 7.24891919467377 7.98608877076758 7.35424760406129 0.134390010960738 2.04641966624405 3.50740032992983 3.4762038043712 6.10444675717654 0.0109106215889179 28.9886718047535 0.625915380437968 9.56487754864717 2.36577821599326
18.8704962971462 15.8119958077404 18.0838487914293 19.9840407850056 0.108451490457245 4.33860267598605 5.41044508192871 4.29484436213991 8.17087099070754 0.0393095559122294 40.6828011190638 1.02889812323424 12.1460154563129 4.37259308926594
