7.09391024845067 12.614320076272 6.52787737860796 4.33946357481164 0.479204505699214 340.948185894828 36.9311897692667 13.9118959015406 44.5513764918317 3.11003087170845 13.6498592505456 5.71041712374161 18.4019921668167 4.77525163380548
3.07721994704255 7.35166929944959 3.1051661458392 3.77147242787597 0.824372555805019 9.42014777108799 7.72538599744236 3.21630929691651 6.73890627363433 4.43774402190156 5.92668896654922 1.83521075768192 6.1140406203374 4.40877975480006
3.34573446056649 7.89034689883084 3.05583506908021 2.36239134510026 0.959052478034598 7.07481790427254 5.99184916732912 4.1587189439292 7.22458760863186 4.72837674869245 6.92318046800733 2.95517090142876 8.71695147058996 3.13473426039776
4.95385248065602 8.29948561944716 4.64935032325481 3.95388178930228 0.9563534135781 4.44501966254068 9.29545551228134 6.5780472457695 10.0385944414751 3.91876954598475 9.21469732922973 3.99642416482993 9.9247262719949 3.82075261843134
6.3880431031167 12.7339911247901 5.20869014349699 3.38890268253778 1.28299001432061 13.2114376471181 11.5450516194971 9.00662437711127 11.3210009355793 4.08060902464975 9.893662797808 4.54245006439172 11.2693870991114 3.54811642017806
4.57781329324104 7.27228095026934 13.3458565760511 1.50816715154675 0.602703370893291 50.993845597183 11.7128893190166 11.6966758578927 38.7796196833044 4.10971554695754 12.4204857515679 5.33563325711464 10.5584494433346 2.3170835146646
3.78653726544518 7.50187221449263 3.24450243640739 2.51261677943316 0.594332887641313 7.67714702432395 5.58717002555431 4.2702566486144 6.72909262448291 5.08496764126325 7.54427862874388 2.46469344272097 7.56156752468874 3.40653063063495
14.0652035273137 28.9335403562665 17.2009934818491 3.83096181501 0.72036290969021 74.7988363733125 49.2970330006437 28.695055856982 62.9857010977016 4.40448980311807 37.7173483117501 12.3176651306548 37.5270421844397 3.45118925877806
6.46404778809254 16.5802840601337 8.74249125610729 5.37355823120295 0.738726489960957 29.5073841677308 11.8518444694993 10.3108994930169 24.0694877484465 4.07636479117189 18.2488340014538 7.25633630060492 19.6655824962431 3.17265634202438
6.85339107989422 21.6271251531963 8.89609632982975 1.92678217858088 0.603897218692227 27.026717054111 8.9036334837103 8.91493608096162 12.8809673508814 6.33946276733293 15.5686213047833 4.77031644580948 14.2972785450931 2.05707197791883
4.79254319697575 11.0880884329361 6.65285835798652 0.830029374181791 0.650491663090179 4.16214560184405 6.47152875656482 4.39390693008943 6.31694813312807 3.85115157616396 8.59587167486078 3.90615687248043 8.49104201632936 2.01348619782742
6.19995894481582 8.76858730668466 5.15504700954619 1.29729171293943 0.733132575113187 308.154577446797 24.2255892215824 24.1408491378847 107.712053558761 5.28404207466066 18.5206775418549 4.90073949733736 17.3817410378201 3.06704609738674
3.26144115256609 7.61518113255587 4.72618829653335 288.757266916832 0.394371452215725 5.83558247524313 8.76024677749103 7.45951331724883 8.31295511818229 4.10787601341173 7.38087025142854 3.71410734478728 8.16742683642153 1.74313451580005
4.59786374696276 7.25271462982951 4.73673367615236 45.7368055751854 0.693580035438916 3.82612688518994 6.63278121804607 5.60293463193674 5.80523238417242 3.57838395716111 6.01810979415992 2.99127964622803 6.4983787030368 2.24020304156694
3.62015106127654 8.74599004930401 3.75966079113701 3.62079947809621 0.489612380564576 3.48517755972193 9.58757585229393 4.77379068892344 6.6867963779643 3.06639275643237 10.0429954137783 3.90033281456069 9.5716241251102 4.19590389074873
4.24604390202745 4.92785336695236 9.94835013655303 2.84549370947075 0.5480255896301 2.97353871028174 2.10652016644644 3.58772722925259 5.07010765953094 0.489622334319176 6.56039856778416 2.08243077722594 12.099151231098 1.31770908385063
4.27247110198589 9.47115950968129 6.05067222169663 4.71747338458986 0.580790199606227 2.10817793787685 2.50201543695498 5.08679008188778 5.09211555036942 0.810111099704217 12.4975150542871 4.04792339415132 15.5857218696515 1.10957361139689
4.44895065149096 6.99492151449775 17.95039608961 3.31322818806927 0.604188376961556 2.02209871975641 3.20654445130712 4.50141342173654 5.23792570508766 0.874797206579411 11.372129442318 3.39709522161243 29.9154223603067 1.89615220410221
5.02783073095691 10.7142775033112 5.04435913863187 5.852324708545 0.53351398799915 1.52343055948766 2.55865763864431 3.66458736376118 4.89642481803391 1.1196833096952 404.817844224863 3.52857156119956 22.6689539029889 1.62504848589283
7.07709375983143 17.6679320332735 7.2837367477856 9.72269256226272 0.599945181728939 2.02288466452335 2.81187003474037 5.17284565306913 5.97312760827483 1.38489564524072 18.5869002053633 4.71581249638165 27.2650331881526 1.79183141810378
7.90638999401157 11.3657986683555 6.47646823237923 6.38766918331453 0.465704488898194 1.67169528165162 2.69646443269833 4.61739968038091 4.65459442195131 1.82318489821821 8.90947389618088 3.55419005908695 15.5468512787174 1.49676717607185
3.50082751946623 2.89053373426475 2.52496453247225 4.0767127747978 0.626256014242946 1.92001379784769 2.86108978698087 6.65503740575738 6.64390489472123 1.62254805612162 3.28732600651949 5.27281676769345 6.31287298876841 1.36933532460899
3.29847664077824 6.82659401164694 3.98040041565193 5.41413465165666 0.492549479551003 2.48752946426405 2.42869209140643 6.11328516499846 4.85513411723875 0.760685349306378 3.06320645385337 2.43513571892841 4.76576310616246 1.71895159487424
3.59584931857193 6.12475866550693 2.51647147495592 3.79969334440834 0.491693011150217 1.57682650272853 2.41591311923098 3.75450660920515 4.83934292760426 1.11719515349037 2.97504151011663 1.71441626342956 3.31032917625131 1.17686396567309
3.44053885636939 7.13514462452871 2.01445412059698 4.29144961285837 0.567184347831533 2.08724907870996 2.88719962071957 4.19384646232785 3.93745135484255 1.50039930493226 2.16922973892745 2.06923745979109 3.62254299260378 1.38700070013152
3.93113966758317 8.00144438425658 2.62871352152407 5.59358580197221 0.424649739145177 2.17960718553979 3.28189061392759 4.65100548623064 3.83563460641758 1.75863773397226 1.89450713865279 2.12434856582373 4.07570767808123 0.808437041138417
3.87367329701072 9.55721141531643 3.57025373852691 6.34424592922906 0.723615127756484 1.77156487278495 2.68351256319158 3.68689966201853 5.26738335615907 1.53772405500693 7.90977791944739 2.92590734501124 15.2220828782504 1.38036664451163
7.01486788825824 10.7880743343469 5.21389977720272 6.26437774355878 0.577391958954018 2.51919327976453 3.95695348057164 5.3890871686964 6.6945895358083 0.447395060927388 2.55860540384023 3.28661682103974 5.73332860088764 2.11935861342757
4.56363434263112 9.07231325762697 3.68631151963992 4.87732945002381 0.633760566269175 2.0410772151506 2.91131684557384 7.24205099374723 6.6656453708154 1.26376136513988 17.3997617921501 4.69254103402535 24.0109930117162 1.78958662040734
3.19329596054645 6.77238213663619 2.31274412023668 4.51485685580587 0.547443317375893 2.20352858687955 3.86162289996174 5.03393495706997 5.09588653857234 0.548396316683167 4.06701965067951 2.30062823330224 5.29464418256683 1.40260385426087
4.22599977789383 4.15989915624165 3.79428744721498 4.04568286382023 0.55430693098585 2.6845066819239 3.86935671041398 5.18996227983764 5.7740471491752 0.797239461664368 9.99649070076961 2.79927229369507 10.5489172762917 1.66908647174293
3.91844108765605 4.29970544704485 2.41893661461458 3.04787363170165 0.477798801388132 2.87601362966591 3.70109392425414 5.99959928023949 6.42157550378963 0.696292004945263 9.75351195481654 2.84345501519489 15.7319778579618 1.25074213053925
2.93746481296568 7.98979364849307 4.75824947123848 5.25553005693379 0.596912067206442 2.26652478718145 3.96632627146688 3.70981336842059 4.22364046086616 0.661222107460998 10.3162947547578 1.86448666403195 15.5505009236108 1.98605582386308
37.5419936178807 21.4878302895234 149.740860047292 91.9009985908916 18.7581095694663 168.174593863138 288.699314042191 242.788069815453 192.501683052854 7.4210597063246 56.0795667538374 22.9924307917078 208.843199954055 33.885724800718
5.82482220572001 6.00499234430079 4.80315719286021 5.9871763063009 0.988580267617086 5.47561315262563 7.94761638241834 11.2685878640175 14.6021805584437 1.49632828558428 9.53483689917913 5.57842321196932 10.2498078125923 1.66250052883166
4.60460874622774 7.24431419274407 4.41928583112058 5.42430568963918 0.820431584279442 6.80398169964305 10.0892966070825 11.1643012634259 13.1309334946339 0.688251950207084 12.7123242942187 6.37363982857781 15.8033877337273 3.02402666019444
4.07468442237278 4.54687821618086 2.55942971649279 4.13099767896379 0.495112771825725 5.87915226336443 5.74361916280631 9.63915599594567 9.80321009796616 0.356782095108585 7.51006313438022 3.04425247251881 12.0772231739891 1.85407154247299
4.68601710969427 5.63906607433582 2.95866720585593 4.95778295609403 0.540848534168641 5.58825777894553 6.55215554966298 9.88028759446368 11.1966674694134 0.403029798860569 15.3325413199443 4.17005033212711 15.4081091985317 1.97255118428102
2.93943053948672 4.75884756480243 2.80318415465453 5.41497736456531 0.803163631871027 3.33936289816113 5.83298827984927 8.09280988411931 7.75816948143256 0.281550301633939 11.9562761167606 3.26995435337865 9.84633753194705 2.48289704628379
6.73644510282189 9.99068062577068 3.59245457722774 8.58539648227243 0.652002662400467 5.4123291348425 8.91963045011243 11.283145695221 12.5480210850332 0.227674677210595 11.8447381373339 5.63344662472016 12.4315677949208 2.27480194962765
4.33788071319706 6.14522569283277 3.20937020572765 5.78257306571417 0.71030380878348 4.67799341378355 6.42978010112201 10.7491220649943 14.9976756991004 0.3296357461685 9.38212106565008 4.59517550975309 9.95389697883438 2.44575365089253
5.34957705714306 7.16483597733011 5.01667115064243 8.01906441611279 0.733436358141118 5.11669335050221 4.39521164374244 6.27602983066166 9.47075011268832 0.130453429182568 9.26440671102566 4.72367809906544 11.6189270712896 2.41146454869803
9.39656810691027 11.4276320843412 4.4286422462895 6.83311805779986 0.941111282476982 7.87083044475827 8.46302553452664 11.2028406448272 10.4449582206183 0.126630310065842 10.8001063134682 5.65050911726596 16.2564154493838 2.49932912414462
8.03180986180395 13.8746329647799 4.82608067276633 9.53347816485134 0.702668355634857 6.99364729871031 15.0214395256931 16.2617150855241 24.9382207822582 0.109606905619867 19.4545699147615 7.44670429468918 23.0245405583767 3.30095400456064
4.72384666114885 6.88975387832863 3.85269085377511 5.77410990037009 0.886683326733474 5.62471500079476 6.57232876447191 8.38152360254469 9.35437691349878 0.155442363230651 7.30299644187613 4.81652159895231 10.46012522881 2.73176416767405
4.18271370874623 7.25657568958288 4.19019527353435 5.41517007176206 0.733071288685632 5.47172289610361 7.64570084749343 13.7826061906705 10.5144117292495 0.113258171084755 9.73688685917191 5.61069773648451 10.212300426294 2.61113916076622
5.42147906569158 6.0405338157039 4.03818934881768 5.2963182926613 0.771288274189448 5.12185270411447 7.88845478399356 8.05872688275597 10.4910685122752 0.471655192965846 10.6157289693134 5.06619672861936 12.4563092831503 2.59073332322926
39.7497150399311 25.1212968661945 122.386865038996 72.9741820224655 20.8644097520989 158.758862621505 271.010465066636 273.566705247008 249.079861360691 13.3260975727633 45.7323594585197 27.1908518546552 153.996134428756 65.2371613866357
29.3840625530331 16.9982941142038 102.254382153423 60.1855753344063 22.2640266450492 156.969838971964 220.254060040097 186.068055273354 167.007953316805 9.87385641113407 34.2543862452476 20.2037478817755 136.257609919802 56.1352158289739
23.7059459098819 13.3972637880283 81.9518738376127 47.7088170627803 16.0115636281979 154.673105994521 291.514512539979 197.447393146896 148.430424142975 10.4582373863654 25.1139198359976 20.070636137466 101.586578370225 48.3946886402936
31.7642169566013 15.1868800032447 133.883638666563 70.6185421869614 26.3386878767387 125.300417687366 173.305948411112 186.722651857718 164.510611242802 13.0000043742062 45.3579988412009 24.8530576079905 202.204458058257 55.4734337879084
52.3197366265409 29.5720769054689 128.403844680844 84.4737008410865 20.4836516558087 189.598557163897 296.581505452666 274.808780102439 217.14967751478 10.3665122612571 61.7969446176274 23.9920390502486 210.731164059956 73.8065944789357
28.9935972312099 10.4268687822202 6.98697206597125 9.13652373839981 2.79415918345264 3.29629426861769 29.7872754635401 9.16256042456747 192.773790636085 0.862932558194711 6.6138970440853 3.30073438473411 43.0366082115907 5.19843325052208
91.6757895592115 30.4423881614114 17.6939715386903 23.7849123682152 1.56144286750621 3.67307594006727 91.6324261042883 27.0883107243245 668.332141344572 0.907582689830828 21.1302644561496 10.808039210682 135.727070455621 21.1608647056065
76.064776333814 22.1927764743803 18.719207880026 18.1839689605106 2.34248701365368 4.80384973949192 81.1722983386153 16.5133279881643 556.177606893866 1.03226669961253 18.7390584309984 10.4077162905634 129.071346743734 16.7253796013373
73.4043901305767 24.8712031664378 16.5888443271599 16.5907038608458 1.54389336820913 3.73978928690257 69.0732115774271 21.1503068737611 560.577586921913 0.938609208428937 16.5634578480712 8.59978896102134 99.725588117519 21.175324314424
41.0266654327657 13.4387203811738 8.42836179252305 8.75259959083333 2.28461044398758 2.52085291496867 29.9755945636401 8.17430451460663 280.468998890022 1.07053856917997 10.0151042760385 5.51787582542992 50.9937422117893 9.70018727016378
62.7305456589594 17.4339166383516 12.5595357100108 11.188351139333 1.85132137950423 2.22939438652701 43.9887300263172 15.3441276728771 412.234283182516 0.628003187127157 12.2402878975253 7.64454260876869 91.1625343683069 15.9367894722338
23.6276836212929 9.58136599440014 3.79523396693301 6.26657578397484 1.03897583826235 1.36184690453817 21.9586801733788 6.74351806896827 115.187169350886 0.953062207153673 4.58090213302287 2.79753574334599 30.832460132235 5.01730850927748
34.2825712981943 10.0988053014533 6.54447389151014 5.64950617607654 0.906071431944858 2.07973555581233 28.0711663976027 8.23371915914342 192.083252574417 1.32646700194443 8.0297511067447 4.70015591495257 41.3059885882871 7.35130092271412
39.090773758913 13.5713223932142 7.0973308248762 8.83048697860134 1.74859267387117 2.7406880775337 38.1363378121056 8.921976702919 270.660511787767 1.01365569779971 9.64794632358315 5.34401472040561 58.7815774305682 8.15077591270618
29.1422366628411 12.2978885120719 5.35326483384683 7.08459395297867 1.70771587658439 1.7859242897252 38.5129987770456 9.31361185211 224.562884062845 0.901869406531339 10.4711315955583 4.59958339550266 45.5897584116894 7.30446289508337
18.2341389986258 5.28538440624926 5.06997906710558 4.27578978714893 0.993254186872936 1.60154232761544 19.8650776885172 4.55191909864128 115.346190560634 1.1068783770704 5.99323574332219 2.43967382560183 21.6561213709331 6.11778096290445
24.6658828330581 7.2517544197812 6.31354574258401 4.28082321003167 0.815993761194024 1.38998951280488 20.9281436858064 4.09817222562072 169.201254762332 1.15860404661853 7.36853871843778 3.41993692626163 30.3272766467457 8.92916813973074
71.969411548022 21.3778741517631 13.7215003682404 15.5822789524401 1.29763207681737 3.16216373159098 64.2971257307941 18.9452067725839 431.61644640286 0.539913486894129 13.7631167755064 8.10670887206659 113.771316426589 16.5356756567717
11.9212789860113 3.81910584997935 5.97387028217998 2.19735325440415 1.19319558621521 0.897391077506399 15.3753130302737 3.28356107796765 71.1708641275833 1.12028820132518 5.91426109188916 1.85449654445365 16.7800727034064 5.6346389513462
72.4781317647238 21.1878469806141 14.4626235527435 14.9579257767536 0.884506110140796 3.50473148149426 56.7070643386654 16.8304028085949 429.634013754861 0.734175868252723 11.7852006448708 6.68157159063921 95.2881269430839 14.4970925156758
89.2175221209204 28.7752521549587 17.3265322503322 21.8736250999874 1.2290519054184 4.00274528720039 76.3980012621599 22.2949836511987 572.128514161145 0.779929069113603 39.7228424891939 10.1808546082756 121.206731255243 19.7321730522537
3.6814891476661 3.69095427808328 2.1351243233314 3.82788233114503 0.523555315042415 3.34870571546824 2.09033375114582 1.24170116632939 36.5798772145168 0.651588140960054 3.53075826506637 1.41593533040879 4.26708985798104 1.25253070866638
3.87397335466712 4.07081645379776 3.56164347628052 3.82117236672127 0.547164921182563 5.01575963338887 3.71108354152331 1.68913043732794 57.8836931132278 0.429872943106821 5.18991319946813 2.19019018395851 5.80137029609174 0.982361952346477
3.02706023189196 2.7058257153794 3.39834640905673 2.72141293154937 0.655897162668625 1.98072719277776 2.12847290358749 0.796240847468234 34.3777470018381 0.859712914425677 3.97651437925454 1.55687706745694 4.02732729328931 1.08164026338483
3.22760856287758 3.0256962612802 2.44624011625932 3.89281952926991 0.45594269380681 4.45905316629035 2.37931129105381 1.1804202280668 43.0585356165675 0.993619123078745 3.23356683505524 1.97605247226933 4.4378722277315 1.31548934915156
3.0669189995733 2.07677106051284 3.09497430134461 3.86542925112581 0.509401197301045 2.94123738738271 2.31168603769658 1.03842648436508 45.2239607204329 0.846892312231561 3.79163803205486 1.68662435533459 5.63897139506047 1.06685512299931
4.17326333453536 2.47246748631894 3.20175349391529 3.39847212410761 0.436353377081634 8.99853762780369 2.39728548802971 1.33255404175988 57.0596308648881 0.856049615857454 5.24342402941648 2.88238660623838 5.61079433424104 1.10713294537484
2.97946728070645 2.17860187193574 2.15481835833824 2.69418689638972 0.539774216151332 2.9398410995783 1.92079123215264 1.73285003276098 44.5313808673993 1.11884164722968 3.28750898676524 1.80573377720373 4.71635821248861 1.27143751867509
2.18877576760531 3.03013585294388 2.09628027350651 2.99041623325624 0.379749648598348 7.8509873090692 1.33162610238938 0.937159038246182 33.8634925656568 0.545158349576269 2.2910999518383 0.957358082261383 4.00231969095593 0.963093901585159
3.41766823563102 4.71206715897523 3.12941290053609 4.06367216915027 0.527129554679041 3.15225618838352 2.09740674244077 0.897974167612586 34.6159195573782 0.495926025732872 2.95672919159205 1.94069866601503 3.72409849882123 1.33445089103675
3.18852867002676 2.66948627473256 2.83785682885467 2.5188836477011 0.858729068598179 3.12086971260511 1.87304603590093 1.54048996289376 55.1747163279023 0.785746646325107 2.86797555179115 1.75991223350464 5.77065235729312 1.38418068184191
2.41538607059555 2.33227033090344 1.83531418649581 2.66297164660274 0.910164957034573 5.84011635034173 1.20613495978021 2.62734473938335 39.6531493077945 0.690027269854983 2.36965763848744 1.27381433132469 5.32281177190543 1.26295960359342
2.54618543292305 1.39792531353425 2.28963116851593 2.25460061038894 0.803674244648997 1.93357096565326 1.82096072255996 1.2088188724412 38.6163249246114 0.903753908620674 3.31563424014998 1.57630645113613 6.1810925357701 1.14584253800964
3.12383497762516 2.89873234173911 2.9525856529857 3.14940944245233 0.679852974733262 2.4605654628194 0.987165714178116 1.02768226979691 41.1323283272524 1.10979834181489 2.3479901181717 1.28576904336685 5.03057970170953 0.838028508689224
4.93129982766455 6.46193931405458 4.70146621391486 5.57592958045422 0.690197898375637 3.62823636009823 2.39484779757781 2.31208711821555 127.553165850173 0.970738638353559 10.6759368875552 3.63695090770133 16.968745571109 1.69578820298468
4.46996198746922 8.00507482672903 3.81895519151938 4.96715567645423 0.835160259606412 2.25173352975548 1.82273895879773 1.87316352921426 97.9455649821891 0.842876249847993 5.08449299510343 2.65224074525971 10.8884170517472 1.20646207180136
2.65861896485035 2.48227503280463 2.17079789826836 3.12412654913576 0.719794098982629 3.70236485793845 2.63773266157923 2.1353462192077 58.4560569960733 0.831280844303503 2.57642873476763 1.91952125434991 5.6583145268439 1.34123818226891
4.64555432398933 3.99301877105348 4.30862191609679 3.68367360534822 0.721001965281445 3.45340040215592 2.49348581274231 1.7338244066658 108.692508959637 1.02333972012189 5.95346375709602 2.18482822250163 11.6088864360859 1.62730541242868
3.44453475341904 2.97997417255512 2.63822331111581 3.69100399610963 0.759651218628359 2.34068389416945 2.10186317071005 1.41463802842674 67.9058715457204 0.665765713249114 3.43748505482586 1.83406773086238 7.92760086642251 1.33690838432586
2.84709490388505 2.2009808573091 2.20786704745686 2.43562271922327 0.748536796654266 11.2649888508754 1.62837437567696 1.15186738493784 55.2074040228963 0.694543827466432 3.41466782581361 1.78015335893339 6.4676917156145 1.4339366130164
1.90862232216521 1.9257083776576 1.89932660553176 1.96177469786353 0.697977269519607 2.94973420605504 1.63722511195648 0.930997922769814 40.0239966332885 0.672863427212681 2.3235956354878 1.40964308696656 5.06895155660349 0.93549876350422
1.90476252218124 2.06370052713273 1.67094676697466 2.09854430370399 0.752821767606672 2.50569863145314 1.66953805127614 1.26580708949847 41.9192989662325 0.672520190750859 2.84696698845084 1.51776308721032 5.0689262593815 0.749026351916954
2.97849410835212 2.397941998228 2.21984831145766 2.77702793325964 0.777823979074694 2.28864996972578 1.75758622381244 1.69705136270542 56.8554109014725 0.894505407175704 4.20001858342208 1.32378091617259 5.99194893901571 0.933622539101069
2.71778313983828 3.10061352968297 2.09513554087856 4.20153095588255 0.779931482498262 2.51008741734143 1.45876470403768 1.1280505963039 63.1086252921024 0.7247246442009 3.18710457673098 2.11582354672361 6.6407300884093 1.55817934973326
3.05543025433662 3.49469870526088 3.06383519867204 3.99555590475042 0.575602327335241 2.32373962638415 1.44485063223388 1.09354566061374 57.9812956569375 0.760485557923707 3.44234422183668 2.3581926377134 5.54246672648665 1.68110210581136
2.82394430037649 3.26868960807627 2.75212787243474 2.24918146111723 0.580802457643684 1.97108951472315 1.71995637146955 1.38919420301891 63.2236248207907 0.664886464404366 3.65803379914635 1.88467565169491 5.82326683699062 1.16448113949402
2.58751173863176 1.49184783806369 2.80159167784996 2.40942920725537 0.835382154447089 2.91883540642216 2.61417659751391 1.16548893157346 26.2201752691126 0.497527839522038 2.44684432988971 1.63925250236074 3.12367532354833 1.09986883625101
3.06573616692589 2.73774954941589 3.05920477031201 3.43834550023841 0.811334329364046 2.65854968559264 1.49873694650937 1.06684389125864 58.5818222638235 0.550943071603752 3.48279604367881 2.1255473310279 5.54589457784458 0.99875141338123
2.38203034131925 2.37898736292201 2.45266628223811 2.69107870807859 0.667993780998085 2.14095633779187 1.86382823009239 1.43064023992196 49.0340307929929 0.652110985032943 3.14040572177265 1.73990541283541 5.57876022384973 0.787987073504655
2.55735479359698 2.51283466693822 2.40532927176981 2.7403280338792 0.891499276132342 2.11489169000438 1.20134155332775 0.977060896571253 23.9570876622801 0.484406879599826 2.61989387312035 1.76810211505927 3.24679927546915 1.25196656248373
5.46370022869687 5.38373116898729 4.20858940602943 4.50026400419321 0.758484471028285 3.41103348100459 3.31837273504935 1.09298402387073 53.4663183751718 0.648957056622201 3.5437203411918 2.88459002915161 5.73626780568046 0.663798342474814
2.61768029432035 1.95190599273745 2.58799272346026 3.24315951618603 0.460547046888526 2.79182236853747 1.83812933424704 1.14531177913526 31.2021721205525 0.551367342869999 4.04171060006634 2.15522127448792 3.53444870372025 0.877885034756233
2.53487954824343 2.7866451085483 2.24189785723 2.9537306772693 0.628126302327855 2.42214617393058 1.77042861466566 1.62114328079469 35.2841292996326 0.621424064276592 3.82594740882309 2.06701458544503 3.33536571208418 1.15970979604739
18.3112443222835 45.6052123038721 3.41995871560273 35.5857525954811 0.99061070765357 8.23587188147305 10.205044409869 16.2084393476364 44.1391343004019 0.53054553419144 36.8025395719523 15.1965099595382 38.3381247472719 8.45007610641953
21.7186245272617 55.4609069891177 3.01514648358718 43.7643055010229 0.974785351049124 11.7460074146096 6.13621639255336 8.49631660649163 52.238812134346 0.603654165336642 48.2378511379684 8.00885746416934 68.3181275498898 7.87110194010314
24.9058564962481 53.6806318764153 4.80139646815535 46.6236502185271 0.985845558236303 8.67735168812182 12.7883530640485 12.9954913610761 52.6386883245046 0.65071343422663 44.1276701119148 7.28478767332709 49.6541600189759 10.2899133861465
14.7420582688448 36.2428466563986 2.16263927455838 34.3409488136172 1.06754135971644 8.69968937960974 3.17789175139787 8.48833799887954 41.0511723886868 0.722217019807325 34.1078866800855 5.63283939259309 38.7850575565654 7.10185727726583
21.5067056726 45.4258929486193 2.74187120787407 47.7232429668672 1.02467159636473 11.5749234346848 6.69901080238238 18.1413817011135 61.1664946721732 0.487080273012499 51.9987028244871 10.3767085859384 61.6129020538397 11.4151798703205
16.4556269274154 44.4843396796069 3.42428373395027 41.4978658918977 1.04217872007599 11.9184664046457 7.55994796388281 11.6550043357778 56.8853557808181 1.08053055740973 34.7832063473572 7.40149874964815 49.375913641971 5.52483707819574
13.6952023828401 29.1730352908478 2.41879345065095 26.5357380815436 1.10276110014556 6.83232591003656 7.6851322282294 8.43222053586492 34.2619942380271 0.800808528767354 33.691224110628 4.07813826727104 42.8297950050292 8.18549782431525
4.34224909838512 6.22368312728956 3.5468212367739 4.90300596671541 0.529266367499359 2.14923187241216 2.82166933412532 5.11335724842752 2.24346272351574 0.999429755893328 2.57157194823744 2.37803979658868 5.38238145927806 1.19857718349725
3.7625297061171 5.40546788595255 3.6876465027432 4.45100086450993 0.834014703158068 2.15648301619073 5.25552235993897 8.06459820419121 4.92833449412463 0.726727290664565 2.55893362711837 2.52893922137031 5.6288692408565 0.882987977645838
3.45939793287517 5.10406342380636 4.68030837485812 4.13100603692258 0.692679741701533 2.9796500923389 5.24386577218208 6.46905037856789 3.34972973786447 0.297960717603595 2.6068322763334 2.97367606207694 5.85653593052524 0.87225323453465
4.32288034576104 6.54983105194502 3.79657327843026 4.78118214091593 0.501140827350975 3.07752609635568 3.98034385241275 3.49013269694677 3.18880797662581 0.397105816173435 3.30475554170775 3.54172139403719 6.13483246299335 1.11472686913831
3.27619591035403 3.0925753926337 1.81673286117705 2.30625297197189 0.451234288433958 2.13964653251355 2.49863565570477 3.86130377472114 2.96715927595887 0.544275352316512 1.71196174529088 1.73436314888399 4.4302163833095 0.767350419035495
4.69890109592079 4.48059274911756 3.69984680468194 5.00810904924009 0.5954665056792 1.55486240296179 2.45447504473375 2.7594210898856 2.6088517970324 0.342095997891469 2.47793328840162 2.79323306729956 5.14774607918335 0.566086371266773
15.0868124088599 17.4713185980225 14.9825091470004 13.6510711794322 0.62343386880915 4.53286256146588 12.4597925722247 9.61735467677793 4.86198075751123 0.348952034613839 6.90840294185206 7.58554695861506 15.9817855650714 1.28130924788736
12.442931251501 11.1490618691577 9.59025912258786 8.78145055782487 0.689795841263109 3.30234156645459 7.84536334860193 7.57081511124897 5.24371286877453 0.513982818434486 4.99755490345092 6.66399112489531 13.1780882221025 0.798952167673085
3.81658767139866 3.67803418987019 4.10840832404437 3.31717843559967 0.602087908414358 2.89073302930986 5.1118671949393 5.56058161610719 3.5186753585544 0.322557165341933 3.86711977043228 2.36311355708832 5.24887599101873 0.956552785865496
5.50058184111651 6.21443939011779 6.15526838179556 5.56996402229207 0.683796533239146 3.04635923501207 5.41117180703519 6.99224225918712 4.20190940082353 0.207477391681109 3.44792704258024 3.49723380157541 7.43647418595541 0.799785822435749
5.78491834607871 6.78693182371737 5.69065017539909 4.84840609586718 0.581883646599753 2.35695110373295 3.91212186251039 3.63122930940134 3.1972937643565 0.120207064361768 3.1570224855811 3.07148052122651 6.00224939975799 1.02713554217386
6.16633665752077 6.50228000843779 6.14539590469297 4.91158865176824 0.588213046001353 2.17546883308838 6.27905486197928 7.00916969348874 4.72713888610793 0.241025908147581 3.56670947345918 3.72411164078713 9.20260598931822 1.10520155539346
5.65872119926351 5.34339370577379 6.10646389527247 5.29324185382185 0.515204583707144 3.42872047229174 3.57645251574889 3.74346015535638 2.810839540316 0.231145807700028 3.79218992621801 3.24949825330767 7.09660402725016 0.783756356609813
5.33444836520957 5.33085126844668 4.92857898602681 5.88545458248116 0.726941112064947 2.31903631741317 5.9154255931903 5.37775986775797 2.70130723222687 0.442009909269236 3.62887601202845 2.73640403908704 6.64351536982162 1.09557625001537
3.06404737571754 4.509501078824 3.83127873764276 3.04496019254342 0.512539277670566 3.0534147111172 4.72655679839496 4.24120698485181 2.66778258599367 0.308080814349399 2.79824190637416 2.32814966790239 6.412336913079 1.46797614038703
3.98866334769323 4.54265462170547 3.95165179059214 3.65787583245593 0.477619198741094 1.78803526528642 4.48043587905261 4.20494706214917 2.75922598742053 0.205661939958415 2.8779252345483 2.47055982970073 6.44700192748464 0.607362407124687
5.84230227697777 6.15788363406687 4.94045224802308 4.62879829416728 0.689347532965257 2.75087991621882 3.95441929603475 4.96644788310761 2.8403462487897 0.267432738684386 3.61280774672918 3.59432903346712 5.87670376339604 0.858638772424797
5.94813153682217 7.54392724707069 6.21425571199644 6.78369846382751 0.412689778805096 2.68942543521988 5.63226153345503 5.9212799903485 3.69888161954786 0.37805567899689 3.74750398026351 4.44527248648948 8.89193425058885 0.949345549939371
5.00212574621264 9.29776690861809 4.78878491137504 7.86933000445359 0.602550405069043 1.92301728095164 3.69698776312823 6.43767611860541 3.92325818845577 0.155178248815701 4.31187595937127 3.4887612395711 7.80456976323036 0.830074671130327
5.54511341117479 9.75055678365894 7.7533698193396 7.86012857697366 0.693048798643643 1.76811557458426 5.98394019574112 5.9572577899615 3.79794773802292 0.213451314085108 13.3026972091879 4.89547474991438 13.4188923156605 1.16350507114474
4.24536697458475 4.25492856889347 4.06206905842748 2.89519387497692 0.837374277965965 7.95163097616496 3.26759787042269 3.52701765499847 3.229368146891 0.390592141340139 3.9127076392196 2.19643663225715 6.23847552234886 0.858996891589475
2.93993156379762 3.50809625928953 4.17917157620263 2.92057441910216 0.657541410134879 2.29865123317001 2.85042354079988 5.80502471786613 3.21335036720804 0.702378331416762 2.26912628746016 2.07634152677936 5.15174002185144 0.883774668416586
2.86963655619929 5.13511400139837 3.35113177105097 2.95351547720562 0.644849997373599 2.49871593800181 2.98267040348265 5.12007361881181 2.24785118693161 0.677104010468183 2.16299124372611 2.35016637763497 4.59890954054667 0.713628820402949
4.87949752666264 4.8065449422387 4.34267837476239 9.16609672071623 0.579209724815183 2.61051256332234 4.85341317014517 6.80096540470041 3.29068513043363 0.312657173365078 2.80504601888549 3.09184834368482 6.4007900215289 0.994365397740313
9.85750338412944 15.5939522335941 10.1912580860576 40.7158548996825 0.577419704157634 7.05406934963892 5.64001721911694 12.8191412069962 27.5818108235815 0.490094378737931 73.1759801769401 5.36293854674623 65.376936327209 2.71739220633297
21.5422121386804 137.514064305662 18.5264925665657 71.9669327640949 0.529493832480138 55.2865327483584 10.3183887496726 14.8841081479997 37.9186352837412 0.57806086276113 51.9715635950595 8.38042899190945 99.248298721838 3.20649610597096
13.3043443753203 29.3265340882442 12.2423572308804 58.6174742056448 0.535837513284226 29.1727710888493 10.8807595355044 20.4372237195393 26.156607044875 0.269887844683178 37.7849010680925 6.77110295870551 61.706061775929 2.766787564999
28.2720288832615 106.897125823388 31.557115369651 44.850305045774 0.95262233011546 29.2826183932518 15.25192840621 22.1578625789213 70.8815614445789 0.693826769222388 63.1597932059928 15.8335284449261 224.186964344863 4.43597214528936
32.2695327903483 116.130863969894 33.2144668980759 41.4397261991575 0.389796133593406 407.439104756449 19.601645660421 30.5844200003956 109.082861506729 0.543520382517665 26.8719491579019 17.3929110077409 63.4881396626812 4.21727879485122
17.4415155940879 81.3076566733613 18.7847346655179 42.2029997715393 0.814074715263237 10.8774255587462 13.9184879756111 16.8563278989704 33.2692770482994 0.343891881214684 22.8275127432284 9.88806933428407 90.3562040901302 3.30993887696542
12.7236333333359 32.0217549274804 13.1659656682043 23.9063058558007 0.69482346992117 7.23476102932907 9.11011820582995 16.5334141551752 35.1049800677375 0.256324887618039 17.1805562898251 7.64941029834721 46.1369960743383 1.76622680624765
27.1081324351547 433.155158533081 25.2732161667564 46.7706531935264 0.650274933697129 16.9835384944583 17.2322441601989 22.9587393629931 65.2451789179537 0.71691845263524 23.5691198077139 13.2045412768792 52.6101940695116 3.93369239622542
19.8762415223273 162.451683111295 19.4585460828181 41.2540559742772 0.731478908376679 14.3756786116188 13.4588198320176 17.3092057678204 42.6406947413585 0.265138784974613 47.4806208847977 10.7173365267181 57.9528818219275 3.27880879294631
37.8557648473346 40.7929055835603 19.3092777644881 8.29950712314469 0.675645901554768 4.14858697415048 37.6800191265322 64.056819400842 72.9362494776774 3.61223904677485 24.3185227334857 10.4555183316939 48.2773053431567 2.01973918687463
49.2522269437818 54.7586505534246 23.1751307696318 7.79197503021759 1.32529833082488 5.12325612185709 47.5940138340084 72.4301075438656 92.9285766088164 2.32629517316063 31.2927442482887 13.2139379317989 61.3733449042247 2.76380187503815
54.8877401322722 58.0545481987646 23.459109033094 8.49462809237643 0.89902070840175 3.52871116647589 47.4380836764961 73.7518404858658 94.1842374298468 2.94522486490596 30.8864972830623 12.3148983305681 62.0162504655248 2.5776336258123
39.3699667309908 42.335064885909 18.9972219489067 6.4350153052715 0.675531564502165 4.84772471194448 40.8485164518411 66.5436390863782 64.0948038403274 0.64216066672722 19.8825119173966 8.3082161163785 41.3634089180014 1.66575450037328
56.7167818833617 58.5301725002637 23.2152041275707 7.66430247053405 1.17774752057172 5.25411250876415 49.5888356483733 72.1716380862959 85.6396947594375 1.07329902122715 31.157375386551 13.6399124631828 59.2736469350221 2.3056023519413
29.1029463774494 29.7693637296322 11.9626827635902 5.00868789185747 0.962917446558053 2.21772622631991 27.240456048929 42.1947644256617 36.7556285603763 0.483287260877441 18.2994551509429 8.18797003247088 29.5847202987275 1.45179564567698
61.8496342093143 65.0748872294088 25.6176205460962 7.42917688427699 0.597596975835892 5.12853997599659 52.6354948745856 83.0072947703893 86.0941406943367 0.375896946398333 31.7720000690226 16.5926777950627 67.8213037868559 1.97682508254943
57.2512312856739 58.3923529521114 23.0038288795348 9.24184983224134 0.702988939650377 4.8877770940726 45.5189329472681 74.4458973899287 109.651588852746 2.80225888148344 25.5561386012477 13.7605881509067 64.2780261441616 2.69377642743722
6.86502577682705 5.82006478877928 4.12975054892836 12.4776683832205 0.704951140485696 5.28906722057989 5.74192843569226 5.28847188729975 15.547755375118 0.0581271159578074 11.3547462648291 6.97640701586991 10.5055272876722 1.13759040376831
7.63450021142782 13.0160899593557 3.57409708366638 14.0865645749453 0.584750184691855 4.04457637022826 3.50240021479313 6.48050811173845 11.3924349603413 0.0626729760757488 8.72080189242007 6.69621399363486 11.3369039437487 0.842536270589753
4.83136296388656 5.00664879556439 3.15689232491907 9.12880806031469 0.566762061264529 3.80663436802725 5.12930746775677 7.05453832605868 10.1894912472914 0.085518273278429 7.53020388976496 4.3084584408295 7.30956331022993 1.19791619613824
6.35307307162808 10.8849199127365 3.96281493710913 15.7961215522183 0.677721094170192 5.03759814312774 5.97318192209083 6.01987211420806 8.59531115961058 0.0522967990216793 12.484993728623 4.53337026702288 11.55539577104 1.62827326076052
10.4208637908354 11.2133145553418 6.7778300105969 19.0829880084644 0.659041155123117 6.54716927043778 8.172023720677 10.148048896291 11.3989077765301 0.275733268617374 11.8721594018375 7.75662133245966 12.084360718676 1.35811566542767
6.98191011815334 7.62560279518497 4.02808514927886 9.27272275287918 0.893893828568199 3.30703187954199 4.732717667362 6.51416459743298 7.86247690951438 0.450878289432891 4.78130060888929 4.4081033619319 7.58251840801906 1.61437185103821
12.8326971390028 15.9768090876142 8.23307187476636 36.969136683812 0.695465677204829 5.5602335747229 5.55843450049902 8.93194145759775 14.2560383448587 1.58841359130712 19.4428651476335 10.3114722694382 30.0195767651681 1.89643532816695
6.52455478710798 11.1112651857719 6.78250064215814 7.50230403062424 0.641837781939751 12.3087030992215 21.8992450132527 93.8788352920928 50.1490722140636 0.798070345435566 10.8617790028693 2.95999994040107 8.23014487129409 0.81104232250758
8.76521068168946 9.01608883908608 9.35090484107074 5.37198157926948 0.800488843931782 20.214519667794 9.2421760687159 52.4581434942685 22.8492514365148 0.217770059140988 9.34870595633416 2.80643109323242 6.99734618339285 0.762366274999233
10.5646211976937 14.8788043858218 9.65792309158486 9.82972771474219 0.567885177076934 17.3681019355108 17.4972666044724 97.0474349660941 27.4138364041982 0.272375554383021 12.3127486276709 3.40958636383871 8.52628730658116 0.98414026256564
4.16473556535164 2.93354381408894 3.19581687816494 4.64435177560274 3.66060777954763 2.17104631629361 3.7845560599667 4.73645378639225 3.93758594722052 0.588851348127729 3.3371643064181 2.39766246796599 3.76615645796479 1.83721211638454
9.7903315982144 12.9340827268378 6.88991963183271 21.7160491110658 1.17595840175693 4.56894120150366 7.20974579584423 4.89919458504844 11.0259310365525 0.516999227964125 22.5427299601616 9.33842026050715 26.1827364365824 4.1726180572559
4.59441362582549 6.06930286198026 4.68892604562603 5.60835482171989 0.942601360035745 4.67856945009758 7.33323748544128 5.03980553505275 6.47157845986907 0.575191870322788 5.07965947412016 4.72214283731444 7.84062050827423 4.12750769079436
8.77982342811892 12.0993089634784 7.90922263914847 10.9424266300052 0.9711768257397 8.2132699925394 12.3646253915541 7.33916636917564 13.6640859604054 0.532186839553358 10.0571210903156 9.37775926161718 13.7120085035116 4.70114131845767
7.46977014650938 9.50281700688666 7.43244241499504 8.58135204938965 0.874826729455513 5.65315635764906 10.0355356940224 6.88834240923984 11.789095769343 0.572533353823353 9.13409019587415 8.4535888091699 12.4030796065919 2.9234534541809
6.50482013226571 9.03814918261997 5.69098068754928 6.37604508132236 2.03519561813985 4.52569416268975 6.8856372648091 4.98237253105101 6.78625226150986 0.745367705410292 6.7722993906248 6.26054963068023 7.92637668150559 2.80942023001374
6.96020548418289 7.74590573421864 6.46923612461744 6.976330582505 1.03367504984066 6.15692480766117 10.2640544939593 6.50652432134371 8.26853791153239 0.6735965030288 8.38159139853438 6.7041932413276 8.79928804720728 3.3109032622586
10.9084546110236 13.4202029417738 9.12315094475077 13.1628434767298 0.964224995430224 8.39513682459188 12.9634952078203 8.80222193606264 18.5273647295972 0.745442605074094 15.6954628361237 10.520685543767 15.2833746512424 3.92679961037865
11.483965919916 15.0518951561983 10.1999780390155 14.6229233836524 1.03462596634908 9.52751939986945 13.3822841219005 10.5399861873961 14.6298466913121 0.749270502803678 14.6000149906093 11.2975205851557 16.7786811267345 3.56713806154123
20.079383454662 25.2863619372408 16.9803106002699 22.3165591348571 0.933772678084707 17.0867890083441 20.3812442772642 14.9720857117293 25.0420420729946 0.573429088254072 24.9488248183085 20.6614617259608 32.3395558478269 4.56490271046147
9.81643923080477 17.4320003075175 9.05519011475075 14.2935552071865 1.39063552417751 9.50252433897598 14.4731805351718 9.38652135528835 12.7223728279829 0.807128503146048 12.2918960704611 11.8467907721474 14.6538435815321 3.265184610303
10.9308237991221 15.8030082777346 10.5441459161848 15.7959172820121 1.53435157770779 9.34073020973165 15.767049309943 11.9318393921783 15.5130707118131 0.930308525443693 14.5101265052369 12.6206220614328 16.6190903679887 4.45246673370347
14.61066795629 19.6460833545047 10.3728055756442 18.0561348418875 1.16256240690861 12.5844814864675 17.5004970673883 10.351999909332 18.9391105869373 0.739367126146813 18.889379176472 14.1708114842747 19.3090091004953 3.87943486445804
3.48363393894947 4.61124320219823 3.14129416587419 3.54233938054471 0.884310035015876 2.00076388583793 3.33146925362412 2.10142891838704 5.82714774967721 0.534750836455126 4.10789973884227 3.34944926901612 5.88463667289233 2.9877669935413
13.9624678265166 5.78368576596775 15.7579208675278 5.32974251497304 47.5597542427359 3.69272831070517 5.42794905781413 54.03433192396 4.26617479286417 0.49690670135859 5.21356448364886 3.08370772653021 5.66061833944591 3.68574494359378
6.3584517602249 7.84709912983862 4.47046324251625 2.04832241652267 2.11402063717469 6.50703310217152 4.44491235236612 6.93432794781538 12.0408359871668 4.58183422545782 9.26931241314136 6.17870353951268 14.3006206420819 1.92748535068121
5.53774917729244 5.85440449959609 3.38937220398358 1.59436081454633 0.582477809489445 4.24550667431633 2.74568287180231 5.33412128963381 7.88280628907712 2.68006719565791 10.0799472572709 5.02518461275483 14.1729922508094 2.96984413036113
4.35466315903886 6.40716926532737 3.22608398436683 1.94408830297654 1.44820937936027 4.26318218516471 4.11199967379477 4.12442101110568 7.18166799038318 2.55756161852573 5.05121970061372 3.604048224146 7.52605777669506 2.0891430162761
6.83303693115161 7.4764232268135 4.99450007425812 1.54044410097636 1.09731920397039 5.30254464256866 4.76329246119135 5.06608817029786 8.84577767638157 3.40939522192554 7.85776352230787 7.06296719270316 12.5717003133645 2.86879726328228
7.05469887959229 13.744091663862 5.7518298626681 9.38672315364867 0.64831283717546 26.4897882992167 5.07331236590249 7.25010305466398 27.7885973392756 3.94984879845524 15.3929927635668 8.87220174777082 19.1153010111512 2.01549542379287
8.26857147833523 10.8603885807455 5.56999648934959 19.1557834999271 0.661321924407703 26.5982528251674 6.99939864436126 9.16883809221063 57.5345843924444 4.94765054624746 18.2119846041889 8.89027363311031 24.312186540365 2.37059433904133
6.97754628597816 7.24460567148452 4.18194561088514 7.84110965376001 0.504452987069909 7.65040759643594 5.35495812968787 5.91190703729772 10.2015699980308 4.9941294881749 12.9860471599241 6.89512949404128 14.0452911560305 2.66044726830567
7.80705268889703 9.88157666200404 6.27275063759161 2.45110253365234 0.634111732843377 6.89205993868923 5.93212011276356 8.75330526447595 14.2531166421164 1.99566895948423 7.55594794015077 8.84300651601299 15.963011132831 2.36064701684803
5.56669605951575 6.89969765097569 4.12853409847056 2.72742138297983 0.913608198685502 3.66486360159174 3.1502471626783 5.49663775068504 7.39049882658744 3.44706755640327 8.68404104015411 6.71728655087233 10.8097903241724 2.22975496811254
6.72986005194988 7.1364261518954 2.52915913587139 1.01538879274212 0.633488751476701 4.19391693677913 3.21053758682466 3.55934264336558 6.51566860293158 2.46035442037627 5.02626567485443 7.02796084346513 7.23196424911494 2.12675902994966
8.78307805247739 13.8575631185316 6.19172204185809 7.79499093203631 0.715622693300204 19.2629305119336 7.57953451355251 10.3259067926024 20.4881915925688 2.64556575508283 12.62673802554 10.384649492662 16.1071852678749 3.05626310662219
4.96172680250256 8.3269688697612 4.11889385635922 27.3840690567027 0.644826878708026 17.6202974749235 4.64575030834366 6.06054062927303 18.529264512767 3.77860694838159 7.16140935185377 6.22792526867601 10.9226544253658 2.30264073927895
3.12820190396263 7.62733972750506 2.36807296924403 2.02988877215016 1.59992506145521 5.58636875187694 4.04907893202324 4.60792564025819 12.6470695194023 1.75477813906587 5.99954040041696 4.41661739536623 8.21540395382445 9.37953068676718
36.1741940390221 27.6354196615463 55.8101370089735 12.9758204380861 26.8477596841021 12.6825692671239 6.34787072281205 9.24506385127946 33.1072233466331 0.681376715209455 16.6361820715051 7.3121106885651 29.4475277934181 7.02868948218862
6.05073159736085 23.4399216030405 2.93191907358772 4.02334771173452 1.05188776140319 13.7361695806449 8.89442332569917 10.054613456408 28.321875616756 0.554789912715323 16.4525039628818 10.1654360494973 17.4581755458259 3.37045426431231
2.10865132467293 8.37220101562901 1.00506035673216 1.32909154471603 0.847119764962847 3.97246816732159 3.72859790437068 4.54101620037368 11.7737550501751 0.642352040428672 4.32828465435373 3.30186705119319 8.16131624907518 4.7710378605425
2.91639769290214 9.86144657943737 1.51770264129347 2.55092486176131 0.644631502396814 7.19551119856735 5.77880198912786 3.65266444804178 12.4686790344232 0.668336470722368 6.48845840138833 4.20085930026039 9.70394588914539 1.69965880469369
28.5368258482991 54.8458338973913 55.2738374545672 23.9621332098133 56.9176943894358 18.016065605315 5.4639938091649 17.5720837867991 51.3144810272127 0.511076536756936 35.1486574881636 19.3973552218315 54.3064809515911 2.37804016070675
3.60267852077958 10.2159073866562 1.89206798868701 1.79061837201285 0.890074949880652 4.12626846072461 4.63227166983236 6.176697838362 16.1196420588424 0.535187961833762 5.76024961461056 4.85710534988247 9.82677904458186 1.7167146539281
3.57259775209655 7.44991998921152 1.47892872719422 1.96781459877038 0.626742239492524 5.44587366339673 3.32094904844753 5.11477513089283 15.1258370603539 0.494035579388528 6.23068233419435 5.00814503010399 9.57053485757881 1.47012188702399
2.70991083061632 9.15863019698956 0.975078558838892 1.41758349811176 0.663128088809758 3.91405479505542 3.29141824117661 4.53810383086381 10.2067283994921 1.20979986372388 4.51695606086504 3.82935428483065 6.42713016430518 1.32347547689132
3.70458856022893 9.62017126147527 1.83098202686595 2.03301277132844 0.632631115593507 6.42748627580697 5.79174288830557 5.31235026403519 17.3253472517501 0.753797219597529 6.62921514470886 5.11685644406425 11.6313694662055 2.36755353442158
2.15342313200556 7.83689341750275 1.88944462954268 1.4423115142228 0.592685849664569 3.93104462876207 3.43135245321904 4.27966402151798 10.531092457635 0.892968877139418 6.1782120792194 3.38325559135454 9.15241158167087 1.42198356208124
3.09691352256299 10.0480910146725 1.67229661796902 2.23243334061088 0.637543669828027 6.15947210031506 3.95413892764535 4.53556401640985 12.7192725269911 0.986322313695185 7.72697204681807 4.93248230681066 10.6921134924731 1.70230220793296
2.77279457655335 6.95785106796861 1.52967402135495 1.86706988300964 0.620822607093494 7.10225483738641 4.72963448467853 6.61815904493379 23.7628542970743 2.76285433057886 7.22768863466561 4.34648554646849 14.1830755487654 8.05120640350747
2.38041259532124 9.08467100558476 1.10627559608314 1.62222803249704 0.792329379903861 3.99218954056681 3.41572847052818 5.63358976790449 13.1480040952077 0.822526903340625 6.67563461965923 4.71695513520676 9.49832387014828 1.5726249859133
2.41913331863989 10.006901003438 1.31135560504092 2.46057000746234 0.446335217323469 8.92043885543432 8.98722772014666 7.32063084106449 20.6429097529825 2.49474335694443 6.42225841008417 4.23122876729522 13.3491167302166 9.1165975316387
3.15984351772488 9.3612952202413 1.43885026454924 2.02556832907471 0.712945468767062 8.95586697975122 6.80819621040244 5.95943109556304 18.7585144189494 2.49323694659346 6.69059644651508 5.63237305226595 11.0550300035987 4.72551769321365
3.96323069955251 10.8970468021809 2.17453109322444 2.86737514054051 1.16095347638605 11.8009898592276 7.66039751188077 6.32970067278745 24.9689703897676 3.79499039452099 8.47114839745226 5.98249230939779 14.5792650860544 7.10537412744595
4.0329091798556 10.8098444294079 1.92239231604258 1.79288037675954 0.653978176896846 9.69427496501088 6.99472829636903 5.50745486862705 18.4090956623481 2.57126708370726 6.91626292604488 4.71182150252158 10.7138513903724 5.87194905919958
2.7516305010152 3.90036904572841 3.29035372659467 2.52465087716185 0.546984555522776 1.71422366137372 3.44626558918686 4.18617286265505 4.20853605709367 1.61825911467251 2.82261895622242 1.79782993758978 4.52888377529969 1.36740541876696
1.5969963451731 2.33462891042597 1.93369989110524 1.13598817394522 0.608680010910817 1.89555908851597 2.38858754214641 2.84832358447752 3.1691219766535 0.816212951024382 1.69524773454993 1.55693056436093 3.31924467468316 1.4442775117805
1.17197216307243 1.82643451379146 2.56952785343048 1.97986467004487 0.807575828165017 1.96440218815271 1.60613459638429 3.05843894517478 2.95596250783446 0.892982805602993 2.67612278178939 1.83276032000799 4.94834558257101 1.37702647400056
2.24660288218191 4.72889483421677 2.75056805715949 2.68501987591356 0.986078130582965 2.98032851838945 2.07982840015836 2.89494613047985 5.51816010544277 1.4298851393921 2.88286298598638 1.19248828060065 6.62245618428675 1.41755007470333
3.05280665979592 6.00282891585868 3.68415788995093 3.01638006746073 1.65622807425617 2.68439682607794 4.93338444915203 6.32942366472233 8.18877293106043 0.646986998089982 3.02427823189034 1.44186772364361 6.89615575460349 1.57799828604656
1.16810677073788 2.66517435300594 1.68410883257697 1.95407052466626 0.787095430932034 1.66697303169575 2.72813318831253 3.29231281530758 4.27090439377147 1.3642289127267 2.51249367478753 1.89414370602939 3.09192164722536 1.41347956848139
1.81853071864772 2.42482597987615 2.37800396761373 1.82095129547231 0.44882066390033 3.66693002394261 2.6796025393654 3.99574073504478 3.91277685716419 1.29538681196261 2.38126935026697 1.36208335610188 4.154039277604 1.16639430180104
1.84827084113842 3.07547767272276 2.04701053854065 2.00456032561982 0.675066915381158 1.86405606447757 1.706702401778 3.78909563114368 3.75001436234597 1.64294159686226 2.24674650549704 1.41443340952593 3.15686182298865 1.64836280618993
2.26767831445007 4.7735294769869 2.55597939121114 2.29356263361459 0.565861820083149 2.0978111809347 3.74724757722456 4.32734941421094 5.7357785211369 0.924964727568747 3.20655383004046 1.01595192116883 5.44853669490291 1.59553050462604
1.82119449741974 2.02965953055302 1.96638679287843 1.88182981329118 0.756174819278343 1.80511256537202 2.4621917463361 2.90705834268551 3.79402959128773 0.892601495044304 1.66010717864747 1.4860177665765 2.31437082217908 1.3745600016167
4.11569085990891 4.34980949741864 4.81046298030067 3.06623097159555 0.655143306869752 3.52638566568933 3.39297886731694 4.52308796676951 5.93273083447091 1.47720693271784 3.16047332670627 2.22653849583095 6.49569855311371 1.91419588278183
2.95170949094023 5.3794358828091 3.1798475900919 4.01981894462062 0.840411245775538 2.7592216760812 3.61147250650615 7.29961024275362 7.09960112512266 1.52237388025288 3.06916641781594 2.26915667731336 5.67821728929144 1.93788648035108
3.75275586909165 4.39598580633769 4.6773078616792 3.26616932176254 0.501805459797159 2.95402778009751 5.19967369609271 8.58810470661335 9.0951018446078 1.49251070479234 3.94799434878951 3.19032527789669 5.84328942954052 2.09752488839029
1.95865685484532 2.81504023582076 3.10977964168735 1.76515067669754 0.531850328705825 1.18211381627852 3.17253592097602 7.37470701971421 8.97623926195241 1.50994160861377 2.70566461800412 1.71528702725579 4.4754460948859 1.13669333280784
1.3039529002752 2.58866330950484 2.18767655898683 1.82461424876203 0.625426048162641 1.41263338863633 2.86077706004715 3.03115477648217 3.69352579503316 1.29809891095264 2.24089367693584 1.34065143894528 3.15120001553209 1.0124566964401
2.75876375708988 3.14112354850561 2.7878173762713 1.96134952727251 0.515141227318424 2.9907153655884 2.75583451043759 5.0503738038803 7.10020381577164 1.3267216028898 2.74521056896529 2.23332366013723 4.32652431638423 1.89208818575558
2.0459867249602 2.95838878324309 2.92287046050856 2.7097293095906 0.57639218904411 2.75176956989435 2.80265490772932 3.8150619611957 4.60571248173392 0.982352104488883 2.22473843529998 1.31247582761787 3.8336552631604 1.75478078381537
3.43737305132994 4.23847001887381 4.25983689308194 2.72037104601893 0.770546229496571 1.90007269596803 2.9146188029762 3.5364728818113 5.30058135380814 1.63647804424026 3.63394479553285 1.42372655247777 4.9576136161465 2.01462332900774
1.87910048817179 3.7997250175121 2.8530741346232 2.48283041468905 0.49569881140412 1.41277823761303 4.30074732195582 5.85442782375437 10.3062608022428 1.2343198147012 3.26238143516821 2.41940679057441 5.43115181595231 1.58718510713217
3.75254811966324 5.79888082677277 5.48784521524198 3.69351405135933 0.725710169850965 2.72086896425186 4.3173854935691 6.66231291162491 7.13873833503518 0.883428759820048 3.54851468786601 1.94617921765448 8.35980334643108 2.02866954831144
6.47768560758135 6.90435239595872 5.21968548450531 5.49321480041763 0.778943096384506 1.75136233937899 6.15219106492891 6.99677895242653 10.1945249717692 1.8934473822635 4.42035399836335 2.50338606733961 9.50166463062216 2.82222477376663
1.51808811991562 2.03872260954481 1.95471699841555 1.43929786689202 0.700164932873905 2.69718375433694 3.63961568849774 3.71791829224138 4.73196548619083 1.88492597158959 2.05592387374234 1.64150672231987 3.9528004918949 1.38576425750655
4.01905481787093 7.46772252730647 5.29214450456263 5.16572789643302 0.641622448003098 2.35200469009844 4.72407863878941 9.12754639195576 12.7303428294447 1.12104868025048 4.32886812415183 2.52306604863252 6.92929937928495 2.55931969088761
3.41278134874241 5.72491446262925 4.13386065528102 2.98005881808056 0.704340408939658 2.45189489426889 3.83073803806545 4.22398800172025 5.78391422761444 1.32031056404972 3.41028869202425 1.59181756673958 5.18006326473325 2.20333670547442
7.80132393911695 20.6527116848234 9.6111827548696 18.7939723813104 1.69767965195434 3.99556060275441 8.84554435832174 9.20254387230027 11.336135802036 2.43559856601746 16.3484246928942 5.96247178682197 27.662126047646 6.67755020947355
2.10869959861453 3.3024148071519 2.56504725765432 2.05483659777132 0.94419558826391 2.77729469507675 3.86161684252294 4.86126265667772 5.403154004728 1.50259015232883 2.54914062802292 1.63412680078648 8.93931170874124 1.60551308366885
1.77186511606678 1.95366190127099 1.659323525949 1.45584963328136 0.761018063979741 2.71870531649348 2.2219214116975 6.57310968104885 7.37410610245959 1.42323053257789 1.68562255185893 1.26439908744781 3.09620997946103 1.38939728384712
5.46441436839629 4.30322689032414 2.61407417561532 4.90344334366439 6.09281339603503 2.15566249380788 1.97469540268189 5.39418473896795 2.36350198077264 0.645698981122378 9.30840481232861 7.71801240999256 11.2832392510522 0.568582145398825
5.70992374143421 4.55111898368075 2.98614981999025 1.39430821394753 0.707838958202887 1.74982375494179 3.07170662763747 2.69546088711383 1.34280181694305 1.49771703807879 5.80783753020463 4.90577669074424 6.92791705901231 0.951143178681372
4.13627799191157 3.7485397738052 3.05258815677184 1.50355450778806 0.602153418092461 1.04017618784419 1.77981024854022 2.44272512885815 2.07261414842203 2.89772140693176 6.63660137218606 4.40550640528805 7.54568269529587 0.798698240606419
4.3265466775565 3.71647846335721 3.40257955535268 2.02948350047517 1.07460830066293 1.99098864403479 2.88694782633523 4.04490378520437 2.48797833038196 2.97677277610787 7.14930788239722 4.99566833578139 9.41635309759527 0.64317349872904
4.43632458361303 3.67799887591014 2.88634259673031 1.22503934473562 0.610107644493971 1.51838642477154 2.15966934736428 2.21253918970599 2.03450020248942 5.67514200947622 5.43017012735094 4.1172044848278 7.78400311237746 0.888503972843672
2.85773372999154 4.11506664095155 3.10023771393771 0.936507806093234 0.903465272400678 1.40939893656352 2.12242685568742 2.68908340739317 1.2028910152229 3.600463262815 4.42574336555913 4.01702506309263 5.87182857769976 0.859384581867973
3.37623537836355 3.72037615749645 2.87643126154744 1.19175974631639 0.725817429444816 1.58179767651133 2.91453902133844 2.04149344586055 2.38866186341533 3.96295994396321 3.96173246460168 3.64643715226841 6.64125213590108 0.638435004501951
1.18841298083615 12.5453840749184 5.01004407222567 15.9004382416218 0.98828930348924 4.82530892196577 7.99501210200276 7.23084810520276 18.6985153201788 0.547061998930086 4.90715080876967 5.85803846668509 16.1259591514468 2.85889112226012
2.81690463759088 13.7715380123212 5.4268162224974 9.90147862668422 1.124844292271 4.82552922749969 8.77585118313724 6.34016920044717 13.3046932729343 0.456330169057685 4.98642017372815 6.4686017629509 18.3672697455922 3.20859117255052
1.87500594728268 19.6870936226434 6.886791937533 14.3254823753569 0.624494615686933 5.79846822087831 8.07793667839533 8.78630898320973 18.5575963941659 0.669202586820294 7.58486419309501 7.64368546922441 23.7992748118149 3.09824185367119
5.60980174704574 50.9344065944537 18.6420611288901 29.5770179108641 1.04274494103471 12.0517755988763 25.5257530388145 24.7555572143546 49.6369373198041 0.457746053655654 17.4407757053433 21.2516377365077 65.47544265991 6.2894931430565
10.4963605079949 102.750662882314 41.5647503382578 59.0492420298285 0.86705470315588 33.574806862443 59.2468725952957 61.9497245783373 98.6644226094162 0.678049500421073 37.4833589717799 54.1118522497813 97.2723640131598 13.1432234159848
10.2251065973148 106.184201200609 38.9711706722316 56.6838934407642 1.01184440077665 27.5478402548127 52.5947988013377 52.5521082712647 88.5982452002549 0.484541406089545 40.2758906013596 53.8226321055215 108.095085029472 9.31158319004139
12.7715109751402 112.318038031511 37.6646261607504 60.894184782274 0.607176489960033 32.4286464317172 57.9680397022028 53.4114025675055 97.1731814257398 0.722417569855906 39.6861912082462 55.4173720535276 110.471414051508 14.7682492217985
7.01182948789317 58.5878422294428 23.1315222336039 32.1930717311107 0.730476733066616 18.4216652108818 30.1235176163904 33.7903479597269 57.3376175318785 0.815492301885363 20.9755204623992 27.5933470216359 59.7664102937984 8.64487309125835
4.73158811609979 35.0581399775755 12.3040963552152 16.6685535581286 0.956346582189586 10.643601220876 19.5144895866293 18.6473637909873 27.8010896781532 1.00442895637039 11.7683110089253 14.3227586844459 45.4117461308188 5.58188474380457
6.74630853644547 42.8908490699873 16.8518730828258 20.6776958469416 1.5746540174966 13.2501893604003 28.8661853464425 26.2038840761717 38.0789990924955 1.08222518580023 15.4009485023034 18.9626581111927 41.0825833889798 10.44966444441
6.39204896581102 47.2140529850165 17.2486472559767 24.591511971459 1.00626634474312 14.4961412923015 28.854060871126 22.9233465135345 35.7308467260575 1.11801562757405 17.0852327026882 21.9762844068044 44.5478397942927 10.5909193450327
6.59058435112135 77.8693896272658 27.3432509187446 49.7367585431593 0.829898131231747 22.0183791777271 40.0928215475643 37.4545213804962 69.8160405711237 0.584005887852098 32.6546185488563 38.6830781413276 83.1111472533662 9.72350741501329
7.31556993585904 51.0362301054716 19.1250010991988 29.2643647226205 0.87645281348513 15.2457681989859 26.343796490787 28.3640390776641 44.9670435434072 1.43434023731459 20.4080582167344 23.6555606195484 57.3803461670252 7.62941889721474
5.93950532390318 35.0625681290746 15.3077105052559 18.27345897615 0.706769724223196 12.7841664258676 19.9424971230583 20.181983133755 43.0551301844304 1.10390805616509 15.7554648155754 18.785173915191 55.3698168819612 9.73722025069124
8.38496235365297 127.92928523054 39.7158917977986 74.9842858024665 0.781889004988135 35.6849958062822 62.2971276656752 66.4199271589695 112.62111422925 0.583610617206116 43.4319151147487 59.5729733102314 128.0306399205 11.4475711378841
6.84396392210355 72.3148676105771 24.3847424166442 41.0323946645942 0.990314589449351 28.3344979121753 42.4427235479375 37.3076964782124 71.4585201789052 0.641390176357111 25.9553431375566 38.2244906239062 70.2826862581912 7.58038947041364
5.9032764973683 7.2089714084602 5.00815130970689 4.3808275043533 0.653405600600006 5.88692213736875 12.1014979528169 11.6012559136918 7.83169680740703 1.09294690052435 6.65164345480487 5.92997720591684 9.92880850389477 2.42301870501033
4.315565256726 8.45361117453949 2.57519586201571 3.62618820070572 0.860384325252249 2.59846635823493 15.3481755117311 19.1489474182365 6.5972984598175 0.859352975496461 3.81105901936023 3.84979341964849 6.00840396473437 2.54976998613813
3.8480488761619 7.85419929535364 2.84777768955165 3.08808601351413 0.619882262973539 2.84752033742929 8.96638306610565 9.72825144776283 6.28818573716153 1.06017778771962 3.49986867195971 4.97098212837843 5.95123573173689 1.82454108903523
6.32779138674789 9.65281209091511 4.49388988884954 4.66341501193211 0.631242458939798 2.87149055592441 8.20293540596478 8.37117194200231 6.34936528336741 0.889359322937958 5.09281802565196 5.4989779365137 6.61594893270303 1.75962076971197
4.1612770350295 9.39729763537781 3.53209787392269 3.95872986353121 0.621338438541012 3.1588418744111 8.28499813635249 11.5587688864683 5.64490828486331 1.22584067293584 3.92829175954486 4.06993722998623 5.54802193870361 1.83938978210408
5.85406781725824 7.60973442526634 3.71115044246492 5.0913698035803 0.814438071434114 3.12755024941289 10.914879551617 15.4455012489742 5.78386407704696 0.959032919842892 6.05860010929242 5.2115052086119 7.94347925920605 1.58564223708577
5.08145271509088 8.12685813210963 3.79582339677196 3.20812971401372 0.436181030186565 2.47367476014338 9.65701432838757 10.1852884071003 3.67459224830097 0.787533632682273 4.28941939545319 4.48682756779408 6.4219759094367 2.69617265549017
6.97472906710117 10.4129254855208 4.44509157976389 5.90068399864716 0.749938444001499 4.49142715927277 7.23993719810708 16.2950274520921 6.43417962183154 1.32404637182088 6.15921440883659 6.2771788121389 7.31122727246902 1.32547577951241
6.08895684936497 9.04719687475728 3.83701550122238 4.22690404866572 0.577893993579381 3.70215437355336 10.3148704627702 7.55197174817663 4.47674909356548 1.66638554982206 4.72484423775986 6.539128337125 9.03694393189334 1.76039407740114
9.65901158130761 7.19955352063556 6.4853249508558 4.48657467867632 0.551474701301303 3.5168155798174 10.2903669163114 17.8275168320809 5.53288400760415 1.45222940718255 5.43780491721825 7.61535033125038 6.06703686151405 2.34201825081603
3.79508485546731 8.13435273142418 2.35987874929998 3.34072563923764 0.723407041676046 2.94581325609102 9.47358616895036 16.4732964492404 6.41330597094317 1.28104005091032 4.19318496378826 3.2341183285737 7.30920782861856 1.85424796962616
4.91808793356804 5.69905392034241 3.71532459669269 4.03669078693672 0.604914290467957 3.6643981348566 5.74151213232116 8.86457074358724 5.88637175882976 1.19130072333452 3.92648177601431 5.04649747486832 5.46857701049137 1.79660069221482
12.2184747431187 10.951986562432 8.90463338705537 6.68196840880896 0.530443604890926 4.11657695825454 7.60823438595651 11.1095099600367 7.22537536170587 1.43834749659271 10.8482087673873 11.014775714162 10.3143767245419 2.412878041136
10.7853765857536 11.6280381877645 9.11819390440988 10.1044959498188 0.698591261193993 5.58767520659333 15.8130690864935 19.4262747856686 13.1707677018584 1.16338440582661 9.03356512267735 12.9306803375355 11.6341582595781 1.81924723091001
6.18034309843069 8.20780438669947 4.17832417220747 3.89915100183954 0.518507181593733 3.07228596244814 6.83855968800286 9.16636730655874 4.97304286251646 0.998197965403144 5.48592221081347 5.90285750883264 7.62118061768467 1.08234994843704
3.91432228096764 5.63881885308507 2.86240732453085 3.04140200840624 0.685162474420806 2.41907743163967 8.43504114118811 11.893754271998 4.43692703415117 1.39117581758348 3.68664961189597 3.92045438266179 5.06687327608756 2.8898875385986
5.59885975417777 6.84096909901427 3.89545075590978 3.41225736779114 0.767614213376591 2.12370504154122 6.35586458113711 9.61478001894476 4.57089037157069 1.17837554251645 4.0768186155985 4.57131435093106 6.36802889798142 2.04463025546021
3.5387501481202 6.70607537332394 2.96356322831723 2.97309563243129 0.838521779979407 1.91012824900061 10.0803408147298 14.1474918042165 6.76898603225946 0.948893038144281 4.46325118896938 2.99367141023886 5.58780940110652 1.83524310251284
3.30545866379724 7.76265702618813 2.76275856639322 2.6068730379924 0.592531380395345 2.56063717491188 10.857595025167 15.5220540349386 6.84389245935694 0.713065237504259 4.26553238329256 3.7141423953197 5.95362417938552 2.13685398861283
4.9219966842706 9.22948451418979 2.8646598178122 3.75809964543455 0.602889574968815 2.11331654165321 13.6354109711341 10.1800455257405 4.15099606052945 0.69926202882085 5.41545969977147 5.78230308352468 6.96242098929147 2.20528212229695
5.16143080215942 21.6800579823568 3.80172113030735 9.71772651644492 1.00380852850718 10.3104520799282 10.5081504850804 5.49193128795371 17.4590888126308 0.399911784291679 6.63747901023468 1.35700416996366 9.50080213688992 2.29824434464616
23.6090524054313 64.4713434610031 19.6791361648724 59.33654141409 0.678851793305312 57.3235068938841 24.866941722621 13.0556273307334 54.97505842642 0.380523505779346 49.5830115909081 5.49287480822062 49.4075755873615 3.89315869076126
11.1353836180079 41.134594167112 9.75233392727855 25.9652558967782 0.661185858156313 24.7046431949056 9.4891473009561 5.39211886838093 25.4987283313466 0.32347056367306 18.7251600394264 2.35279604258759 17.3027502750612 2.51325997659071
8.70921291619044 26.5398321076311 5.93302536232417 14.7477305941144 0.664752013602267 14.5263858725778 9.99760899902776 6.91844580513576 30.5806932532679 0.213877526792792 18.2514658179288 1.91745811447385 15.6285345584993 1.88672016493756
4.54652491530693 15.5289934795891 3.66744713958608 7.95283151407087 0.82235166802667 8.95465008672412 5.58037021713893 5.91854909012872 17.1816480808284 0.197201148741326 10.7045430931778 2.14329313250902 11.7088755261622 1.22601072775213
4.46569123642123 16.3863740162952 3.47513567928699 8.13743305658 0.582216600903454 7.79093847714241 8.31976516496785 4.1684083159611 13.0482386682573 0.220886277587109 6.074471868038 1.6277938862666 8.96977884792283 1.62692310668816
3.16540737611882 16.4208716058485 2.39380415340966 6.61140843465742 0.819081685668272 4.48255363248568 5.35412310621395 4.70513790256596 9.12469814957938 0.190467301920271 4.83260915192007 1.25826271831818 7.17229454074274 2.11225765368882
3.03757963397187 17.1376018383803 2.05945488712593 5.72560749157624 0.518249756519408 4.56508521480486 4.32300721838552 6.66351502831995 13.3663167516685 0.245832834446398 6.1654079009638 1.06809536792663 6.98191954153764 1.59481602734982
3.68006942479614 12.9626561281634 3.60353912051784 5.77913525515133 0.887323076580577 4.48084810891827 5.89349121215468 6.80539613360548 15.8622790716125 0.205766818924121 7.30060461907291 1.55562204166053 9.02577183027354 1.55029463627764
3.74487838501415 9.9634282806815 3.69189289817265 5.52487502404788 0.831460314893415 6.85802603901211 6.62690775787681 7.45876538773751 15.2471924967307 0.16633617220995 6.08953994231458 1.75136939710727 8.9033662728286 1.78865704598367
3.87622687784647 9.28251415590854 2.99348828298357 5.24938969724273 0.808389009803132 7.08975559490899 6.23652252096469 5.74319459904133 7.57145227463062 0.21776717676016 4.8622745522449 1.43106264613352 6.51343000474853 1.24382362281031
8.68822188374217 6.01196625899393 10.558046195247 14.9105391578385 8.37925943558632 3.23861529908798 12.0047844360672 14.2510914450431 11.2544064801815 4.91101714169563 5.2326395131564 7.48889352885117 10.2626472408047 4.96361798678838
7.38855847940944 7.0196039646148 6.17877361575274 4.49516061785179 3.02058825529754 1.40584747193958 15.5154131105819 8.74579751443699 6.34011187925658 5.71965451608222 2.61467497756071 5.10643487856906 7.54512366381139 5.49763916410936
5.40115976976861 4.83776034077781 4.51622485574731 2.3582083449402 2.07428856678267 1.44885164116498 12.2396529248694 10.0555237001698 8.81010229537438 6.89824337236462 2.05064036648377 3.10177269813418 7.43539092190747 3.5987536280242
5.30630136737667 9.23487694961903 4.23982022592676 2.92202921798834 1.60956616882758 1.5950719700072 11.0815392528543 11.3630629975685 5.31373082747431 4.47653730772888 2.21535699826825 3.99530922641302 7.73510576081733 3.22028414948893
5.59117493438931 3.40998894189282 4.28385325647409 3.34384943350859 0.985705381777998 1.57995557124165 40.8660638877377 9.27684888857468 8.69590026998294 5.23719181487168 2.57486686463161 3.75103330462807 8.51948754666482 2.84318455295993
6.75442094952247 4.09644933248191 5.88970342433148 4.3379358523487 2.562386824887 2.09837625676365 15.8672078688393 13.533266335631 7.34553771292239 7.49064894257718 2.42776977028211 5.5400162929122 6.10286407513187 5.90343983348972
5.98642906450114 5.52369987142817 3.98469687866296 3.63104958098512 2.0855454813805 1.7003596029388 59.9747994936918 13.9231934385262 7.56624273974859 7.82330107741697 2.30570102416957 4.31651370660464 7.09920726664128 3.04455561972114
7.92696152884456 5.58662099466717 7.95151506097337 5.5235522293783 3.01064820398762 1.95829321895541 59.4837697333333 11.3153554725529 9.12622222733809 8.05167860756041 2.87595787405721 7.03750477008206 5.97276993714857 5.41389807748223
11.0372578006664 11.772027123172 23.1917872169281 15.4184807915221 4.46276192839699 3.27996207991848 11.744740054083 9.90634897246865 7.72353735067262 3.11140262020939 2.3123003058211 8.81016488567068 6.98375942009233 5.58794182419168
9.73890708273295 13.851446146518 43.3494594390905 21.4352649638303 8.18008457714259 6.04599631374842 37.3102860131775 9.97113992580834 16.946043810528 7.28697746375611 3.00259660367872 7.70791823679196 6.7015097499507 4.20008217415374
4.20844699444185 2.6282073272306 4.14503971611425 4.89156436424297 1.78366718237167 2.04913104386082 11.0005144471703 11.1865282988569 8.32045900292785 5.85415657400419 1.88127280468507 5.11074766174998 7.40697097777403 3.68033014903773
5.25110880496254 3.58104117320529 4.41323119075898 4.65935229774881 2.06297484491305 1.18937882153615 13.6939424468687 6.19805131774394 6.03117286262978 7.09603587465948 2.10035768697335 4.79716745504597 6.79417431751363 3.91861602475649
6.21111998934479 5.02657478603667 3.29514936058554 2.96332774982618 1.98473540273254 0.967482003894389 9.4353306778288 12.780971370144 11.6396672069578 7.57748940315394 2.11048485458753 3.18812733592858 9.01480635874538 3.92796790510927
6.09648222429954 6.11625771510553 4.36304250450878 4.93360800941705 2.56817526604092 1.55964068994549 10.1614017279013 9.64099768947806 5.33312637267953 5.98319517872191 1.81809124917336 4.22913412909891 6.9398909668263 4.48392427506651
5.68763964209587 10.5139046996267 4.02240017135965 4.9685161395756 3.05405774973384 2.13250252042171 67.98823002016 13.3799681626172 9.9162591340084 8.10836447238964 13.2286992066322 6.6988644452365 13.6653873443201 3.78001028218245
6.95876442510777 2.80000178323775 3.45258885690856 3.33295167249848 2.00962646798274 1.4664543601181 8.6596001782539 10.9936346518579 8.74102621043585 4.14683949159124 5.55359598527928 3.00575590983029 10.8861572388984 3.07126942527171
4.56084793531703 2.4833290386603 3.32505121941751 3.41214494988805 1.69713032297807 1.11380930443221 8.58360535941143 10.1723599100399 7.80201362310772 5.8684309664056 2.97475874998153 2.27931403904719 7.45789724002054 2.08798724511692
5.2355056446082 3.61741897506445 4.00338142974112 5.0957706262387 2.38861054647399 1.74640982181648 9.48963016562378 9.90659197602989 6.78938263364397 6.55498241931714 1.65657405238989 3.90341703980437 10.0669346145734 3.41117523015964
6.35105912874082 2.33991176681235 4.57434681666647 3.32940116754499 1.0591519914788 1.54140407798101 5.74255659904961 5.43780472464493 4.5268696251275 4.10177159676816 1.74893634359696 3.85702882956286 7.43046656232093 3.50105788911633
4.78421442065225 2.43679998251676 3.65182634819152 4.47768257515432 1.82498056829488 1.67632075083275 10.7913607070885 9.38475825817468 7.34238176083025 4.81265933274664 2.77143819097983 3.1728926834169 8.28454425756184 3.52951441293465
7.65858686084794 3.35132439496782 6.39446774340163 4.87824596477937 2.24818310058053 1.8025032022711 8.45958072268264 9.70082279262733 8.65326018219697 7.84868359875027 2.7582239702409 5.26416806257727 8.18184210647467 4.71944693991694
7.43659511855543 11.220408202629 4.31681583376514 4.67671264047906 1.9412704718314 1.6260180839543 9.63381779783674 9.71095200419845 6.24233398578867 2.49814374133776 2.24669609882097 4.60854955071698 6.79919666925975 3.04106217936669
4.94326979030239 5.89717691614196 3.58598268669242 4.97792196781849 1.97915515407117 1.56654702742375 9.3262150828573 8.46281721215236 6.21779137431039 3.3815053230294 2.39762340417645 3.09188710940888 5.01352855376458 4.08020180935796
9.96902838557552 19.9526965512341 68.8381254895244 30.982530255051 21.6488562382474 8.5107148765451 19.2214305470935 9.35112589930615 21.8531202384259 3.54198015160517 4.31481891772029 15.3617192945294 6.28866791191046 5.43502846320938
8.02176684635614 6.68900465095425 8.0635598608232 5.29547244094305 2.99731535362945 1.79450132905433 11.9700307077864 10.7697657556828 9.73150902453364 5.96784887024113 3.64778579989493 7.90550853780835 10.2447841663509 4.92636309668127
6.01930177848549 6.61870729310434 5.94463795004491 4.73569744371769 3.61394689832987 2.08814964591382 8.72208015509309 16.3559024938822 10.4012470946029 5.17928217960222 2.34183852540714 6.45243954958889 9.77690705735493 4.86029743439935
6.25310458080413 9.20299257381757 5.43126068309319 8.68425070965458 0.636896844044106 1.20452285761669 14.3927284618784 28.5026706243226 22.2987718478767 2.2718425757583 7.5785607074896 3.0400413094361 11.3019089230552 1.37128066857579
8.24573448192653 12.1303311648749 7.77571799566707 11.3674775076278 0.686448844100807 1.85268474544842 15.1313585073785 25.0461125461471 22.2410117416517 1.69576259259501 7.74563775705901 3.04337280931008 13.3663256812739 1.79148215017781
5.84447073735388 5.57263279676554 5.70810156208157 5.58305886605703 0.581306667608509 1.27817298782391 12.4407514932942 14.7117844467375 12.9355923013942 1.81163930825416 5.82712813645001 2.53750713555144 10.053533750899 1.86877129334813
5.24877516917205 7.41974325676843 5.15323364405574 6.86115143757711 0.763316001870855 1.32786423604647 7.86868332358639 15.0659823170309 14.0326420036623 1.88239247905199 5.14710103537081 3.07412997677281 9.89760414530248 2.27966333797999
6.55276223887334 9.43697267012091 7.14778026574775 7.96751819903571 0.852779847684142 1.15192207193272 14.5428523004726 21.9540577185335 19.0808959127431 2.17450520024934 8.49996741451375 3.00606888793926 13.3974073270631 1.97114487073732
9.24166896677314 12.1528788909489 9.96349055590396 11.5682467232519 0.590436228172671 1.7830148077308 19.3007915879998 25.8637882850093 25.0000600034637 1.93757014237281 7.16415608721285 3.06128081212694 13.8216631673341 3.04937724589212
5.53220475702692 12.2231622362177 5.6834948350032 7.93324304194227 0.705673538103095 1.40496873047087 7.57434427879899 14.4029820432081 12.4529440047069 1.44158156769712 6.15638110404478 2.15598882217658 10.5596384486204 1.61690665003249
4.03875164623055 5.40181874690384 5.20986345167089 3.53180561655221 0.627730975521502 1.29669745576474 4.32249152971733 16.6321077766805 12.2298304278231 1.22198184038275 5.21857972550404 1.37471295643342 7.71486579607661 1.82345666552552
10.5144839324252 15.2292413850047 10.0128112043872 12.5791111656756 0.60643503107333 1.96074286808153 13.8633980129117 29.9942403036397 30.4751674405448 1.56427487759133 11.1856524788819 4.36157028785192 16.6333714530522 2.1414469960832
5.49169007787902 7.77242509785244 7.44212143526289 7.53915912163127 0.644634722081861 1.66845653608537 10.4583622579847 21.2612564545466 20.4867421249778 1.69391582142979 7.28477872121652 3.0862126511938 13.4035123325378 1.69380329598894
7.47525096948506 8.82851910495232 7.20064429041881 7.68019680660374 0.654626455138503 1.39403577924956 9.71691751341424 16.6284627532332 15.5125065542032 1.81384985916616 6.38895976911304 2.61168264379978 10.9359842212109 1.78266712659416
8.80926611232457 12.2734354721826 7.53679927572888 8.10667283371105 0.508438264992209 1.88191510685271 22.6397450562512 39.1448086549587 22.6043132337442 1.73476384213527 10.3741561188747 3.66157325942067 11.0283224172365 1.81829620509149
6.54675256974404 8.93079555361922 7.12188866591497 7.85141089964043 0.604137956507586 1.41319019415809 14.2372942075715 16.0676295788788 15.9375832797057 1.73652588393563 6.168374153031 2.41626891725065 11.2432570638082 1.48123983209082
6.93326215650044 10.7897525778903 7.29296830569419 9.59305480496425 0.536183436390222 1.57057198887222 14.5410823080646 20.5779496730217 21.0734892526979 1.69517792837259 10.1383938366277 3.22877357027968 17.1807463077889 1.85928968313894
6.17176068608807 8.79037658916588 5.94054790409558 7.75597328987293 0.493373101454052 1.43811713395296 12.0624577368836 23.4230968071628 17.0145968774459 1.29991168542331 8.08594613731536 2.87387301608604 14.9287728061279 2.73096608543995
7.79098123041994 2.1641842836911 7.03923099663982 3.49909498097365 2.5603199455769 8.03507631239113 28.2269694352723 3.03007991295177 5.4587808913057 1.25199015713407 1.34582510812802 3.62462608651752 8.49594872692589 3.07179566958997
10.4226330518494 2.14776589262996 15.7561665218891 5.06698884735646 1.15726731022843 6.6813187394123 35.9671683685338 3.35243653033991 6.37365416575379 1.32242051037721 2.90975392314088 7.09390878131469 20.9258677682234 3.65791145138697
8.87257647411164 1.9516988540886 10.1268386772811 4.6147769607625 1.04713458608193 4.72226102304947 24.3146916925629 2.14030918776258 6.40880741041177 1.41013819479669 2.29517000206393 6.10582985378328 16.0573977091012 2.42865062091187
9.64202431366041 2.50282072127711 11.0535544999589 5.34455247013937 0.706675562658054 6.65940483270679 24.7945984077738 3.35598237196563 8.81870594493506 1.2184735679153 2.05654743813329 6.60005936043767 12.1991635363412 2.91133243090762
7.69426019818353 2.15142228640528 10.0081768727854 4.14547432461133 1.16201184498601 4.79421172963979 22.6053486234089 2.76893093781419 6.63121991923035 0.756910008378178 2.01576460906156 4.73238358340083 12.9603967818671 2.74930778338674
12.2766425508795 2.21264815968793 16.0356546970546 5.51133120446134 0.688851554602543 3.97712184490347 25.438594228842 3.29821505476187 7.62012091059026 1.2730757119642 2.32793574501579 7.06851302946307 17.3249855712876 4.44190761189
12.0527596587931 2.48234919556584 18.8970636346327 5.5976279823679 1.10505042551632 6.62052740960554 31.7529304850328 5.01646968402553 9.79654556907341 1.23504093808206 2.78275162522201 7.94242075079902 20.6704614289092 2.5698902246583
10.3295170996238 1.82699028839174 14.6729472793703 5.61365022172011 2.72843238355668 6.12606031872113 25.0315855203438 4.87939667697365 8.36071557091919 0.802037772008166 3.14895405205362 7.20212656069053 15.2661095872657 2.99606038837888
9.71318584357121 2.2098876635613 11.9003729731673 4.16329831804041 1.08721158896165 6.42521212628733 24.1999538227481 3.56786072282405 7.28642708335469 0.600560925633137 2.21966819837272 4.86491748822299 12.8141721142017 2.52355596757932
10.6944278858472 2.28377894921063 12.0399265070704 4.24749023340604 1.86200188127915 6.07844787379815 27.6183462690479 4.49597002779728 7.06785618188335 1.01809441352279 2.23126306152552 4.99771313126891 11.2668568258176 3.18150177143272
10.9551466715266 2.56462883553002 16.0449470608643 7.43930067620295 1.6332224225731 6.71685976969383 39.2426136849183 5.03840041219505 6.94402935454601 0.546269007293762 3.07834235151047 8.122475873614 14.7800235132633 4.42374202099185
7.64186267789719 2.89476944831296 9.63445359850634 4.8746326444813 1.39729663963382 4.98402164496567 30.5993502056617 4.03943638569964 9.3801259727116 1.58680317125871 2.55345112187857 4.79935720592733 20.4221363863526 3.25373577077095
19.6598136150942 20.3332762156777 17.4659469930345 4.63483840347842 0.681761591589516 6.86425596863624 9.11337040569662 19.3951441495428 8.48964616148561 0.922800548367351 24.1588221431333 14.4640212716339 22.4113644455185 4.07368464874302
12.0888195374238 9.51017816969969 8.55054208537814 2.93702767907675 1.30989248504469 3.61459592302417 4.03687422495405 9.1561237762289 5.09148662944227 0.863870032048128 13.7975606319186 7.17850212179362 14.8971969714124 4.39013071704285
7.9007506310893 9.44698290285323 8.37160600390128 2.99533252550622 1.03498444865076 3.01602298418217 4.02093466359718 11.3143824868261 5.88225622903997 0.867010644112303 12.8902774940026 6.45110149197586 11.2273642030177 2.42490243309206
10.1631302804455 8.64775626958727 9.18236690187141 3.07051735005409 1.50265333548948 3.62744215027408 3.85100763635417 6.26848669477974 3.38623423194659 0.638635518325185 11.1906808549791 5.99740246933651 8.91083411490525 2.45675374097784
9.58746333066508 9.05376347107879 7.77253033437711 3.17814938194992 1.04473652663323 3.24223088784471 4.5135331335109 8.68743897151748 5.40210633283469 1.04570908880494 10.6502024913001 6.92522866328524 9.80492181508285 2.19265351990365
7.78761419295652 7.81843228384175 5.4653167489676 2.11018976150129 1.24970277340936 3.39054738649221 3.4702599593987 5.78463224983678 3.09736344033933 1.2084226305002 7.42516954573341 4.67861289230848 8.73302177766129 2.91224563722313
13.7618682148697 14.6133660651923 8.56094378496627 19.6707169812368 1.00891311346167 4.50334228403501 5.96733829058748 10.117646267589 5.68125883549014 0.82931073008717 14.9717922965086 8.78616156770837 13.6877020734371 3.68585761712606
12.2819716286947 16.4760140345638 8.67656739018659 4.2041261524162 1.09502568581611 5.93723490537403 6.00245449072769 12.5300113128554 6.48273640877842 0.906055791861812 16.2067585499237 9.19213527325623 17.4326969074646 2.49793878911002
14.5447788375937 12.8127550577771 11.364636560174 3.44684611064055 1.36263743071227 3.34383103801079 3.55087379650074 7.77706906209426 3.93067660419741 1.11168243556509 12.8755695250431 6.99522611894831 12.9205267484435 2.77025488439592
7.97061931773969 7.40071732032304 7.31463181553175 2.37263369597973 1.18491549544595 2.94773466786183 3.22066986425274 7.87859048582801 4.94782092128898 0.869800165645059 12.1167109849703 7.1366230209574 8.25403972721556 2.88261711520304
7.40736718111676 8.41787337490162 5.89810299784402 2.6348510995019 0.948510235506646 3.11743983243764 3.49864353424223 8.03883822282512 4.02880935182279 1.31417195676652 10.2747344874425 6.325778519809 7.89011948068172 2.45909249614376
32.4085738066503 32.4425616871895 26.1037631942424 11.2491313113478 1.09653435770937 14.4785632411451 14.145608670529 30.6652073436685 14.7531311421275 1.55033342176767 38.2367050757373 22.5430691385275 36.729803157768 4.77852285071061
11.6131445500041 11.2634080776488 7.99696223178889 2.88299289170175 0.978035680702882 4.27451179611443 5.22265529156622 8.94091491374853 6.15525693537205 1.85958637892928 13.8754998925166 9.5635447483994 15.2407437671334 2.16723884652734
14.3781082370663 14.0537063632397 10.0323019418098 3.9877026938008 1.24524700098098 4.73187686543559 4.78085774714167 16.9507244469185 7.07648473864324 0.9618765732496 19.7928128980524 11.2875278096402 19.5214146851267 3.6209617504389
14.9520325756771 14.1756925435331 16.4909646465041 5.26111876554552 1.14155743494891 7.43876552852566 5.91559922249072 14.8788128960498 9.09334035755708 1.37711571981791 19.2992431633392 12.4747411938706 18.7192043288542 3.47018630496846
10.59818070361 11.0484498338918 8.50803927661015 3.65121015359035 1.29970470507702 4.32889985326084 4.90810463528701 9.6737943241223 6.46565192370081 1.34671618046902 11.664948184759 9.01352050439537 11.012144476383 2.49752908061882
24.8088563329957 26.9821589078264 22.2082758227907 8.56065569043128 1.06005671658175 8.15531556108207 9.45346993081459 22.5597944172599 8.51502293063429 0.942243863745958 23.912274116189 17.0216319116177 26.4027622475912 3.76152865820158
21.3640319957893 23.8879179116807 18.430297171857 6.65436412407716 0.883294989807373 7.05901195310255 7.63351709701529 15.4861161113724 6.33189774787979 0.947015644976169 19.2970912910435 10.6682774765774 21.3866657689455 3.99503914282596
20.829019564814 22.1880605735521 19.5838984369511 6.90916537112201 0.641335972995494 8.54077390626458 10.2721145925607 21.9821365353666 12.1024477959696 0.97457119070842 29.5983825395296 18.3371343661449 29.5398567939748 3.94124324360893
26.4913664690382 9.95625276978437 12.4401727925657 5.63337099748336 1.08329824356642 2.24533924462973 4.79959130127756 3.63786670549693 3.79266316829459 0.220721588161163 29.5606067735832 2.96588794417947 16.0687257472675 6.60432766562152
6.22419862713169 6.78904204530785 4.34126905989859 4.7709153608527 1.32782317361803 5.82063176880809 3.47632701914276 3.40599666890741 6.96243585652572 0.673502608013417 22.5515034926736 1.42484278707108 8.9187459537701 2.48193183635342
9.86980758098531 6.99050662030109 5.67801585441869 7.36080028311921 1.07900834985388 2.98759208594453 4.13608761249277 4.50721631744581 16.152836558359 0.583259090178958 19.8346461375857 1.60072364471713 7.82589683824186 3.31889656877576
9.76346205820334 8.46676149723348 5.08483637115612 7.42930704673403 0.692473723029032 2.7167944983462 3.71022806233778 3.43155508335853 5.7146850217033 1.03744042388421 37.0624126858766 804.411724266527 7.17823834066771 2.85347483210018
12.8888592139569 5.07980196182059 7.04942107235245 4.59193102698759 1.04304646565142 2.26240927404906 3.52008690645359 2.44633172466859 4.0495454947197 0.251986865305699 36.926206030288 1.60276668054496 7.9805343909343 3.23590824207357
8.61664602754935 5.44674482529454 4.09849018776015 4.61043921704372 1.18326659142973 2.42224963541389 5.5409129187859 3.12085039282845 6.03823210355705 1.93723196630425 24.6544526588506 5143.86487474243 13.919579931585 2.97594093130568
11.5597008922605 4.97580177107969 5.46362930563268 4.22944760451751 0.774311917219476 2.14382962901373 3.73397036061218 4.61618646814097 9.56135824346741 2.48272927763572 29.2454525273138 8525.25683012089 13.832692308346 4.03787206485562
9.82297975613239 6.02536774415971 4.58528344454578 5.85367002157933 0.810384460642356 1.99287069986894 2.98484065902188 2.37337893185741 5.48540239786381 2.33827593302378 27.5626616615945 3416.48483777822 9.90965417665824 2.84895535956004
21.1291639623935 13.3148041991423 8.50326399988366 7.44198519367628 0.937620157828339 2.11545050896899 3.69550809646921 2.83217465440831 5.35157552841649 2.47278404353789 18.2480225219233 5975.21247340722 10.9086943948864 3.40602960702283
10.1764983971911 4.11722725510514 4.67638474882364 4.28715470521556 1.33202485798019 2.37883912774854 3.95265547646663 4.17103263792121 7.5901949545158 4.03776640786983 22.9605916194329 15382.9917218234 9.07907643237852 2.9050021179784
5.74767365503829 7.4360201673295 3.78912327648269 5.88257568591717 0.88683883466621 2.10025697636942 3.18579510840346 4.40652275852727 6.30200656552078 2.83088555312304 27.6374182647697 546.849753780317 7.25994312248943 3.13683798403821
7.2919864773213 6.3318931664961 3.83212637126286 5.32990215965419 1.06979537245644 2.67024422671609 2.9184412711952 3.6532967823563 6.60825784534924 3.3187468185488 29.8398727795224 1057.73474832019 8.52334676598983 3.43365969547124
11.6891042817373 7.4673807225679 6.84169980582311 6.53475654718505 1.08097461291238 2.21736614562999 3.3032351012192 2.6150269850316 4.89539035801293 2.62793802292286 21.3844422811392 176.319202096763 6.68432758555148 3.93526193481623
15.0826694414393 10.5984808674808 8.27376497356955 9.3419976141254 0.871159893988469 2.14816303352035 3.90879355840262 3.79542224031086 6.59364018965738 3.41030834248257 26.6200153892696 2236.92154856663 9.58815596734655 1.95948536197112
15.696272993057 6.14150066880196 8.97970032214119 7.18297068855183 0.992212832912718 2.43291275773449 3.14730514780045 3.0060005397576 8.19856317926248 0.130403611533809 34.5941721384594 1.05958703734527 7.71219480763271 2.37259082039857
18.3073450410052 10.8107902235711 9.32250124244504 10.3620536163056 0.812341012976981 3.4433833722731 2.81432018859305 3.44643052219931 6.18979785292685 0.31665638314155 41.6149134479961 1.37513534118357 10.5559430971151 3.90321222230297
