19.3703000986948 27.4928013093742 18.9173807997872 10.2012069298123 0.0605221104029412 54.8586029416607 32.2712345945528 11.7498171865774 14.431965177575 0.519907769637121 40.4477735478611 15.295441469489 37.9869294432517 10.0565780303592
10.7043263131094 20.1775901702103 12.6539473515348 3.51789287884974 0.0720934974408448 11.9793483908618 28.328739384403 12.3481336963389 19.3783860880004 0.358102113539612 17.8086891499529 10.1226179970747 36.0411753377604 7.86978889888751
9.792479269069 20.0194298523497 8.54924531868433 3.39034798869353 0.0815170866619527 10.2882788039413 11.6672446321966 9.83541926512138 16.1268753542701 0.493666665818351 17.4554273194068 6.29241310136144 45.1438838269944 14.5610434855706
11.6405456897542 27.1413604923909 8.08526811610908 6.03725632910453 0.0885713377526802 9.10522949323275 8.15417548246719 12.1214690798124 22.3596405392198 0.311738193870086 14.7574683802413 6.97563758749973 17.3334088332471 18.0100012662782
12.4303197497975 25.3013298342855 9.42549264171569 6.5336881008187 0.105183393793704 12.9671199582633 15.5111992827459 13.5445303528027 20.4616847001071 0.311491354558376 25.5076927901386 10.0635020113192 27.6380876408415 14.6811101158399
14.4010590877877 32.3783866472561 97.7437824992908 3.00189630320644 0.0304698644923965 23.9597044964887 23.9757967019141 20.5138617359573 36.6018966870954 0.643847009700878 31.1355926972524 11.8601946347724 34.869718695471 6.71377267072937
17.9457312139499 15.9407709043718 14.8500397070576 3.00518251300339 0.0226520402232038 6.63692992089617 9.53451392718925 7.96982395815694 10.8729404826296 0.279130328650592 15.1378498940156 7.93266229441129 23.4011812993801 13.1709247527022
15.609664233336 34.0673556144427 22.5321000737669 11.2664463054652 0.655115360818871 27.7385246523248 43.7966754468907 26.9943992238583 51.5999904670382 0.554999167752897 36.6642919416671 11.2975907010713 31.6045037230694 3.93764537580669
34.4391878435272 45.1276467592883 31.2534630700484 7.01658700283115 1.27244574565534 25.5643429974456 32.8649853660439 20.9442351361723 37.6947510371911 0.23635636571055 34.733394444135 19.5120479999868 51.5138508298998 11.0440061737902
11.1485708749054 14.0693056156489 9.78840685159704 0.607612555693866 0.0735448278505877 6.71915457577912 8.57445025876197 4.42881242788046 9.35481840912498 0.702632948642515 8.92071528925939 7.92230352343375 17.3804726444448 18.1980115561788
10.2028091020663 22.1318119690538 16.1028552722666 0.54927256904698 0.040693866372321 16.148811353389 17.4108246296036 14.3258129163797 22.5355552129047 0.340884046098674 18.0064787045791 11.6885904321496 18.0209155370194 5.50665045143146
21.8680287160231 43.4293663776122 28.6261128897663 1.46136175165419 0.0734221805703587 28.5360139496228 39.9044318170283 28.7069380866954 38.2902598855574 0.323684850025191 41.812178863523 19.1656976661445 45.1122760460245 5.15487744755185
5.85176433443674 12.9521851525759 5.21140624972219 122.579758300319 0.0806090901911604 7.43005875867762 12.2426535328786 7.5602133524716 12.2003489196082 0.397578335831981 11.5649916358279 7.27570839478328 19.4461806955091 6.13506711883289
18.270578032272 33.6817845876365 13.9276529056309 252.12871785878 0.0503998550198496 13.0159736176457 19.5650978677934 8.86002448797173 19.309347485494 0.175053509081295 28.613363857655 7.95639386558431 38.4038826512727 6.53148930453613
8.2295462281659 15.8959622237116 6.61834679235805 2.73356210322161 0.0736473129963389 11.6385368183157 20.1001855135009 8.60949426943058 12.3155716347113 0.320815752939175 13.6113416140658 5.50975673060291 13.3698894612896 10.1482319195007
2.74545378782017 3.90860291503208 67.8265725732035 2.05617660195634 0.0246198143824359 2.01202251979009 1.565812807833 1.78120574463787 1.68893356830481 0.0598313937025552 65.8488251116487 3.11335509471844 9.53242412807906 17.023997455163
9.00556863684493 6.64626613249331 49.5305215896884 3.35809782040566 0.0225977408222641 1.86441965717498 2.8619349857656 3.37684936040739 2.12246818603237 0.070611180343092 36.6619568035354 4.18945257253726 19.5292596711456 12.8304920574591
10.8698771267142 10.8781650414555 166.092914853097 6.47531757601388 0.0470564898068825 1.8530274010545 3.71544359031646 5.93164050475172 4.71907074280231 0.0930125011736706 33.4186720339677 4.93953048512207 19.6914575378092 15.3894335729039
3.54734715066672 3.35543155487049 40.9600366504664 7.81365604685717 0.0537483576778176 1.8547678436395 3.27044123660308 4.49319451314194 3.26204864166989 0.10583723925194 2574.19972172678 2.19980227431078 13.9840498272595 10.4780949473795
14.7814883088773 16.5257346925204 33.4126189165639 25.0164334059846 0.0535391062534136 2.48052405130216 6.34148642729342 8.13675968553806 5.49566791689286 0.0958503337646984 69.2972117420606 4.55083888766555 22.8795971975097 30.5280957739929
10.029135370777 7.20936194907977 23.7534579349134 3.78035946805234 0.0742116996662057 1.8883300834498 1.87624126775675 3.36996851057717 2.9255162423577 0.112687035748008 29.4111280649488 4.85295320459646 7.95060985593914 8.07721573732822
5.15045112965943 3.00062606109985 20.631416542703 8.53310689525471 0.0837657603918325 2.4393835660369 3.12815095803269 3.93637455358444 4.72410597996223 0.0769540229066898 65.3875898407855 6.34950368003617 2.8238626143174 6.21839977184382
5.69911514995591 5.77039904506488 12.5315683906107 3.98321791088704 0.046306926436972 4.01043719899512 5.90466623265667 6.07034090642994 4.54149708040213 0.166505650403271 16.5085777051369 2.48064912831469 11.0676175450229 5.69891015963527
13.696349743621 12.1530463472404 8.9580879099368 7.31109319744251 0.0282072634502906 3.08469242819252 5.51332820138238 9.18042794296617 5.81706838411104 0.116685837847937 27.1563013003626 3.23475600410706 20.6820664819571 12.211892626831
2.4157546382891 4.37363479855763 3.27857842371184 3.18987594226554 0.0576452183240854 2.55817796331775 3.17326100553398 5.26550495756003 2.91132453130142 0.118866819969498 11.0445689764308 2.69291351670108 5.72154562209043 8.67617946726543
8.97605961481535 8.61407539049532 6.79798423624188 2.99270374387941 0.0418873089328162 2.57238997258613 3.17390760447636 6.17796696273716 3.63164614626287 0.176875674990467 5.91887235503088 2.66734760058189 9.72761824967769 14.1335676550025
6.92509604636172 5.98961298222914 7.91301908549103 4.71303358970957 0.0495960342676252 1.54883862826137 2.12290693286491 4.37026251336874 3.19833721383472 0.100588201204301 14.9456625051025 2.78673302459532 7.08334073580144 5.74822191398791
2.72324856414909 3.54880704192169 37.9404738023367 3.16101193679886 0.0191180584650351 1.95645530185824 3.75127052206953 3.48296893116576 3.04348611992432 0.0715234397333465 67.1231923855254 3.45948632877097 8.59864044996108 23.7476228662397
3.03317039113485 2.86077454434529 35.5951863821093 2.37254290097958 0.139216212330714 1.44141470251877 1.80568621673308 4.91400897776888 2.43867453992778 0.0746473763298619 5.26077476938746 2.0029272798991 5.4036107040559 3.83847960932391
9.44638172874909 10.1520731898461 17.8039102017806 8.15883955624808 0.0204000753105061 5.87228897530932 5.4445249589176 10.2300049911482 8.01109524983994 0.0896151789193408 60.9217234918243 6.03563290231765 12.3339896330461 8.66878251732583
6.57734929941162 9.2384408080526 39.3835225530007 4.19172388531436 0.0553519979803792 1.91052629120387 1.63218266699771 3.89437557802027 2.63723412707834 0.0986309805480207 50.8268249666421 3.09647309828385 18.3222006447113 13.6777446100337
13.2270017590836 10.0549949721544 13.5702716219554 5.08334396461681 0.0507518997631525 2.84357098968646 5.01207450637334 5.98372094468554 2.95135629285133 0.0730624585630127 73.647715142536 6.30712365031836 20.5434490876431 50.3428837044584
14.2925121393694 10.7303275492049 53.6658513236008 4.74580265381659 0.0315174984872132 2.330494103001 3.62046861038496 3.78714845894492 2.41231568579791 0.0728239109704416 56.803908726114 4.61500103783067 11.5737394797256 19.8907633539193
7.08144491824221 3.73665908824373 13.8752258423253 20.4458021917894 0.185732334194338 9.00883258044476 18.5875800059486 16.808517084462 9.75311417442461 0.117543252616737 9.62323629229549 0.536115336695047 14.4802435955845 0.576418515868976
7.76134917878372 6.3550414232331 4.73018337346827 5.82948645957012 0.0538770472625048 2.75814728590573 4.14410933982487 7.53634068324371 6.71290037861018 0.148681387712694 6.69424730096799 5.25903934253158 9.01680055160006 0.908622776918703
9.07742831221854 14.9256366062787 3.03685983551936 7.03098141842277 0.0669219917394086 1.78799834866504 2.33360670504063 5.03928571636922 4.01212022083484 0.0506737268884173 7.85114481313398 5.61422442297452 12.8527064310429 2.44348667132683
7.94009179884967 9.70016491360489 3.2741854794208 4.46040501469076 0.0717639511102565 2.24966426681164 1.87337588413733 3.03905416952861 5.14211826556674 0.0359357067460747 9.87112465646431 2.91145315294856 20.181566736188 2.05733816308786
5.24901515789416 7.95651763658584 3.84700257867657 6.27279160582041 0.0756075564833388 5.64484473328702 6.86812230725108 6.94465512591888 7.878872706254 0.0324507594019619 5.17943350394174 4.32986857042983 6.93880836350473 1.01792623000919
14.9492560087856 19.459055899525 7.06110810678713 9.40797529591355 0.0673909740637694 2.96566367434146 3.55394771139907 3.31740915722153 3.73596677400682 0.0255706047655698 11.3626122755888 5.54852945128916 25.3356912389846 3.00361674921683
7.91860930596251 9.60198163104257 4.04375601609956 5.47144816877857 0.067261857345976 2.83866022866312 2.25181324288899 5.27363526504702 5.0302033762037 0.0377255489601056 7.63863132687602 3.18091175274831 11.1065970587156 1.11801591468185
7.0906396094062 11.4836571814764 3.76106435122764 5.22249116839046 0.0545106053436758 1.96281143523813 2.85848155533027 4.0703484458884 4.85600290616166 0.02570270168994 7.3821271725189 3.011077445549 13.9026329783604 1.47244545781656
22.3435972218913 13.853963487797 7.19952045192234 9.70666214839711 0.0506045956778886 3.26335299758722 2.46827884790905 2.98818925960636 3.58325062209354 0.035897310552611 19.8922351372122 12.3381063256126 36.3087019553085 3.88216142212968
24.9481334079029 3.40693501781624 2.2757586448292 2.88559445343963 0.102563425974079 3.10999755213391 4.82349545255561 11.9056234536553 5.81361892255563 0.0214108403903914 7.6705812491851 2.67013324484299 13.2138688373892 3.03703858656443
5.35700591365187 6.00009523536925 4.46654413867006 4.19337482677745 0.0755692526280617 2.53334056122554 2.11869005596443 4.10307591730389 7.57674539977866 0.0364872149763498 11.0130877128823 5.02004462333568 19.1573865674156 2.8397187074678
3.17723618324521 4.07260102119524 2.42641669318238 3.20868950650995 0.0970894585267846 3.80306027696636 3.217848823085 3.79059740892584 6.23060926673537 0.0716864364451145 5.06279686898587 2.9130645448948 8.37524512161903 1.15624790719215
6.27500473145045 6.19290428681547 3.55963362736701 4.12418707708304 0.0578459010363688 5.14531965733416 6.43096257513317 7.84153353065876 6.71502970412832 0.0197310134984461 7.0163143149173 5.74996021010711 9.72674037797983 1.35826932228144
8.77130024491109 6.36205588651089 5.20353383566374 5.4667106753816 0.0730273956019065 5.31601973454884 3.61149247106821 5.08725095397755 5.61318097759556 0.0627443531105583 10.5992236141348 6.2384568131167 15.7178193310877 1.69711608782331
8.461037579842 12.0638047788763 16.1129810675959 12.5574251656496 0.167619492247698 8.65970424208848 23.3562473414962 22.4566783821361 15.7094222485068 0.130010649913368 4.68636107861705 0.271995397799748 15.0828220717131 0.797250325798708
25.4062117142577 12.2809835568589 37.8875518452049 36.4928127709517 0.342640209509983 52.2784138369006 49.6841745034288 36.2922522469283 22.0270175202363 0.165674322822708 12.7878962327119 1.75722711834065 33.4423295017769 1.07020413002301
4.27362863708979 5.22659526896323 9.79957917507376 13.4191263125843 0.128838527183329 9.15297149677931 21.4312011934395 15.6395322651687 12.8674441872986 0.110485732308534 3.63435019725689 0.496192890097276 12.7155534723261 0.286848762694386
8.4944108227701 6.41417713253402 21.1214255638812 13.7860141919416 0.194405118688271 9.10417782362728 13.1147809874218 17.5759816825463 15.3402013586916 0.150029044070842 6.08154278294816 1.09257380240661 25.7197306280659 0.545931603660845
12.6511923902049 22.1158933890673 21.0728927144748 20.2399520201029 0.27240990530438 17.4346094744055 36.5614479070939 42.2458100712284 23.7984496270257 0.208511713115711 8.0391693476697 1.6680523253344 24.4099465537715 0.909552304411057
4.66905373343957 2.62044161465163 0.817820081015994 1.84451270618893 0.195266255156888 2.98183581098408 3.63063117388168 4.36425789493956 12.3280146803635 0.0580377736770628 3.77137195540327 1.83666073257347 8.04418488748333 3.19928443968037
8.00645967135558 6.12549700468963 1.33470185475167 5.87091934474524 0.142719997305345 3.55469998292683 3.943753036474 3.58373863370387 39.3219272340701 0.0424105442271424 7.76146435918408 3.3220941932842 21.0532071733203 2.74585617358562
23.0671423144415 8.65982319085787 3.57311051944016 7.11911700106922 0.226690238854518 2.89730061472061 21.3334491341883 7.57399098193848 143.137291869825 0.0530327846226344 6.64466443967575 2.19563828483069 35.9837347887412 8.92503363258297
5.07635179567063 2.66333603834268 0.734937192771268 4.55351553522247 0.117608386298869 1.74237646284476 2.08177699892287 7.58739082779211 13.7250582747147 0.0972123855777373 8.93988874622716 1.07195554672076 6.13511377682712 7.29847412516162
3.70809939370925 3.26208171206938 0.984248747174558 4.92011586423989 0.127797210486529 2.47630981677973 1.91780879625604 1.91208427721037 15.4099674931558 0.0892803953865366 2.69722104224545 2.1680743216967 6.93250802100808 1.63117578678859
4.52541538759367 4.46531740690472 1.67983392059107 4.12237974074567 0.344606230201443 1.8120201727731 6.24226210407713 1.44255522326919 27.6275339502807 0.123952060825501 3.55855466738641 2.27851577598931 22.6914812899359 39.1643555381747
4.60788886588967 8.19644700682309 0.703083798053857 5.58029066513711 0.0657994757803947 0.96479745557048 2.99580904472075 0.781943602594561 23.8852520165147 0.117040169452671 4.62439277974366 1.62576529972478 4.48537325873909 2.53096725758959
1.64060188532179 1.6920950156239 1.08941339707258 3.47235885649045 0.0768733116605253 2.69960731030289 3.51558874854419 2.57462310410046 18.3420192455976 0.117029740621023 3.32059987275676 1.12394595675676 3.84872963049206 2.47884691458617
8.79638228868595 2.76880261705085 1.52632096290242 1.68423921263646 0.0962915376238092 2.6747040758523 3.13361676457779 5.00745762206151 47.2200460983519 0.0989796191278004 2.23493548486057 2.37662953389992 15.8289334895913 5.91682141296522
7.335237038835 1.84923228681565 0.599940096874226 1.32804610159854 0.0814057614002273 1.90022503410296 3.95094706244197 2.8443322819544 28.1395370448216 0.0844181682824016 5.58610820606963 1.45830884937131 7.95817096785497 6.54490317281439
55.6028970842539 20.6748100395113 7.12564342779125 15.0618290311181 0.0729976454888296 3.36731869216517 40.7039080969126 19.2117720298718 482.813485292367 0.0510897749571082 21.2181349526947 6.92928023151787 99.0441130693537 15.3870119985883
13.6013307722627 5.27092424216057 1.90744091637045 8.09765379765791 0.355965345805569 2.79143825875782 13.8733057649499 5.79690284648081 112.672382449743 0.0889692132997946 5.20983172269542 3.42083907968857 19.8439564615209 16.9614392205311
4.45897787537338 3.14343334815445 1.09153637296939 7.38518057019718 0.143446664964912 1.2193389833552 3.0963891707735 2.09040716791892 56.5137670646544 0.0821314405618626 2.17890058344001 0.911584822347582 161.796772591848 3.88178402952784
10.8639945099368 5.05618797281958 2.18195533160675 3.40552338336333 0.0943590018558495 1.30579628170934 5.75741871292468 5.16628421716349 85.0246997164916 0.0896076448479939 4.4877758905777 2.10175088353094 14.543616708699 17.7847013485077
8.47241129042565 7.17623618489982 2.32214565287995 4.93787061167291 0.321837692662008 2.0122924276346 5.0748598584883 1.99285394218982 36.0069326405348 0.0891495584288252 6.2931489934596 1.43774564184665 17.80346967703 3.39725570752305
6.64465053188804 4.34879843611308 2.02864456968962 7.02010447593712 0.436460100591527 1.56339865304521 3.74114981735615 4.28212351484055 50.1447308809303 0.0885164065915296 256.631271752323 2.0026135008946 7.90389210166803 4.99354871504363
9.40063259440367 14.3749562589392 5.67732766134845 6.41724008448316 0.033547042991607 1.6553885997819 1.59356083196279 0.410720401005295 59.3038956885086 0.0683434681421186 7.0137480276268 2.5029043541785 8.99770605409272 3.85812906465753
3.72192399104642 6.28194768399283 3.51989309995517 3.90396736077722 0.059249500803045 1.87826404650251 1.04628428769279 0.157735101443001 33.7454501445163 0.0705939849244029 3.54923366298376 1.6607501335898 4.66254879107295 2.50219580990519
5.70428012099693 3.62957686002743 3.56916785967661 4.00585934968491 0.0268041938370108 0.980378672798342 1.12628185448046 0.504181250374715 37.8757548882354 0.0620759408807471 2.69828210174652 1.463141974519 4.99651153269899 2.5310220263884
5.23140200509456 3.85350654839883 2.23129964377906 3.66154305751173 0.0572195520243034 1.40822326749043 0.755629004375344 0.155396413618325 47.3560290710598 0.0705516049898218 3.70972693259018 1.16493301885736 5.54268529567663 15.3567582033342
5.87854304833548 4.17823816674582 5.06145487026034 6.4623450309241 0.0397971909853494 2.59168557974751 1.33038402281859 0.251942814896099 74.9156981984266 0.051952347342685 6.66638936264978 2.15707229406813 11.0805283243387 10.8915607073594
3.29984117035938 2.17166715372882 3.12463596928395 2.12707927014942 0.0504072492150514 3.03474791968785 1.62119087199135 0.57958758541044 53.5621425111466 0.0575365180895801 5.2198428773374 1.70535576578668 5.67974920531873 11.4689197239473
2.66387098027206 3.16073578094271 3.0602867224192 3.50111797560213 0.0716872300919626 0.70583062421985 0.31626323145437 0.354594873662312 32.2190779569967 0.0612366363668169 2.56560292521544 1.38134959101443 4.18874947646353 15.3061032507872
4.23718402743865 4.210300200182 2.03866804172238 3.80351363671023 0.049178106612061 4.51195604040437 1.22281915408761 0.380867202042266 57.4867140710229 0.141739785509142 3.13033324286579 1.38351315657004 8.12172082006311 8.74873309169624
3.06025808827245 22.9940381906793 2.15671677969842 2.24683271400617 0.0356067597920108 2.17108605030236 1.35326770962027 0.587019450814214 32.7522449218291 0.0594561395473071 2.65180308081491 0.884921617747038 3.87779088375873 6.9969664114692
3.48290165380699 4.34633094359431 3.59947414908434 5.5102976022068 0.0455933732014883 1.67541975908036 0.737642785975346 0.875281273628617 73.0975525332035 0.0565772843483762 4.24392191759047 1.33450199366661 11.4905103293839 6.26883235307884
5.19886051371093 3.15174935539175 3.2072018183178 2.44974683651444 0.0742641216790109 2.12906598778779 1.11054443429826 5.65925415146467 68.6462431051987 0.0998589743258579 4.88522062096003 1.34833170550568 12.3131226943443 11.7356136011139
5.33565231800742 4.36787700435835 3.39694301785964 4.43482965652819 0.0474601269733556 5.73716820906932 1.26670253028102 0.492430288596959 94.7665585481664 0.0727073053892069 5.47345603734552 1.92655575466055 14.7157092538519 7.47771427110867
7.77178448104556 4.73330335122091 5.59427194706965 4.8010700822713 0.12496243060158 1.40890391857078 1.29716595362368 0.668222606289371 124.917143686182 0.0924920713609156 7.36455106499928 3.0652172763915 24.7026059032078 18.3517181548811
3.53488260379206 63.1657023888807 2.49531754183403 3.47340356358387 0.0345134052795062 1.07862042025965 1.76110085004363 1.80676336588999 65.3895712525545 0.0836729414361894 2.57713584739062 1.02945428651924 12.3410019426951 4.19293152242226
6.66450952447555 51.1100528334502 4.05951224730913 8.87524109285496 0.105830421921244 1.13147854155014 0.673997579763435 0.788703900665066 155.289256716404 0.0726030585771803 9.32918248725004 2.12090153855012 27.5981203179021 9.42998221059141
3.43203897474837 34.9506994385056 1.98217741725107 4.43954650346629 0.166152914663354 1.28051363287876 0.723095774983662 0.807350007184818 81.9099062524026 0.113297861982487 2.81639394513079 1.24694759608299 12.0902828029623 14.6938868571838
2.8171447780522 1.57486840225237 2.12976670868608 1.87477510609399 0.0810655349656347 2.28879058868319 1.01953586099451 0.530516557720772 61.2807079714074 0.0826174974458172 3.34786313363087 0.85591219183651 8.91679358511918 5.47952661979771
6.22500461779169 5.63392873250175 4.10070962069264 6.11645095646309 0.0821243877358329 2.34998691059668 0.391028231121381 0.294727479988163 111.837531537379 0.127353852914902 4.68275237882761 1.34641748611142 18.7575696929129 11.8897661897742
3.89592709288615 2.49253434537237 3.06234049784271 3.51975061834933 0.102825028483047 3.66025288891151 0.410278986004347 0.167521374864244 52.1227327969077 0.113485255340162 2.54184683539115 0.952957560474126 9.56916236541723 7.03145710259112
1.8602507933224 1.01989462185906 1.81960228952363 2.47228749923735 0.0364845570222174 1.67815884606193 1.13895024960073 0.518493823458323 42.6892168788029 0.0630318056817999 2.92593497154362 0.900867043546833 6.1690254150043 4.78951377206619
5.58542430745659 4.05313864980648 3.54484495695994 4.63355578184393 0.0829289806262111 0.863871426720126 0.405704775820427 0.196689418763966 80.1565208258293 0.041880137385992 3.21991907396055 1.53880946797614 12.6922013226354 5.33171695453161
5.39072180057622 3.572120140108 2.55655029923328 3.56493321802444 0.0588562890863489 0.977865822041918 0.966738601468444 0.40534166732972 86.3560509421724 0.0411317933410398 5.903886585391 2.13937070317885 12.7081997448944 13.1439817638553
8.70580698261404 4.8052590785095 4.5444273373843 5.96892227001214 0.0831409601368376 1.44575297514644 0.591689055137085 0.338278558551422 104.894504483425 0.085152198597223 4.46560614246528 1.80131014883964 15.8447732190021 4.44746162951387
5.10371548349654 4.48277171779266 4.44109753501628 3.75381346394998 0.0748280428386838 0.807477010989725 1.81370334773182 0.312554104551264 110.478461128493 0.0611677163385262 4.14346670324338 1.4508217488878 15.2505999554035 15.1956640114124
8.54683864923719 9.34894320645565 4.72399297525843 3.94500345524178 0.07167968541351 2.252412573928 2.1607142439474 0.753422546274238 165.436780347561 0.0401205291487727 8.78456195136209 1.87301812452295 23.7687421755935 3.9146834164899
7.97654508096342 5.87059487469455 4.01952225577733 7.45737819230285 0.027033850264696 2.74591635141065 1.27296146941016 0.864197363485696 57.9856748463581 0.0536254643766504 6.14089220398603 2.40181545657246 7.35475748928409 5.87316030114108
4.53440176128179 2.80582906070805 3.33930000025558 3.60997709922261 0.0613153805411642 3.84993299160865 1.68534317397491 0.743563722068185 104.144763777131 0.0547457226707002 4.35527318729251 1.46526137854487 16.6275308481209 2.66768337166631
9.13526509829414 5.78416557984183 5.19044455479073 4.03275450012941 0.0733381293792871 1.06354427366074 1.66300376869713 0.149553354889187 109.978646264752 0.0355691732804129 3.88922608135858 1.83447839016288 18.7041097085073 4.11201477722015
6.41727154099195 7.70866629953584 3.71771970786338 5.16452022291958 0.0848143188932914 1.40343629111567 0.80130970468113 0.311992631539889 53.3636014829591 0.0466814329253374 3.82090427289061 1.42333669646 6.55266293157462 6.39578764636874
6.67826989967713 13.7515502018707 5.87535162160653 6.90743605086558 0.0622712947235299 2.90546929809199 1.85825490492736 0.692161615555052 76.5946580615556 0.0903257527902287 6.44630064153207 2.59634523021111 8.37727199463665 6.66331891116324
6.59654766354225 6.90895465957742 3.7015768019314 3.84083206581974 0.0570426987152315 2.56746374127991 0.491650817869041 0.148792446835405 40.6912296618997 0.0572217952771233 4.46493077045868 1.99932287289891 6.2703675805161 5.79768830009549
3.49374327979501 12.9732267943828 1.91558094648833 2.04200977515071 0.0549089270421418 2.05390800830349 0.924209519415027 0.70859917144711 34.3349274285975 0.0654768107213237 2.15703472393295 1.04029000091222 3.63235883404347 3.72264050894292
40.8617990641809 70.4070201855556 10.0980368708311 70.5289016312536 0.111962174237787 12.0183147013601 69.8137463228948 44.8191199280609 48.6892759211448 0.0661892766137921 59.3234404655116 144.386317805967 62.1893816484413 24.3451742023692
102.847241924008 241.540209881442 17.8514295646795 225.026940829878 0.0908923524432797 61.1830213611102 16.7708564711371 25.1614429369415 156.907244776522 0.0509875875742377 197.188032266755 33.8626662164725 154.848939374454 40.2469534844222
103.816071706369 231.361765498234 12.8755689467838 224.887862591574 0.0959524216483692 55.5997507427182 54.7384910099376 125.28620335321 177.841015618606 0.0598858926254049 203.178153588549 24.0287007322318 219.15786993371 40.6367085422563
11.4520947375259 23.2963278644582 2.67097026869114 9.1025335556582 0.16869237993393 2.99684251410288 1.51481535667234 9.69798229165159 9.41438382325538 0.0973751211753314 15.9403203355695 7.19394696904335 15.9614571555247 4.19737140849386
82.6415441811208 166.838290331063 7.30326403695395 136.131070111129 0.101662437613796 17.4065338874657 12.0605992567589 46.5907926307261 131.009054777331 0.0351866994610968 153.46129550628 7.28031600311659 121.47085610763 29.4545001376543
7.55907174947567 16.3627442496751 2.71144038730562 11.3101520727003 0.072052637581162 1.73725834165437 8.02065034338648 39.4426857362749 9.2690492453761 0.0695526370505316 12.5894970453325 50.9649143534104 20.8154133717794 7.21623042899118
19.5153281015513 29.5558872614596 10.5072300030708 21.4831611365994 0.0697044203058844 4.31757102590339 36.0455785248817 12.8018132875231 17.3969676963753 0.0587330676814224 20.0307097982722 16.7316624221503 33.9963134042127 18.7293536450995
4.43329242314455 4.1038820318817 4.43552489490318 2.42804378501716 0.0621946677286682 6.27575752986708 2.05961472289374 6.82439076306137 0.799189069090929 0.0343932385083611 1.76733905696918 2.07109198513537 3.43238856251018 0.415465282123321
6.45684015328305 5.87862966699984 4.24355836927198 3.33795299154307 0.0709309093937525 1.1336413139424 2.47442526745074 1.7935685581976 1.3558394429348 0.0453701398457062 1.69954518895439 2.95888585961779 4.59969610269108 0.507964766231146
19.7246216850726 16.9462649014231 6.78596038788979 6.59230397213139 0.0836969946959091 3.84120082973638 8.58846611248827 3.91411434572518 1.4024124703742 0.0342025139574453 2.64739328920823 3.39425585838566 10.1142689851627 0.67829910117867
8.72876464078202 7.31976449315682 8.20420556024072 6.87553573180426 0.0575208579720039 1.75115711656139 2.81512942297643 2.77899169353147 1.52240077082353 0.0484763579810206 1.52543276401772 3.21053137730697 6.14219137007432 0.735219952385711
14.5557162197956 12.7951895811992 9.07860073160136 6.57386549487334 0.111891840689776 0.942413403349721 4.07443308357923 3.90335783154513 2.95373413307352 0.0435427368750914 3.32879596496582 4.39923835540122 9.45733852267981 0.893235119560498
24.5737953030515 18.4670424103533 12.0410191429817 23.2353619986873 0.0592642875523129 1.93156860138669 4.48659280089347 3.26714383945847 2.31784501847393 0.0240632818886019 4.199032663527 5.89238178440389 14.4601183522902 0.81696436772581
31.0562552902288 25.0416649023206 16.5276976204271 12.6400158221236 0.0786657178443794 0.977066177996881 4.96456312226884 6.26752783718017 1.91773926115801 0.0289774481222495 5.90375818034013 8.31145873743109 19.131338193101 0.710969359995291
9.96756355906575 6.87720201439813 8.91822203980954 6.07019015591064 0.0678643676363666 2.55484975656902 3.20762721691527 3.46593597337183 0.846682805530931 0.0150991017897765 3.21249994035939 4.39341666859265 6.00007591254485 0.573228255392788
6.11852668582544 5.45764952947015 5.65854917685154 4.04202374316459 0.0705452865656127 0.977142777394547 1.62652733168786 2.65668806041532 0.996330632433818 0.0425497946164334 2.03815681345666 2.74160817445759 3.38869694274784 0.436538910436628
19.0007089235056 15.7121873058064 9.43371067807326 5.66048178283708 0.0687546223422121 1.56647145629191 3.4493517207084 3.48340333074678 5.53771891187542 0.0247254431791603 4.21228679528581 4.84610292743011 12.5212986225485 1.61412303100073
5.20219009197197 8.53963542049217 3.5248586836512 4.00494191097444 0.0591437235773832 5.50167286394067 2.41898595145685 2.4838198122455 1.64673465913331 0.0189772956303732 3.2242780711843 2.84343281167235 11.4482200212744 0.653928682293811
18.6956744413502 17.6401560714449 10.6558611629584 9.67241211334326 0.0531453903660031 4.44017370291814 4.62933903757181 6.09764185358416 2.25801036322273 0.022243947363378 4.67389989569216 6.40124922316474 12.5942122840533 0.812775754741708
5.57041506201455 4.10015658871361 18.3707222803768 3.7303417839923 0.0412153591304654 1.8766462354123 1.70648169733425 1.85255881524645 0.91676067378045 0.0141036763665683 1.82145077197616 1.80441490135256 4.55737753056427 0.679619088812192
3.95796913349876 4.75284271797177 4.29651000214535 4.16796716019623 0.0680528907758499 1.69893071490918 4.97534251320938 5.33648955130092 1.75611123316303 0.0224167430249308 2.43167655421682 2.26038742355126 5.57106912544837 0.562356695005466
22.4192549021825 19.8848692904523 11.5908028269054 7.87430545149214 0.113093761159525 2.11328261467378 3.15539836555329 3.75819313999161 0.788535996875795 0.0323783911706098 1.77275473905217 4.74411354889902 8.98275579358825 0.825208972481286
14.8317528289531 9.2737504908717 8.14249453279053 4.85562843498965 0.0377076397972519 0.77760773105985 3.18578069698981 4.37937733237899 3.4418971106964 0.0143601811594155 5.86935022972395 5.71220652291499 9.43559289593087 0.504945405465608
10.8151515957398 10.5517454012924 5.27154763943202 3.61824165582506 0.0646253444592876 0.859466191602993 1.80031634622426 2.0076588383145 0.525920117837568 0.0205673690973927 2.82209458152286 3.25283103722519 9.02094337956386 0.527597224983399
8.62800600097643 9.40040681995675 7.48320449921528 5.7612658248753 0.0488988372091015 1.21334414730267 4.66981973689233 3.77562079592224 1.20752421858053 0.0489409484943553 2.05727045341874 3.23728019502101 7.17278692489249 0.474869413651087
6.13002634402609 5.88961863730358 4.04234559715508 4.34649245553155 0.046314441207971 2.17587101372752 3.36140602429935 3.65232786146472 1.36729314724964 0.0115015446241535 3.18256122081678 2.07867773530955 4.01310865159159 0.280061198719622
17.4924515682724 15.4420813377059 13.1980861783407 8.86191435229426 0.0649321963893713 0.919625807570355 5.1192631145302 4.36304155073728 2.05014902035921 0.0204465467376082 6.05844167885833 6.01568099710741 14.9946414196968 0.518670591192997
4.42633946772378 4.26384008496371 4.44393412020184 3.7418411828465 0.0968307363302645 12.2924536978074 2.51806852337788 3.03490373623474 1.54134993651266 0.0322591341759134 2.00077138317501 2.92001933287564 5.67077581623756 0.461141927296055
18.6313675235001 11.3428973239574 8.72331434947998 5.09329508754016 0.0339768716921818 2.03600935845235 1.51492363960005 1.61457159396759 1.28870248536363 0.0364550153929479 3.1067114188662 3.76327959901377 9.640679940031 0.514964234882294
33.280527631648 26.1943919324484 17.0427031587896 10.9353604337698 0.0808549484560959 8.04387893307743 5.34450452651147 4.96299052337647 2.01887319133677 0.0228807597519586 5.25749876363792 8.04549191597324 16.3877650481088 1.20945703121141
16.1073860345738 13.7771066745814 8.04772220656486 36.4854439782327 0.073757871331065 1.14263125956276 1.72908516752396 1.4162916315015 0.633567077193495 0.0392349937810085 1.94026735987999 3.10734541168907 6.10249682461915 0.493209593988423
13.6189613606674 10.9444662961583 10.664955659368 14.0613686233527 0.0827678388124728 2.97842024381204 3.37883058473475 5.00796954808952 25.0854067915923 0.0420182657508714 61.1983335394174 4.30144851112396 20.2169334251792 36.7035924624137
18.6736416986189 36.5368199386521 10.7669898851486 19.7057774547197 0.0365344175677002 67.7459175996162 2.67579056753916 3.62329681399929 49.8333664385316 0.0608357543009655 12.428201476675 4.72833784924374 81.1382859001429 49.8650605151437
16.320487509991 151.683664225224 8.02955270097467 32.9535184258505 0.0519043660541995 151.925510077091 1.74205100365256 3.62190603709914 16.6551318498951 0.0363801616651226 9.09918538953404 2.50195935406081 61.0209668662923 61.0008128554662
15.4337153498943 555.306033054997 14.9612773322799 23.9916092771241 0.0268941365847804 6.97290238100036 3.60345066146126 6.71853862679672 29.9427156064536 0.0698750860200327 41.852886764433 4.69732997261963 169.349670566853 18.8499151107313
9.25969539534025 691.1634023077 5.99868101038871 20.9320538017388 0.0489997511921117 1941.00640521295 21.7780938663733 7.2375369412247 23.6620779928471 0.0656946627446318 41.0426456480705 3.74559293771383 22.6859914676846 23.1374681212136
6.21836907831053 244.086225740336 4.90650282594622 6.78733089187202 0.0887161010816788 10.7068411981203 1.47987608930006 2.31797936639776 20.088735532068 0.0292221694933798 7.17606224502671 2.52956357023421 39.3994952846831 14.1615388016555
7.71028625145452 197.339426850238 6.41079472134141 9.02725597417589 0.0614148180774034 3.85691277570537 1.65322008868993 2.21868451208428 10.2451721190286 0.0344583269864558 6.06993099240027 2.6176480331029 16.3193405629107 11.1739207652938
48.1405532975689 2032.02707328175 48.5261964538599 70.4171868915787 0.0567606648808399 36.928740206674 21.0189278073261 29.6279838701449 112.855700559093 0.0733209162631821 33.5282707394851 16.8316971975476 72.8532974542564 27.2360267451547
48.463813842154 910.466669447467 48.5681828927088 77.495381790736 0.0575010268499893 31.2698491554905 19.8447214762266 27.9191342415066 132.554415930888 0.0224921910534704 32.3316016703457 16.8068602075005 118.742429847697 19.5917424982514
15.8362777904962 14.3829352652343 3.54700547540168 1.23699843874611 0.098315014184018 0.625765674234379 6.73373055458782 9.62457297470502 10.8361628870353 0.408168329535171 5.26361047781794 1.20155173483159 16.6698936173108 0.518933850412656
11.6551803070514 10.3261611689458 2.90110928474335 1.40346701691803 0.104933274554959 0.636506215946267 2.87883732906678 6.63104701777539 6.96462853031029 0.158115077442957 3.4756231008729 1.13404743119141 15.318114312932 0.678976963223626
8.13474682152642 9.54473772131208 1.90945532190695 1.10520411603385 0.200989016890254 1.11539054170304 5.6697761379371 7.76900280978673 6.88619905693206 0.200256206052422 6.98721849933436 0.801707652697558 9.6510703275258 0.477988809617253
10.4841511027137 9.99916710479674 3.06820613822905 1.23566762538607 0.0608433930589508 0.777594443195649 8.51621454769509 10.6249910231245 9.55453763404592 0.0384027449159024 7.62883756091882 2.77722552656411 7.96211494481982 1.12567510711574
10.429616851641 10.4129406898204 2.82205980057086 2.00719897792476 0.0580187902947705 0.383089634550927 5.09393930561604 8.9921477561013 6.66837950551618 0.0464235807790249 5.70188722625401 1.10692727380016 13.8382610952796 0.753748925763174
49.6172502826064 56.4633014620089 13.9367481143176 7.30142825149531 0.0966219304119573 3.41460092564511 28.2176274324684 28.5049934157913 44.7599899046379 0.0678825484487697 15.7983923139962 5.12390011728073 121.005529355609 1.22599758792131
5.43581314600305 6.37970800232634 1.26390300153009 1.46284030616833 0.0548781092227218 0.695056130304472 5.44551970748161 12.7015887014471 7.40160570326776 0.0137708743202445 3.51937249610615 0.885959107847661 12.7019754330285 0.452412922987995
12.3797855893696 17.0060339633057 2.68066248849068 1.80758425482554 0.0517107208248215 0.556406614268421 8.03032486194814 8.3436926363996 10.8012916632298 0.45091944308142 4.26938478546176 0.902268257475626 13.4437776931325 0.588072222388168
9.62179335266096 8.41891669756259 4.76297868927861 5.71735225272602 0.508694682316476 3.4996228444334 9.92842413100813 15.6946963209796 77.3514709225127 0.0327444517424009 7.15416872064529 11.0676880474711 21.0067772426767 3.87288380960797
13.0437030681279 15.885269490591 4.38146839458405 6.23221645438192 0.0609617514427714 3.10501955879931 7.09902827359662 7.29311304246314 8.54289136493646 0.0176263044887164 8.46505011108244 8.91213845012251 24.303397767393 3.13991837969228
11.4256546549539 11.0742345131416 3.88252032140126 6.49940808289942 0.101038102497058 6.90172270557758 9.08740448896558 11.948688568131 48.0387625429032 0.0112817184310538 11.9223475856413 11.2244281374874 29.5311485194709 5.02775801968369
6.49666480552519 17.1942312346693 2.14256002809833 9.32250180432932 0.0922476522203365 8.73068705608015 14.6665566019401 9.15294035152866 17.7677961876215 0.0235291829931433 6.78605668949698 7.22362905271512 21.9205060105673 1.81920249475895
15.3398423538342 14.7662577272163 6.30597038990496 13.4102222800427 0.18122173879317 8.14835946888029 20.4731649822347 17.6961686975655 18.4519864216382 0.0456326234153325 25.7052990954322 16.1366382712889 34.9291377462586 2.20045187491888
14.2990993062517 20.224558664282 5.06359547867175 9.07148180830495 0.0596421620720851 3.95805907628355 20.6047050718897 8.94990293150411 7.84641233316482 0.0643456460364964 10.4838685105816 13.6797328289786 20.7506931999466 3.247697371513
32.4160723164442 38.5122207653928 9.19977224345686 17.0475328415181 0.121765932944626 5.0292499053876 12.5614212313816 15.5406374032847 29.4312595946753 0.207379607003193 23.5102465461737 23.4814722589509 73.7561695718461 4.70989532324749
15.4427798962203 22.1919592658232 7.95201059240024 14.4959661883471 0.0588204171698244 17.9738741278296 2.33423196756168 10.4645164330103 25.6028691639109 0.203376832579427 7.35186396709501 1.42317629730262 5.52082894225818 0.563586234131231
12.2891308246273 18.82655978392 101.755890382891 8.96328467376565 0.0998153659735466 138.317437677717 6.31846335441448 17.490730528579 35.1092115192714 0.0124254212456723 10.2401956489826 2.00733332196365 9.83588938754674 0.295556468987686
10.7124930039602 27.781989810335 9.43776047629062 13.7622144682329 0.0577376065211279 106.358238248498 6.55739899213503 11.1726184127917 26.4833395591345 0.0236649253067477 15.3971043566349 2.72412848085801 10.604691664041 0.381431143808389
15.1834701516986 15.737162631397 6.17378880395979 11.3413850414568 0.180901323286833 1.7572091311867 22.2724945930943 2.49452008399746 2.15493017559344 0.0578133079647108 28.009063402269 12.5503693605698 25.9016859478896 2.8557639345533
16.9604010555593 48.9052741556883 8.55111562666651 9.12206517501021 0.103587748018035 2.8645397052357 7.72768733681189 2.50865292465846 5.4840492738082 0.039642282434128 14.4941717034218 11.360251134459 85.8525658532172 11.5114112520978
13.3720556464762 21.7734060541888 6.44657064685737 9.94747340985279 0.954424365309367 3.78502478095267 5.71845358816715 6.4149737509244 6.49793968127911 0.0341557494812347 11.6928601721937 9.99181709548242 31.6645900652257 11.5854814468889
5.9046182434326 6.03590774432468 4.29075856101499 4.19571310388728 0.0576842854314193 1.46957297220185 2.38689282046024 2.08419550328327 4.20124619565172 0.0701502125801637 6.91217123617963 4.65864123702017 12.1389802185881 2.07315313081059
37.4462085272679 38.9103206485869 15.6966492256978 19.0254133050555 0.0712514947775453 3.10046642018575 10.3145324428632 3.85477677095406 13.270675006437 0.0253422172795371 31.9168668339947 24.7258782566432 73.559885144514 7.39770996141086
24.4662325906062 30.2851688462305 10.851817621405 14.5704049564074 0.0911371274998139 4.94081845458313 11.6248234013128 3.84112183327641 6.04257419603137 0.0491176554642355 18.5069569169209 13.7410087682297 19.2078545137029 6.29442141631409
4.69249002947473 4.69685415054527 4.3618379910836 4.66617909716575 0.0658062648401562 1.7361155572533 12.0864243192906 3.99557593584174 3.40658897403209 0.0747401314702864 6.55083460690898 5.21933579775869 11.3434898871942 3.70135946034594
10.2251638548329 11.9311485550001 4.40009381274393 5.25753469688914 0.0882238375406398 4.47431161904974 9.22092650695907 4.66689298275555 4.19280326801964 0.0463426738109462 9.47293455736278 5.8759936246849 11.1736841107929 2.99279812711732
10.1614469566452 13.1823758357883 3.98890580839117 8.35024464620504 0.0518947621317633 1.09911493549338 3.24500150753721 2.57064187359639 3.88209845839865 0.143792739943843 14.0360892259474 9.44521496178334 34.7446348215411 4.05628848422846
16.662913919093 12.154232741365 4.13005769175 5.96961284282512 0.119541756509376 3.11706885077053 5.51765426988116 2.91542620507347 3.96329290824531 0.0524209492536943 23.085249182216 11.3428263654406 42.4592172215802 3.93407218123011
11.5144934345097 16.2496483786058 4.44646143525876 7.2740871756493 0.163970723478329 2.11853980181091 6.20548558737323 2.96157216157652 5.45749264100325 0.0636174987270498 12.2255684936097 8.74935566140642 16.8380933935576 2.83811305909044
14.2762410317553 10.8307667235062 8.82325378108782 6.58999340301435 0.0704183822869681 1.83321645582961 4.07748392334212 6.70134679506594 6.62254773897023 0.0908707164660333 24.5834582989888 14.5348067874475 22.2918640674645 3.58329685899173
34.4473900905445 40.032181206983 11.6380407756942 17.4240728067672 0.0824423651970661 3.09522969072919 5.49708346411276 3.73470864512647 6.00707012099835 0.0678461935680197 32.4459126581196 22.2804554875705 58.7296444649581 5.86532011402254
12.3109529506087 6.1937449320442 5.69248955211675 3.54488986167064 0.109000624471064 2.17879734751734 6.77539724510731 3.76011654839354 7.48412595857697 0.0361475791257344 21.4586293983744 5.69482242879561 8.65703975954174 2.46103160465111
4.70859017530251 6.27001777571558 3.89565145008853 4.31275587240439 0.204616104648209 1.34253306658963 7.74872314297872 2.5471053130982 3.65312482948316 0.0306314634532301 7.97583494414427 3.18377712626674 8.10412905176613 1.38162343974307
12.5146692408482 15.2090018735365 4.16867744389458 0.669696665932328 0.108130411480676 2.4341193590879 3.72228771921253 5.55696663409484 12.7534477338364 0.226502057126042 17.6079634491109 5.04554861543787 12.5221032806663 1.57871793379321
19.6983284428925 25.4037872114459 6.59503323258293 2.77424172566673 0.127238492464976 4.44050634334962 6.25681440657218 7.13500523393533 9.06983733033849 0.23963669478662 16.709883999311 10.0573631440042 23.547869134873 3.45496386062884
8.67550237917446 17.4252322211875 7.12460586649868 2.27367261019976 0.0765436768855345 3.15731127154773 4.7136715004547 9.68744848398897 12.6757196902219 0.297097932460206 13.6488578025312 13.1993180527512 14.7240400021615 2.99329158915139
5.13486513326205 9.12034726098334 3.37419191281346 0.914882572693786 0.50476545881385 1.9376132342347 4.33898111026816 2.87334355225611 4.96852416739361 0.14502853489763 3.01984918306883 3.79178560489238 6.08541524113856 1.09236959316907
22.86726197727 13.6845344903228 6.28146097784611 95.1937994433911 0.0779364194473895 6.16316454851544 8.20982188288565 9.01620183531307 10.8306276826981 0.379918672599389 9.06666876319575 10.0664250059881 15.3183344158404 0.852639850997322
8.96547853704665 11.4339511195827 5.11031423024381 148.463601853594 0.0570354512509566 4.01256194709197 6.64794050255159 9.82415853485845 15.6070109509887 0.357859155565578 7.21735070006453 9.6024362280581 12.1327044286914 2.83988942406971
44.9482935842717 46.1367328069211 26.8060583562835 48.5847695715972 0.0225836454860913 34.2207460786433 25.0238045648887 34.5298921238612 57.6468264543532 0.345045867667077 43.3075370012 50.6315615425749 62.9438223327985 4.70369286558933
29.9242626808742 31.5629707314222 11.9554534902312 3.09018305259944 1.41367264579643 15.6697792717852 13.7959530454105 19.461318087867 22.1263551205022 0.382607522044022 17.8619950945398 18.4326854133823 30.5461492592206 5.01997944521819
36.658618851323 27.1628139857678 16.4421523391911 3.86722827778709 0.17020399858976 8.62958053753011 9.7425965380735 14.7385544138233 16.7440429252292 0.185388676097767 21.4792332089079 24.934036235932 38.4607828876044 2.53915630237326
7.83278584268946 11.2705344229291 4.14100413182218 10.0339086608885 0.0928957469116052 3.0739473076649 3.53553620028282 4.47558389514813 9.00681430326431 0.35831304124359 7.5614117927478 10.0738521492916 13.4063183564503 1.47617434820967
17.8710239869468 16.3434418517122 5.56914873660314 39.7274168993152 0.079039842274975 4.67935920679592 5.04206845531276 7.32263146324712 15.9105766983155 0.508452538189067 13.0633720500718 7.96974828942199 14.6792304483213 2.38897607088781
31.2461461087493 43.7638966691804 17.3551305258041 125.539029677445 0.0624819835752848 15.5922013241797 23.4623409825352 34.2905573693302 49.8370311914897 0.278499219310283 24.4493526441458 26.598503737679 39.2326336582263 5.33886647514885
3.28196937672505 11.0318041872084 0.536432563002865 1.07256997272954 0.116596359532307 2.3935551045614 2.00340160557685 2.34976286364325 11.1940778604928 0.245462391355953 6.78181542394571 4.72392428094712 22.3530369182199 64.1098692520928
5.16260773954393 18.1899060135275 2.35308565474945 2.70236079079589 0.65673674188889 7.65417140774213 3.20942191198115 4.30587126796939 17.4464423135864 0.0562403877301585 14.5759985273335 6.97571597211016 13.7316369214725 19.3864818635088
6.85212001335964 14.381057242064 2.47599816520805 2.88425893103238 3.1074644472924 5.53325776249622 2.28455120247843 2.65895793196396 9.61402460812086 0.0482829362658004 13.750739732441 7.02028477019304 31.7354591703596 2.19562391912946
3.53245643830683 13.1576295072904 1.52286602970513 1.75163625351271 0.137266534731178 4.52079973400405 2.90554832364734 2.83749127292086 9.84753988913727 0.0725548868544071 7.40399041268475 4.9778626326379 7.03963924711645 35.8257009755483
5.23178975287 21.2639438856024 1.62378735442955 2.60742274837053 0.0818091191780709 7.48223412992976 2.5692461354461 3.56130988774184 17.4996831976942 0.103334065465812 11.2626642384262 6.17908170178785 18.0994504688278 1.97329784095569
10.0606519639665 19.1709962672916 12.1324239042425 7.13424528122453 18.0311265572188 3.32843336068857 2.00798554215482 3.56808895014637 11.6559168073748 0.107085607084012 21.3100560708487 4.99585908509798 20.1875677582893 8.68739436837122
16.8740846855006 82.006765575816 5.93744168960936 10.8336915343593 0.0682367199594167 40.3267262278393 18.277281094012 21.4506654651761 72.6356375781206 0.0488932450951922 57.6988000444723 36.1964911411115 77.6490288352988 15.8453723884384
14.1476673988517 42.0898625642747 3.0924200892715 5.20597078825957 0.0781862503850244 18.2825818984409 11.2147640548408 11.6447979322842 49.9199470998835 0.0786050625410906 34.9068766790438 17.3251111672717 56.0017963616906 4.48734142881032
9.49669829481871 33.9242003628543 2.61581779389792 4.53737724396251 0.0846983929269217 15.7687808428721 7.91144196832278 9.74441204902799 27.0561897967139 0.105037066954991 22.4532233793869 15.1739087340567 42.2091704518624 3.83469597694161
6.38618191458878 22.7228501752727 2.48509625299469 3.47960931316087 0.0525324936780965 11.6280848444185 6.28321302946301 7.42286751747546 29.5833908489233 0.0649925155612563 52.3905459016558 15.2646021012187 53.7790262275255 4.58254303904358
8.65292916976794 34.5402873692453 2.23503464594387 4.01388739206584 0.0552977537399937 11.3714047110352 7.02333375978274 7.90282202894878 23.1587505592446 0.0663382963231798 33.8426145750723 13.8704236442849 40.9474081533106 3.68222311203296
5.89450202577081 22.7408877951693 2.02291130951414 3.62488301114972 0.0370682313602426 9.09895770079839 3.54136255223335 5.39727688941339 17.2758333527543 0.0708788690264177 28.6713154251216 10.0032527103342 25.8659329256096 1.77419664517523
9.32723833245409 34.7570620233204 2.39741123287429 4.93507361927727 0.0465096636979854 12.9988038134068 4.93427172775149 6.48276409433894 26.2174146171327 0.169284474045205 17.6912942868635 12.0115036398352 96.3733598291061 26.3877301642252
16.179229627185 70.8311048059576 6.18791951853191 8.45013846619434 0.407405762327168 35.1992744000866 16.4604329686382 18.6814268890733 68.8309184264952 0.0723913679590138 48.7736682889978 32.1515428062535 82.5413140238587 3.55079285618837
14.5870592854618 57.6272803211752 2.68816595961873 7.91499959478266 0.0287806142167227 24.2358724253542 10.6456454698362 10.0525243991319 53.9088729505822 0.224681211715456 33.6378865745615 17.501474748879 98.3942945087186 43.0209589804939
6.552111707808 29.6191926535053 2.36172670615342 3.3345936652131 0.271412827998323 12.2539867888084 6.56246816733953 6.88310395244877 31.7864069435996 0.138528074060177 16.7158351930916 11.3748653343387 44.7674755339976 13.4703711543784
4.52597623214637 20.2727017799773 2.00917839536151 1.99179198944427 0.868999228611603 7.04047503006258 2.268088093353 4.23411153587368 22.3065452123357 0.276128288015842 20.5724284660541 7.34411204753235 29.3344162205305 29.6707671904776
6.15447386173217 28.1972536844517 2.1982996214241 3.59864282503709 0.0972552931137824 13.7193742939086 5.58520223667787 5.29179214676274 31.0806293727832 0.173896553558735 21.5404497506026 11.1070710010318 26.8672375012446 27.9394820550518
11.4031997549399 18.8027662221104 11.1980978896035 11.2089382494756 0.0758345914561862 5.06692040671116 13.6774718596856 12.7236464304577 15.3867058137187 0.3609083393573 9.98062914991299 2.14244917943495 16.6703615348677 1.05341234852358
6.82515727851513 9.5536488290697 8.1445067809435 5.15835596616731 0.0720086994160742 8.75394760396329 5.68959449791731 5.10823822935942 6.11959826252707 0.267150624270171 4.79429695814828 1.22653657622656 15.2142671310973 0.717616407873965
4.70630555799171 6.81553973668613 7.23705619685405 15.9262228446453 0.203340380019446 25.2379186735082 6.36647092373435 5.23555717875351 6.81752186284979 0.144032864246666 3.97147085273217 0.439404680168786 10.1259849323807 0.410136476443903
15.8574697605288 19.321923934012 20.1118708349171 14.079020705118 0.100410923459691 18.680028563709 21.9725094069124 21.1910061065784 23.3466524936111 0.533071658574337 9.41422595087836 2.36844599806686 28.8287650311063 1.92956696623604
52.1259289158331 117.181756488075 72.6418326544175 59.6301133705134 15.2765277019984 32.3799558042668 75.0072610377603 68.5699960495622 89.1811907837903 0.244494866537428 59.6928647543611 0.884718695447857 117.488216896978 1.20472020008936
3.71934809233976 8.9138568922862 5.05101802651815 5.13078240125976 0.057981567962314 8.23163350529673 7.93287211713288 7.2447272009303 8.23867255673269 0.173534484349129 5.92607404144014 0.475589919191675 6.4739593357144 0.560798946196889
3.2774696473408 6.73720473264854 3.72612722514503 3.5361989689453 0.0492597278666789 25.4636850624838 3.16427203483967 3.5357113109256 3.56709931097168 0.124510648301791 3.6389346532072 0.728846070853907 4.7313646512905 0.5204410877942
3.42297637701396 7.47451762964513 4.24943505519127 4.70519145222332 0.0438967834162409 3.1125469064968 3.57589964427498 3.40408295670174 3.53650175094018 0.189077099183158 3.93222785063938 0.493039381308511 9.30322820418213 1.02301899556817
9.40264919597225 14.7667577184071 11.9300994021584 10.1746881679796 0.102774051086674 11.113014229088 12.3636123155425 11.8034165959792 9.44758081435031 0.239426998675928 9.39458714701853 1.3778515317669 17.9523574076137 1.19959218396993
2.9786905327273 5.23584306949317 3.25059487013832 3.0642462180863 0.0358603069278587 5.73799259477117 4.02673672158916 3.63339693823741 5.29910089112492 0.128751768523752 3.35650514140696 0.467688615330846 5.9358220063949 0.350974586634871
8.63279621228616 10.9445638072755 9.59316521286557 6.38695681461493 0.0494291363031237 14.8847491690381 10.3308325631137 9.86305826033528 10.6970461587765 0.35148633557439 7.1803326999063 1.26241838828742 18.1080312718459 0.930248305276121
8.30697524630472 11.539178739374 9.1816105059801 7.48807410975066 0.0521381514728147 12.538107554108 7.18695351974672 6.53480310457456 8.50866878652134 0.163624752255862 7.83053146883773 1.61250576226202 17.300876965424 1.00489834460602
14.1221786429918 18.4290710429616 15.6367247488167 11.2338626130603 0.0342192443593382 14.6215752851044 13.8793319610689 12.6468476627856 12.1243689487583 0.141096054525841 14.8398159158607 2.19060462313515 28.376557985459 1.37729722903026
7.65357882885727 9.87957723523539 9.77677480716216 8.23341064504211 0.104197559730957 14.7275250592451 8.15148094631321 9.55952382026681 12.3756902954205 0.195705222750379 5.05992405464138 1.08967383721293 14.8514395139648 0.654759569070515
3.22285029501067 4.65963040762569 4.9928134130377 3.29631927234728 0.0571367036944629 5.71649024939354 3.59885866856531 2.37567987589946 1.61695231994831 0.149443939412809 2.36493532448953 0.429296020582274 5.10284891316239 0.585768825635944
8.35692403166528 10.3071928760513 11.3548445975891 6.35615648469458 0.0803944435502996 15.8067394182806 9.25980388046677 9.28472867302344 11.8907053704224 0.216298668558654 9.06979886069273 1.80323245097667 17.4959479074917 1.32608184680551
2.1699185277208 2.67291141090933 3.36875097523429 1.72423339102226 0.0484699874552729 15.6212380237668 2.75799786084133 2.68037776702799 2.664946107113 0.142649869807468 2.3358608865314 0.323921470160473 5.71287432554293 0.426924414424681
5.57937642704373 7.38624810113391 7.32157415694723 4.77163922908698 0.0490226741601249 9.72764063057918 6.73561829361476 5.79643602659223 5.83127783467783 0.128818850554793 5.01257917638013 1.00179832107898 9.90345682994272 0.285387978593266
5.97338653195517 8.59222401906021 5.48240350463814 5.07876445060473 0.0328876154827386 6.45596238513388 5.26027627674365 6.6395588932348 8.41861717797598 0.203657165434794 5.35918728681234 0.951272690541588 13.8445073704314 0.743155052550528
21.1004054472738 23.6023766194781 18.9551035911322 10.3872528443746 0.0919570076819881 17.8157580165474 17.3689793644736 17.202007794135 17.4420309462108 0.29878016718788 17.3815603757224 2.82830704567276 33.1728480319152 1.67402052247812
11.0424355213705 16.5731507630814 11.5153658894467 10.3825208414282 0.061433971990548 4.72342785333793 12.1917907717501 14.5595102877045 13.2028867692932 0.180827779872435 7.14254447566133 1.450850572079 14.429969842394 1.67853433700767
11.738584800719 18.9643898265045 14.2943734037178 12.9337754139782 0.0684742332483331 16.1787095121092 11.7964470008956 11.316182890295 14.8459883222872 0.342410531765074 9.32389400191431 1.20766724565374 15.3812236328293 0.942825474335897
21.3767647745467 31.4384278669268 27.4359113595228 23.3451658996752 0.0954101391533927 7.12185168055488 25.4856340070137 24.1179467441452 28.8408428656535 0.292975299482916 18.5108812457088 3.23501673395075 38.115461967862 1.55725908548893
13.9138174648286 19.1696839540396 15.4381882520569 15.0845053192078 2.596072519487 13.171116087211 24.123247670125 21.1970726468115 23.2824740193745 0.301817127399914 12.8328810779842 1.15039944271466 25.3327704596312 0.763127516638142
26.699607947345 68.7983662735942 37.4897025046642 43.4998243271496 7.13612327778808 13.4228972026464 46.8981138605752 40.2317352801016 53.025485764292 0.513618819959399 32.8273467072762 10.432249904592 61.3813033712599 5.46135762940471
7.94941277880885 18.1622776057639 11.1728123968415 9.61581964628156 0.227702199165522 20.7572660486975 9.71867568720256 8.93760226711 9.51850845454031 0.500428857072819 11.547691952274 1.4025005852121 26.8357327591697 0.678714147974439
4.00151554308965 9.59584758746286 3.87084671715844 3.00324399121668 0.352403003350424 21.9621319519431 1.41504667313452 2.27536071088555 3.32657661734797 0.165794872867087 4.11874286379167 0.661212274933138 15.7544844007143 0.550353525325142
22.2069329736256 8.51172742138903 6.0742512828813 1.26717817112066 0.362251011078717 0.664984144752258 1.17631212974046 2.04097372547683 1.63292939400213 0.0385251030282795 8.31465092670488 14.509770214299 18.8916787683635 0.513110473116552
24.2541890962368 8.27502933289614 9.06829940825846 2.30946731132082 0.0641872672450353 0.726209843241131 5.05317690159036 2.3479595255944 0.524179272255732 0.118365578426149 9.80787779693745 15.5296852196956 12.0083435120728 0.406400046333062
8.0734335554967 4.71662026505832 2.94081463831923 1.46022497636638 0.0556799439421656 0.592679723847731 1.61290727371907 1.97313936528739 1.31874568385505 0.656577722967984 5.29615113292433 7.31650053582252 26.7345335337738 0.531653812416289
15.0872602682929 8.43408574444166 5.51843859073099 1.51700994940082 0.032144269516357 1.15625818910522 2.02897420502342 2.74661402856755 3.42448970877207 0.189658124034552 7.00948944194279 10.2395318263588 15.3269120122241 0.382465381771475
9.14830307679085 3.4518735463685 4.69715245981305 1.09793402998741 0.0507639090205711 0.840740752383474 2.70024364701622 3.2546629200409 1.49740290846795 0.449630775125754 7.77081380463979 8.56555578169375 18.7300978876383 0.387255980680156
8.10828358165117 2.63574770627569 3.2347231091893 1.11613212289922 0.0658898979478489 1.44196806260136 0.522058316211918 0.942740388774727 0.695058287597723 0.350874090540877 3.51740977065956 3.40937315633745 3.54668027939754 0.741222800010148
10.1503434035497 5.38539397272876 3.29635627298178 0.865599771952937 0.113199605784511 4.24227822376517 1.9976683168267 2.61230022198858 0.86149848796949 0.341405073978043 5.22702716873525 6.70810997090498 7.5941283346701 0.300170843720986
1.79820562480701 20.1112596196305 5.50360266515268 6.74040404945257 0.15767240921895 3.43763556370156 6.77219206544021 8.18109858908441 17.0949683845267 0.058998827269286 9.83617127087317 10.1072595639425 60.3424079573643 4.03087875055964
1.30089318235578 16.0090116950564 4.22314437366909 7.89501309620906 0.10104358427792 3.97831823355632 9.30587334361793 9.73890566900491 14.9885456203033 0.0620473401548199 8.57342341858533 6.88912762977114 68.6176975634195 3.34050682091495
2.11176307300346 16.2265222442572 3.96099363065034 8.32675548122105 0.105284918911694 1.9821021349759 9.07701617926269 6.24794734043108 10.1752950905874 0.0924642751092038 6.65447032229587 6.39842496164229 17.7846699836848 7.12757726821127
0.905992431546583 10.2077309105014 2.83593323839395 5.11354803480196 0.161897846880366 4.62125898418117 8.29735920159687 7.37782091097074 30.727679139897 0.0479244304449185 8.47400509925956 6.30721393794054 26.8763174771881 4.39471515072119
3.46306500241987 47.6816420347435 8.957703304253 22.449685644954 0.165504824481153 11.2820669362974 25.8518888475961 14.7994862855917 28.2950434153495 0.0485362107363084 11.1294134323616 13.0778232726611 59.6785135484123 8.15498249375693
2.5457984492268 41.6485025636965 8.58278120422745 21.1688621987209 0.101373872084605 7.58814527518411 20.2160667841063 29.2145441845769 26.4965868970062 0.0627623996329032 11.9523657809342 12.7684967558219 40.4263224020537 11.8685689590912
1.92579050283024 34.4705971223274 6.11921300630643 15.8188949497603 0.146141448903942 7.76357300257001 16.1351061007242 17.5511837558053 24.6977778407161 0.0376588467351538 10.8614688283481 14.1214156047627 30.643129226318 21.8790195315884
8.72288586268697 109.626038090964 27.6630021004473 48.1802305898993 0.123901738507923 25.7664081157696 65.7673697907881 55.8663219298242 91.33085098793 0.0642105955872987 35.8911442194018 44.2433502026021 98.5758858543343 11.6482707834978
1.6006494603102 17.6065731322641 4.33157964642863 8.67081707104489 0.13739008537171 3.19341239658706 5.76440211800009 5.85477838323752 9.14244148390324 0.0919837148555204 8.75705941182105 9.2071291696441 39.9322541527825 8.05384077629794
3.8072818467242 36.0572576078145 8.08891533996499 9.73635452916153 0.0807740822649391 4.81895404038486 15.4932634687887 15.6545853759964 24.6724470330358 0.0448609505430063 8.72921423424982 12.3343739418073 38.5145353997262 7.72639204728107
2.94744204699522 21.1311992925665 8.78554408957763 9.11707085648813 0.0973991679220856 5.5145495311937 12.0550302946931 10.0695529633358 20.0200847936005 0.0883036971183006 11.2599958937663 16.1128994270407 35.5423195359532 7.64278628378079
1.18642788392999 28.3828642877254 8.96951448028417 14.2861500524819 0.152389690242767 4.85526988837027 9.73333691027827 11.489247232852 16.391681362812 0.0374448008501451 6.80532360335824 13.6823679962603 36.1262533350735 7.16719256524802
4.11137069699007 32.8704691725876 11.1557249840817 13.229425603338 0.179062258742861 16.305362961032 16.1215488362708 18.492068338515 28.1026535873639 0.121684858188701 11.673333660754 15.978329042281 45.0348368893399 9.31684449155746
2.39566830863616 26.1567424024501 7.24930477828998 10.8038196438798 0.113493556603704 6.49916150404379 18.5958775143684 20.8818895975392 36.6143005905858 0.100870039065528 10.771919306799 10.5041271353143 57.9482731958292 9.26038807059932
1.41453841353168 29.923233503995 5.77988680205658 14.5187927907515 0.102673895658188 6.36971320980821 14.3416633236325 17.1661785173303 21.3382350927771 0.0416363234110522 10.083847533121 11.9196233094394 68.6492783625338 5.34821079296731
3.9671824740861 55.1240164497676 11.4894544542867 30.5218527955637 0.109453501476194 12.9525543848898 20.3017424548959 25.4823112052936 48.1399003081953 0.0696349653265216 19.7043977749383 23.4399120516896 55.5598056242444 5.30619207819709
6.06427422225866 6.2494625606604 5.38303401652236 6.2204201615454 0.0531734681733794 41.8284423179582 5.21869342097465 6.53606110749498 7.42783917820049 0.0736576516733088 4.52396197668948 6.03313086442881 6.99623310518024 41.6859056760376
19.8878810354028 19.2631531608908 9.70339918347551 7.30620638492076 0.12424623533356 2.20819347188107 3.2461592896673 10.1270409156013 10.2080827434108 0.109368704126114 8.96661675238266 11.6195798248931 20.8779661022149 58.3880589393432
13.552597264659 11.5322440686371 8.30493576192693 6.5693162915886 0.0725739887131838 5.42682528362146 5.09251988866998 6.46815905899749 11.3799653122119 0.044228889047348 10.3573996601215 10.3772791631227 16.5263750211299 14.5012072405932
11.5894009557391 18.957699630836 5.9808587566217 7.03582852660095 0.0619171544128656 5.77086825719604 6.66863350538874 11.3931695764989 7.97476740400894 0.0964720193074978 11.1469588807059 10.7636775957601 25.5452970139523 11.0935150523303
7.9486757091987 8.8397773928923 5.82278582781269 5.81783968335284 0.0875658117247537 6.05707567716167 8.95244269875026 14.8775360196431 12.7014805911096 0.0896397804116266 6.7751384440472 6.77622132861724 6.68917474287334 18.181318170432
11.3178869823284 16.4995295771491 6.78570441277036 5.48227985572831 0.069355428780011 4.76330063355871 3.72605361506403 10.1723252333304 4.76055970645062 0.0693104212457312 6.77487716799106 6.09967420586857 14.1576029735876 19.5769531506429
4.87668865044398 4.65770000699675 3.21073773898402 6.84536161413411 0.0479437046907685 4.90946809271607 4.46705228294272 5.89179860345827 4.41476120787683 0.0490997142211426 4.8019134721107 5.61079798215444 5.90466383283935 37.7904789919462
6.01761781942419 5.49200475887905 3.50245132459122 5.25341841600188 0.157465656448117 5.9103459454771 7.85066786444341 12.5099982484312 12.8303918664906 0.214733493934113 4.67278174894839 5.13989835566219 5.70748412940616 6.74513010276183
18.5926933384219 17.8129306533298 10.2856642214602 11.406573644744 0.0445459727850611 7.2428011267567 10.5469612646262 16.64181797414 12.1637559121355 0.134016343645773 16.820963186651 19.8129452788308 25.2081178973756 3.87657730955706
7.416428228274 18.3209204032943 4.03222934281608 3.38750861936146 0.0289166414384929 5.83391207643462 5.95545577910227 8.81879083472306 5.90661557338538 0.0761010658754595 3.77080010601133 6.41234227932305 8.29348333370288 21.289284863268
17.2744351740839 14.3636279790102 9.55211580895773 10.9005159366713 0.0856495959925155 5.97244318115097 11.8666441797231 16.024427809132 13.0451471812095 0.126716252218654 13.9069831437815 12.2047182348218 15.0595355558639 9.40892012249587
7.51863111072626 5.26249224039972 4.50713881395282 3.82189971939805 0.0507807157504096 12.9670915294111 8.01825224297924 9.76249060472221 6.21029175925179 0.129938721633764 5.36026916886676 6.79320477112819 6.5485579509919 6.46971670371832
14.0529676456169 15.6012545054803 8.30615408956754 8.69904129021124 0.0709117468032494 4.23356314968834 7.35975554897544 11.7770715090069 9.28156077237353 0.227419925645211 55.8150644054304 12.2460711490204 19.5125477541195 14.010657814271
16.086244992887 11.4988201352422 11.044263411252 7.5345864666353 0.0483357385786809 3.18721939057185 6.0965585845522 10.21919203888 7.82239140465922 0.118139335699027 11.2790886330191 10.6325504458842 12.1045173424751 6.7812667054411
14.0325284675534 10.339585496728 9.59767421052338 5.68561763264142 0.0566499087469615 2.66104128390926 3.76815302163751 9.52928622858333 9.07721766272065 0.14053894061469 10.5908798843047 12.045598125059 11.6589205205184 36.0302627350923
14.632115955882 12.7400664928042 9.49045695729678 6.44006523166225 0.0446216277290867 5.88342241173951 7.54089172562102 18.338262360141 12.4796279483948 0.0492880410088266 17.6848288372641 15.9456980451245 23.3117521304648 19.5790682422829
6.79555161625066 2.76684965493674 4.91662991371536 3.34863085008864 0.0583747774631244 9.59195873042625 5.02036379849867 5.17771260812064 3.02034219173138 0.146879006689848 5.4313512085535 8.08343522111208 4.95334713231149 31.9868153455272
11.6648819445717 9.96729635306788 8.35246545536969 5.76428574785556 0.0793154594083887 3.4198008644218 8.07561441200985 17.023325111088 15.0964505003645 0.0570789938619362 10.3810637472062 10.8369737571226 17.865950148391 32.7715567947213
13.6915983238783 10.7190783857929 7.35324643112202 5.22092490586865 0.0432509304732685 2.3125472047121 6.74627904168044 8.8987206785988 6.54460823903901 0.0547772947986943 6.55998151857897 9.29269090750219 16.7232506808337 42.5592171080845
8.15643424906565 8.38252716536525 4.81574544091039 6.512843590639 0.0722637149441637 2.91923556778993 4.30005547759993 9.41227233932866 9.08074510126735 0.0777367980448668 6.20518189918264 7.70578183932103 9.52837599205596 28.2957766876073
11.6839853135558 16.4973761534812 8.72936771263975 13.3696640708414 0.154666379782399 10.4525821733866 38.7335300260805 2.87346258312267 9.41520065251933 0.0570162954363876 20.3751437778199 2.01331392513796 30.6839774849655 0.927182578073149
20.3864414176276 37.288721984388 11.7898202338047 25.6141513451081 0.0609348479153992 3.5802081473525 25.5779121197412 3.15634607791677 15.5879411165187 0.022071836538131 22.752700522569 2.58277075695378 30.0886431541181 1.19599168808582
33.4063900299485 55.4364527038484 18.9159096397028 37.6615208457304 0.0591510405939626 17.1352234419712 12.8074706548234 2.96628174138653 15.0701301157509 0.020590406666391 36.2328322222728 3.36272328959511 55.5794111549893 1.7522279800923
7.62358937216261 9.32457868083623 5.33107046229826 8.14352026923914 0.0569505951217369 8.18016598000407 11.8966782801869 4.53226956750308 14.1788205427174 0.0223647988084014 12.0090190818054 1.37445378548365 19.0838297090589 0.819209779554892
8.67636963244572 17.1432735410755 4.57992831333027 8.28608702423222 0.038153284517148 4.49813654809473 4.73811525552774 2.54648897063978 15.5466837039387 0.0240485898957555 6.24133851056416 1.14030968350869 10.9338918547545 0.269451134049713
13.5982711118623 15.3731041148232 7.70267183773736 12.010257243275 0.0423085147874759 4.89256753386765 12.7132932051668 2.98805020189598 8.35640132759865 0.00954285181657464 15.6000243855417 1.97753366874163 24.3640229818336 2.05071182084935
2.67138482134406 3.90320057695978 2.59686565013203 3.60198409262638 0.0682768845696868 2.55671009960664 8.34173891544534 1.77606818673075 2.30701558494699 0.0104484247574045 3.90880879284019 0.46209423776501 4.65215482308015 0.444503103899735
3.61230504413683 3.85541453333979 3.15813812512555 3.70145840512887 0.113430638753914 3.04089921918543 3.33426999909235 3.32340808953845 4.65475015802265 0.0197956456306469 5.13711162906446 0.782787677702591 6.57259531515334 0.237392471911781
3.47308811649501 4.99658812322099 2.20544193910948 4.45455861086234 0.0662171412423464 3.24052271812323 7.95317842436683 1.81273585565352 3.84458312276155 0.0161284326575951 3.73608411967106 0.909077160747145 7.59466234446794 0.610573456226157
22.8197049197076 31.5652799509916 17.4271114501748 26.6354812936491 0.0636588567171327 10.5524168706417 15.435257284918 11.6255654855167 19.1343670135005 0.0167927904232286 28.2267648609251 4.10304201740356 44.9655067270914 1.47863437792658
13.0881268701623 16.8685605214909 11.7480196574527 15.953786713037 0.0886152777564791 10.5350234472824 7.79851234863289 4.05959994500164 6.97731702323877 0.0137005030346439 12.9464847040849 1.98429793730974 15.4060567776489 0.591198321066449
4.69173085979678 4.05368981016561 1.26534971525931 3.0634616026791 0.200764077822024 1.11630443768884 3.21863557394069 2.64875972852318 11.0572977756908 0.112405450940366 1.2339534406182 0.395512364625606 2.23729289053783 0.501872649047621
7.52669304513845 6.42273049339031 1.13530064833961 1.77716282074545 0.0768938345015126 0.910898643611291 18.9435884720707 5.07696637939458 8.63536399489102 0.249894730466822 1.41920343036049 0.403019282918569 8.68855347713935 1.34283987608129
4.66942969185488 8.57587966141627 0.739890948296549 1.14151486285076 0.0322306983545115 0.656339863792373 1.89279904488659 1.95436577665306 6.87907598988434 0.202114880005979 1.0559134247876 0.370687607263923 3.43438987811472 1.20494469452669
2.53682428312766 13.3489931237722 0.417538969019506 1.51423333903001 0.0518747097944714 2.38057524048284 1.73192178720197 0.834355903834515 8.1949481868579 0.135296718178917 1.48427520307669 0.26431347425551 2.75288897693597 0.586324330856256
4.48434811095287 7.31714611358075 0.849951441547682 2.98487016830516 0.0735837323590825 6.52113925985121 101.99444541567 4.20171729606366 11.6114607294768 0.158907852857689 2.6324040291637 0.722852291813492 5.64210112106168 1.30276149187389
2.29949629465933 8.78301762081665 0.531100111799079 1.00587750634035 0.111482779777664 0.715536077962881 1.21603516313126 2.68650221590216 7.26867448557294 0.230542659196833 0.790797174619876 0.218305990190125 2.75476924741213 0.868905764824096
5.47007353231161 3.81490790856089 0.999649635259996 3.61805058754035 0.0597222382550887 2.31444789032363 482.881399400975 2.85918439059416 4.09724747868995 0.365093927266452 1.41746944479725 0.761615238026835 3.88816354822331 0.839149007010437
2.28463738811875 2.88582592307913 0.597059504527973 1.57489012177177 0.118350446181332 0.556636791175425 558.25743206555 2.04975274319703 3.86196651412668 0.35573992114812 1.59136057276681 0.303179804116281 2.78743116594953 0.574696018419479
22.4444489417153 13.5021106265611 82.733893466044 26.4921076887559 13.0434257026288 8.57236931747885 10.2630597995757 2.30436938324413 10.0639788932733 0.172425367000212 1.30571800175322 2.06109302925257 4.22588443010389 1.0718738470767
34.5045203720372 50.5721100640794 285.506198220713 120.499363373556 74.7918843738385 35.0383088884525 174.823467368759 3.5135529441593 51.657585132385 0.329619269088127 3.21745785201093 8.38833463580893 4.0240837034952 4.26936499151981
4.71573171915322 2.12337898781549 0.620299285112644 1.54979065341555 0.0976482833791405 3.12239193637834 2.61329924641958 2.95858625768954 6.86137217385466 0.328812928845727 2.06942962473729 0.268906814237178 6.80000477828616 0.462413817562107
3.11010155895481 3.70773229253176 0.696744658474441 0.780491822322271 0.0664719529997973 1.20849858545729 60.7972892091744 1.77764423213943 6.35881644989202 0.12603352057229 0.753741501370309 0.447885878872149 3.38507178872795 0.890034360524335
4.34353134008456 3.94042300010308 0.600909697559935 0.850862647277467 0.074499113790959 0.818291343878545 1.82275321467151 1.16838715642534 6.38300802587203 0.260381088044604 0.791620676793305 0.647899483263199 3.18311066660563 0.80164832379782
2.69507717673143 2.07917336609832 0.849706069403437 0.88633821061976 0.0327504960427618 1.48502756006564 2.48177360671955 2.53427782684328 3.52644463069134 0.280442696288147 1.28472890397047 0.451732618072148 7.18964542408107 0.661993673977983
5.93548803842 11.7896645251318 1.27230448657755 3.51410496012693 0.111980321659838 2.25251817395024 179.720361590176 1.64833751039328 11.2352883115682 0.15766529870819 53.8787936305352 0.881860411489119 1216.83776292442 1.04110579075462
4.06582820434382 2.68907034017792 1.04203193477128 1.52156339894432 0.0661951606568735 1.24422613028404 1.90810387503883 2.43795238743167 8.15877639286069 0.604009088766963 19.0710782866724 0.756738632441938 12.8728458359215 1.96320850255923
1.12573500546594 3.23044247490897 0.315893488173931 2.09231195183638 0.128968757255315 0.571319217883322 1.98714670855645 1.04435907362703 2.04581802223348 0.243398085074989 2.79277982694554 0.315969585753883 70.7637969225703 0.57931288057364
3.69932484281647 4.14793976423578 1.01573095022402 1.37043574051291 0.0603617311874875 0.856940516634714 3.70211236658303 2.21159178680052 6.11210609973986 0.308879169313605 0.814532850218934 0.429803287269595 2.95834349423472 0.742179311073415
5.31481383516523 2.44968306322317 0.515482963073406 1.16751055057157 0.0810802936919846 0.875459929528847 3.28348540767733 2.17548996938928 6.59772790155415 0.208903891831121 1.72710363033225 0.48003193299374 2.33036783710945 0.375754958824231
4.00164040982019 1.8717420531491 0.945048458678111 0.663192466856678 0.10597036408754 1.2389099797465 1.71938139440647 1.868652825864 4.61717733970612 0.236768758734878 2.8563755785782 0.498876805115024 5.26974111660977 0.563099963175152
3.90248407591809 3.53223622316753 0.810014841112206 2.00695165585301 0.0492886468125366 0.924788372008231 3.26183282252048 2.72234527221025 4.51664138533273 0.144606425421494 2.25962378760723 0.389591471431484 7.77881107017503 1.79292587847986
15.3898495202454 8.87363975264027 19.740182802752 6.84278475849375 2.17970523307354 2.27689030855082 4.84573177138258 1.88376606980079 10.0224932045993 0.175322134180262 1.61699619274302 0.935905694782155 5.44168663324625 0.971150828041503
14.9667442827309 7.4752592698846 1.62978764235983 13.5647262209119 0.0881300265974553 1.54993946950616 4.29814912518204 3.9386487698387 8.63753546926342 0.227881855621804 10.3255553995908 0.701944755487429 25.1927557930544 3.30086434781742
124.708006624489 252.508665020166 1120.19221145606 356.799851957787 451.432214501706 149.317896595488 215.187070993571 31.1002022324536 262.988709196814 0.69643903261663 38.9315983513464 107.168308650869 8.1559705557865 47.9047239651406
3.7983331008359 5.32628055317156 0.844021945653813 2.18772603514333 0.0815784607197591 1.31699344617034 3.0997071269029 3.04832665639931 6.34844441197692 0.261128423327997 1.148022253153 0.514879524999118 3.5475169447149 0.89012639119323
4.53186905841929 7.73158262211411 0.893052509684771 1.16059871872486 0.0400513861781502 1.36983989814589 3.38886875909992 3.28114732985766 4.26718478628981 0.191573970317767 1.49154482312407 0.638946165422643 5.39526970784599 3.77071007373731
5.24741292713203 3.36773807125132 6.28669722294028 3.49145844813978 0.0669976418204106 0.58519355803136 3.02590102096326 4.79551254521922 10.2892734582728 0.13452244424166 4.57732462453166 2.14557306259696 6.15023892006189 8.8389639489656
6.10751989055314 5.25722935571134 6.38134443747164 4.07870822567309 0.0448658151805394 0.324928924437773 2.25444574840077 4.48712182704648 8.50456368269656 0.138591853046945 4.66102273636019 1.93319147764042 9.01371220188853 4.4917534828194
8.27573667137965 9.43835568744825 6.3485776577865 6.56213955947771 0.0721270650442442 0.447213117974905 5.15015859482491 6.57981215648992 14.4735276894758 0.166977907518135 8.43699244342175 3.09152937697195 11.7716211130577 7.17080094159629
2.51137613740732 1.9806921338502 3.00059620071758 2.14455598807285 0.0603142526070327 0.491215710368274 2.23787881635505 30.3356883002086 5.8346619164909 0.182573358037796 3.75755284905096 3.01814552763723 4.31337000886638 9.43150808553285
11.5465251027803 7.36632575692456 7.8475066856444 4.82637231108611 0.0429233292870325 0.927522333670217 3.52038077511395 4.69479484111029 9.53372576535991 0.0849517570654472 6.29140554330273 3.36884891541094 12.0525764739729 10.8809966198304
6.1819140984105 3.27516932759132 4.18840680132677 2.93362808576692 0.0427039023010608 0.276862239926542 1.59917226331585 2.80799352464863 6.75486837348275 0.401471172596875 3.0775960999874 2.28238442113861 5.41575599743142 1.10915717555111
9.93963977855323 8.39039504285897 8.33923931550767 6.20723713012941 0.050836152097196 0.398859755957482 3.3393683332256 4.98291773398197 9.7242570205038 0.151031331396732 5.02173967161601 3.54859112394814 9.77207907153456 23.1756309882836
11.9499989703506 6.51813355330992 10.3065341582773 7.53838589026684 0.0763690502899011 0.630217887940591 3.28622472033495 6.59992794914519 18.9298824920845 0.119262983777283 8.94506885064391 4.87056996100536 11.139005983874 21.1848863488899
7.4479346540882 5.50175906723689 4.78115018692497 4.89269758490479 0.0782321773469394 0.758939408431051 3.54432601338847 4.96248123063904 8.12810389278159 0.108560526719635 6.50730111004664 10.2387479057744 9.52393767518713 22.8534027115869
8.71777441868048 6.83182649133684 7.26270065513632 12.7782993220225 0.0497895519963393 0.94506507639359 3.14349740706159 3.92644716129173 9.34220327892596 0.15038644216903 6.53144700071983 2.12518360293933 11.1541622734517 5.54455458553379
8.59461364874673 8.44161944341405 7.67863577205774 7.2140974616371 0.114172474250468 0.364315612702804 2.8835140920969 4.39682928670021 10.2900553133965 0.169900640122968 7.97975385251917 3.27165158426241 9.45520304283185 3.26337665591418
28.3268108298996 38.2494650212415 26.576235652363 25.3879661346529 0.0807910651447559 1.9599224570799 15.0997100446519 25.180440596539 40.8281135322452 0.14667887600638 22.0546980660897 10.1037811844113 34.4033038304434 25.616295851338
9.14920584692184 4.28189140521934 4.28770120857131 3.00243247070456 0.11494283305856 0.264140603295642 2.05584909958456 4.63094584938377 9.50260264002598 0.124468431019611 4.91581785234053 2.18729401143696 8.43050617893459 9.14454234158654
7.61037551287482 9.02571154122855 9.37078002706722 7.92440156931868 0.0480544774940589 0.375904763032905 3.66255460885135 3.63027396292598 8.86885176877116 0.197013452933808 7.82175273653833 3.8211387696797 11.3964922263239 4.52185949688284
7.71758604202479 7.40864789249282 10.1520060905405 8.19488406143271 0.0319273853552739 1.15683854429399 4.86759341089298 8.40768645529462 18.2296876776727 0.163051862035753 8.50052580700519 6.63685441563273 14.2104897206387 18.6846313631185
10.6753958982268 1.93319924888214 6.73170721710979 1.55071366979996 0.140939811265704 0.481835196536526 1.04743326155378 0.180328556146151 0.667914403398503 0.070633803578277 0.277654847157449 2.53011612263327 4.27988631643601 0.843822699284891
30.4969266048751 5.77004383445844 21.1479976974716 4.69206676854672 0.0752690631536284 0.571471520449313 3.68626423136094 0.243109027699543 2.48345372449031 0.133972533872022 0.584637203793926 4.96224172497757 12.2359096188456 4.9721473252038
23.4829030166084 3.48540591695546 14.6043067642638 4.2739936049265 0.0423430357329911 1.02179421569053 3.05764321198496 0.299484226413088 1.25801706193495 0.138442686360582 0.995524258661217 4.7481956333767 17.3147285084809 3.95373581913987
14.6799743122918 3.73686104855981 28.5252426822621 1.6333470273516 0.107425259443404 0.898864789223818 2.5857805397221 0.424063422735413 0.870044474257001 0.162950099951422 0.415887355378385 2.59545947994728 11.4595371548284 1.48490340758548
13.5164640169504 5.99256160357023 20.2795344748259 2.47779070993189 0.108512266496932 0.401404068866921 1.38690975604145 0.192099740170328 0.662850291105033 0.087353463017187 0.823134344315608 3.73067063732962 14.8887301547738 1.50894227434255
6.30566997716343 2.58570781207553 6.32489868675246 2.14190884353473 0.11766799947918 0.237064507759622 1.77865383886319 0.261615644947618 0.519060989523649 0.0798598571671149 0.395362981660934 2.16993800031169 4.67564109957519 1.12810469838912
15.2828569885518 2.349074417745 11.5121253853088 3.89794407824703 0.0665563281266711 0.454475096652984 2.86969005886265 0.25149240291154 0.575504404451346 0.0545692024239025 0.448169116071206 2.96922124045386 8.52455844780784 1.63738346634602
14.2286454785605 5.23099128584297 19.4426413440693 4.13438497029568 0.0794045572497273 1.58504948164939 2.78260556027704 0.560216597171309 0.760102488149431 0.0403229213766574 1.64266386237798 4.41385930053901 16.2237771127161 1.48761534842244
23.7093772052736 6.5624192975373 13.9899890128619 4.8763197590063 0.0626996724883883 0.986208193939997 1.53456668258346 0.580450143530134 0.46993189335106 0.0334198023144576 1.18806064947031 3.0869629174279 6.35102744260556 1.241096354681
10.2091863985557 6.84171244177778 10.3442341738954 9.81689819742317 0.0430958920600644 0.401085362707648 1.29908545251837 0.451750489062489 1.1667247700958 0.0790423953842775 0.621141863547314 3.27907247796668 12.5403768354149 3.10161138402086
6.54322138268659 2.94516566927592 6.43632855694086 2.47231399223107 0.351259609612975 1.11882544473567 2.78809063367609 0.577461311519826 1.08054563032691 0.0877967901282469 0.565990658718871 2.29351410949919 3.01125547023786 1.37037435069123
6.81431964085701 3.47747690816303 21.8340019124206 1.08980863111441 0.0834152897328659 0.35347571233229 1.05544273118791 0.301762849738095 1.97445033806697 0.0908410928728743 0.48357800151073 3.45557374764549 5.89604234302271 2.14594805717563
22.0268883511224 13.1870302852659 8.41500704529245 2.57127053672282 0.0838885332895822 0.919066956091927 2.44063045760945 11.4826266944714 2.39733440376571 0.149075496058068 24.3405117110014 8.496833463891 15.9419735900904 1.24178825998947
16.3515585955005 10.1761041408528 14.9053717429084 3.37092582275173 0.0537439542077302 1.43381075607165 2.22073773240464 5.18087850585674 2.55635233342051 0.118343340030054 14.5560407947094 10.4254067809174 15.9345616517071 2.08831264711326
10.6525656351018 7.00384750258578 13.542220886661 2.68437663664869 0.0955996688289994 1.68515779824317 2.05942762689876 4.72827756733465 1.72155135392025 0.117020112238897 12.7254436782407 4.96991900878364 8.6999605750287 0.754902658777242
10.7826489899291 10.5574016162537 7.09741515050288 2.17011902833205 0.0581421036513044 1.81857121294928 2.17205465961482 5.59334195887407 2.01936127339081 0.0418636159629768 19.324873773661 8.64337139354673 14.5373661368837 1.41623084505702
12.6139931029176 7.40080190143606 8.79180972245963 2.89206362807339 0.0562888776854647 1.9351280659362 3.45927140121159 10.3615915227608 1.9717909484406 0.0937000450863713 11.2736359873788 7.55349543082585 10.0231288957992 1.59300581411816
5.81291239024 2.06943942947138 2.04945260285059 0.63498101227244 0.0985358936994936 1.59716456177081 1.86019514729607 6.15731956108368 2.53229119423247 0.108765131463559 13.5323290576036 3.58375650510798 5.64761363063676 0.649059651474123
10.1577675761552 6.16522415955265 3.76074210843038 124.969252819066 0.068032987931139 2.06330123402904 2.82541956677047 8.46882037047039 2.45063841820725 0.0595877150382036 9.2372222649863 4.40163498065174 7.29525394451082 1.09370492105384
17.199159602953 6.69276279695932 10.3332489224534 2.31059296603209 0.134245167364706 2.87857157046441 2.45727225844744 7.35186501485663 2.66757938355819 0.0726223178550416 23.6957064129695 7.87085923610648 9.9053803942982 1.37334714428314
9.89295042036758 8.26539195932015 5.50625482077879 1.40296036630278 0.112169512459545 1.02622572435366 2.19151193038093 14.6434001829983 6.33592990279873 0.104957128184203 11.1078377550389 3.71128609774971 7.80254145589167 0.781086812525504
8.44552469091568 4.02441940819454 6.02351022679655 1.59358185805848 0.110377228323626 2.45782413681065 2.67176810023431 2.82786322675309 1.08576695147834 0.128452939445186 13.9307600458661 5.69952865435745 6.2365238635917 1.07866634404877
8.36046571623356 5.62593307330671 7.39775901132425 1.91993190220638 0.110215896891014 1.60991392213996 2.84536548665394 11.6443538971423 2.7288643260615 0.131680232817872 15.5366887979405 9.78650148724598 7.38969094610771 1.18371604680185
17.6499788877753 8.28620350683487 17.1797101050856 2.46973493275347 0.0781920390661022 5.1685110204844 2.85715970338083 11.2605484815564 3.32456876493271 0.10440025084641 13.6145761021629 12.6249448781301 16.691260214067 1.62685843922758
20.7446955676206 9.39684238134125 10.5513060353807 2.94725440061984 0.16748133096189 1.0622482491706 2.66145317678407 6.97816677332064 3.39132386439247 0.0753728872638621 20.7613935480745 8.62744021698828 13.7293456590327 1.05365042708729
13.8913669355781 8.57079374508141 7.36074990422015 1.69445378964693 0.0950105775989096 1.18118329735116 2.42842762616113 7.673616581993 1.85485674159784 0.0818240952745999 23.632782570898 5.48015485463037 11.051664300985 0.933782987951885
21.9290131423702 7.7701515908752 8.63481039599442 2.28065849618572 0.0420059844153317 1.63235995396957 3.42530325847531 16.0424627543214 3.82932213406222 0.0930948630597957 18.7662533693482 8.02047983614184 9.93342360354299 1.11561171468042
9.86397295735122 8.53690921152519 9.62965807667535 2.30958435517891 0.105884322632792 1.15992529576406 2.06869113427839 8.89246107081157 3.15287160014753 0.12643563487128 17.5496538513808 8.60600756163137 12.9024461348054 1.21476419972851
10.5717422183421 5.27504137347174 21.2813432678937 5.77752912220158 0.0626952684010901 1.89783061342906 3.83568357116798 8.47126011333758 2.15756823786187 0.164505328389003 13.5377434103649 7.91323436020437 8.25230013503662 1.0923052017816
17.498897311017 8.30501636403908 10.9386592807251 2.96016327431234 0.115042516859709 1.38324930261663 1.88969604184846 5.68915377472609 2.66410179746466 0.0423343631959854 22.2902278887452 10.884261172499 20.1726966882993 1.79417623533479
9.57710907959602 6.82930266071497 7.66828082152121 1.58897884666708 0.0505108419792274 1.76346709866988 3.83562140451471 6.86777347858311 2.59738106097514 0.102980638351717 11.8177336261321 5.37202934508742 13.7401900884341 0.712680692915249
16.4220057122376 18.3427014197944 10.8846597018313 12.4529643413494 0.0797072456894476 7.6926976311206 9.62539812901257 8.08714764585515 13.1198659926591 0.0158058288417984 65.1435644837947 1.13189767448826 18.6863734247215 16.1266848130894
11.0036455259196 9.46727399336971 7.63896160718883 10.3160409067199 0.119191677974268 21.3315705091735 6.05909746615395 8.4748987953212 10.115349163535 0.0379235645127591 42.103947560466 1.60820173323613 14.4451659275642 17.0160491436765
11.2556535406296 11.9854223751095 8.69183555822112 10.2708674637358 0.0746569654553926 6.26444030607727 7.46616433875373 6.94426063807805 13.4287227589128 0.0670804056155048 51.1240922899754 1.03867712036226 13.008233666043 13.6766348165804
12.7183110057951 11.5482893444505 9.74954243991093 9.43306574015823 0.0482889172776984 5.10301638716776 7.31194240613848 5.33089060670281 8.2966143762579 0.0803608488236629 28.9749968888906 1167.60693838203 5.41010181501878 20.1569522897275
19.4079908380129 14.1889895474618 14.9910279884182 12.6593789627612 0.12576998711612 7.39979416984283 10.3143748143247 8.70729488668535 12.9472164155762 0.0147088394880699 33.7052420494101 1.31486002337336 17.982560225992 8.75876777558148
9.18987378672154 8.80119195083919 5.98531581448082 6.86233575020498 0.0864143136002088 5.04055753847229 30.984619973067 5.71175399085375 14.1452834098701 0.19809000833108 23.6285466216476 10274.951311285 9.77654463627424 16.5807678051524
12.3379038640025 13.3457759884514 9.1597649618474 11.3243243573063 0.0761693497146121 2.60910630721435 18.3220751148717 5.11815374021579 10.9194143547704 0.22422893133485 12.9863052980071 35216.3160947573 10.4977425792964 14.7110548050251
31.7287510273315 22.7456957775072 18.0998531629447 15.6582698196884 0.105793655209918 4.38001862815108 7.69390919188475 5.292389357654 10.9710574410716 0.104506598455444 38.9247819772698 5286.3743561929 31.0077436400445 28.4655028034807
12.3430909158162 9.20307891814502 8.09592651162721 10.3721082733673 0.0722545414806535 3.73384902236033 8.79499266886643 6.09818287020314 16.9508287166045 0.213281742440913 21.0054879933885 27283.8801163505 12.1630362259624 15.2803577073943
7.72210111486596 2.90272962475371 5.84895674060086 3.08417169787004 0.0995425417618056 1.91670707492779 7.20783010486393 2.60187523871896 7.85985384088745 0.224250182575013 19.8662013329963 28591.3713390947 8.2575667467177 12.8015767858858
20.0883585622402 12.5822121706829 10.7808913587521 10.7007908259708 0.112173989304611 3.01894658212032 4.23925249429637 2.6894271531842 5.73562839213835 0.335597035147638 19.3871243569503 1004.08050755117 16.6344139240303 14.1948762092811
4.96741332923875 7.92839072430204 4.32342319334246 7.02083530276999 0.0824776551008875 2.64966261158422 4.65206574991841 3.55860040343401 8.37250689138684 0.275944155714653 40.6887602092314 4300.57402505033 6.24823876640268 20.0447209680921
12.9751725785257 11.5417821387784 8.62002658469335 10.7366023388824 0.0575420975711677 4.92399267414342 7.54700438486951 7.78582329103932 10.0861930415423 0.157931906742766 16.3922672019775 446.46774355636 10.8182559513104 10.7541498047922
8.88198264699913 5.71540928548758 4.80043671236107 6.10689942267212 0.047421375999076 3.13971005759918 11.2139940538484 2.19296627328486 6.42987308276809 0.226556806968848 11.8589521004697 3021.6868472409 8.87171222496851 13.2464035199485
9.85364499880117 7.46321849591843 7.25199712111036 7.36465716335068 0.0836454407197288 6.08783727000607 6.9160675556873 6.14255743636089 7.81713690904046 0.00851995376110762 52.1716432620478 1.19568209211227 10.74253981195 5.91616336385944
10.512889371922 8.30113860072817 9.70897801327444 8.8474889325306 0.0533578268734165 6.91415678300951 13.4251261412027 12.185645109216 9.67387909649431 0.0181008276225804 58.1454451049311 1.59938430523001 11.7325319614673 12.469231797564
