257.902392911586 473.976157634842 248.545067406607 125.05798012644 0.164343355701585 326.234517531319 349.937223256714 205.481789671509 544.36502366458 0.265332895197354 704.320415146309 154.299875280256 492.658513476656 274.755486299658
73.7379369136073 174.113596693728 71.4065997892646 34.4416430887673 0.0364156725824374 121.458582061294 179.713401057933 107.41065695223 170.218282125689 0.5135242306417 211.574025286858 65.946662209819 203.494898760383 130.069961163819
68.22916809257 167.412618434678 75.0499363429657 25.8932714385611 0.0370058831766756 85.6034034347907 94.8485675999778 64.347349719039 146.371016676762 0.207876813330767 136.716629863848 64.7018270312831 251.023386711304 108.911918826094
224.484568116026 578.453469495553 235.841694316771 91.515662479567 0.0866369304005793 338.797028488596 388.841017742624 297.250624462771 485.961356842436 0.591459490775981 561.568785670818 157.208796871114 565.541641226157 153.201807032818
71.1575048194489 152.805387047516 57.5871598737589 14.1118742547523 0.10736318870078 58.8507910499796 66.3913615623699 57.2224031513904 106.503810639036 0.405289967700349 196.133115882658 44.4555568021602 179.046405521871 243.37959646818
112.680147406964 298.606775931652 396.893296915666 32.8530904066557 0.0422680325423979 120.543129015332 189.400913787973 121.467434304675 197.76787797855 0.500837948810613 228.669106080409 109.281054539648 312.767626526161 60.3117790060302
204.165247844078 356.60049248514 261.146889241749 46.6831592964936 0.063206285751936 197.818769569199 232.081155697676 179.874010411789 291.7727934433 0.459569693518375 306.192977430186 122.917745643518 393.699098496024 183.563071108964
181.724344592809 483.545895769138 238.367466317512 370.03909510666 6.21142724793421 342.96480820948 355.226456926784 284.043341189174 536.091176603471 0.529142615325093 426.124778455421 129.25577919701 395.96076875777 163.929533417924
106.06360394836 243.247858752621 124.129331233873 17.3656423299002 0.688308626332723 154.208667431276 177.661796035287 139.976125456152 216.60438619803 0.961433006366996 151.618039984702 64.5573383077299 133.75526158776 50.1443489473873
68.8283715169487 96.9827774514266 64.6818702747446 3.47045648562048 0.0742001870905835 71.2769831253238 76.7357014311822 61.8701330847109 122.335697659039 0.446920076375732 125.208317969385 36.9112719848384 284.777565412101 141.253672982556
53.0900555144718 68.759720279321 54.7012213084984 2.21139966771378 0.076860465537224 49.8245242991069 87.9427318850541 35.5518336188405 75.3986570712645 0.516455081854728 68.0516014009903 37.657156268249 264.080053472567 52.9922614457158
168.439664285431 237.33196557238 178.009677218944 10.5467671894101 0.0818045850048117 151.374064205509 169.374409617733 122.952285440525 244.693530367518 0.223851952720598 336.324753463767 119.662239005362 339.096581094986 93.9533943455074
39.6037939029492 112.909176897243 35.5216507978516 449.335843737126 0.0448402586745626 59.4231684142619 88.6723406405202 60.4004500646222 123.096319727211 0.160806460088772 120.413170520191 24.4019309931494 171.512880720498 392.446692995148
104.084448602686 181.231151492341 97.5104558107573 1664.98780125496 0.0694362514731967 78.8768113776573 104.150962142141 77.7717660708185 137.601186901055 0.27188275716172 294.713785005534 62.0055832045549 270.597571424044 88.0080017141817
33.8588893059934 149.57519801907 38.1869839447216 17.8001723337939 0.0741840178133668 66.4048490161292 75.3855375996405 42.0663644264547 71.4643068402777 0.455274530473649 177.250906974662 23.8371951995134 189.034566992025 164.061346351853
48.4766712956232 31.8104285315962 1037.55065133144 45.8783978217105 0.0696815618187594 36.111151557 31.3816868071827 27.304661797803 32.5343360417731 0.0193810093638431 1327.0544321073 57.639763898213 254.12739307527 163.953051816198
95.4247468803147 108.113680735761 296.833766334178 28.5801889579869 0.0368535617062484 6.17236958447674 13.0757378806879 25.1864091957777 12.1158498359894 0.0482868430037581 983.579730186604 40.8079628471813 290.801245143486 178.874097148868
49.4294093327789 90.7795624912618 1690.02037116214 44.7372656046462 0.063149337589758 12.9259681948073 24.0529529379108 29.1029792629299 16.640162146571 0.0587534971482736 1024.98607605784 21.8476278980034 410.182006946867 135.98975557372
22.3078544102737 132.481390598099 360.501608723693 72.6344537654672 0.0872503120894655 15.4899239635544 22.7143523785209 24.2172559041117 14.6088451487718 0.117138729077651 5244.55121332366 81.2470560304297 133.352522667074 381.915180291298
62.7875575278116 136.600595544028 220.076174963319 131.665688333231 0.0734978750327378 16.0565271569343 19.1685448854151 45.3891661999485 21.3523353394756 0.0770287097533502 420.017491862238 24.8981344587427 235.877163016237 269.726915748765
51.8936238642052 60.3346452215321 293.480305087894 38.7268573063655 0.0559058271480381 19.532507874277 28.0032536515409 42.502354623566 21.8404659628959 0.123480555754236 661.504376913169 26.4402037214312 132.298195914891 50.8307650448386
12.531750615617 19.5935932963268 147.319265886253 48.8398595960358 0.0575342491614191 18.1664330129039 19.8478841081186 26.6831176796753 41.4515281551146 0.114956444173727 879.252906957974 29.5923192159468 61.3552067527325 156.744950189476
49.5171422356287 45.3482657783393 96.6581719406407 57.4224123344965 0.0888659654021847 29.4893512817558 34.8781042045979 65.6846956624993 41.9061729288813 0.120620167731866 464.678050522996 27.3660684456117 330.902482279041 75.0059260340746
106.173474481786 103.221812551485 178.658505187838 63.1257924251018 0.0256983249370001 15.4690742196745 21.7101753047376 67.074338077114 24.4204848890152 0.0556718156161337 232.389362844078 35.6368079989622 131.012096892156 93.2010114031154
11.4039723863327 9.10547024806315 171.015289453553 6.14063526773348 0.0533377234137421 4.81887090224502 5.41721378466428 6.39938236330907 5.84343304041593 0.0595378743949832 284.181360819637 6.07872885016871 21.4490108195002 304.407621945052
85.4108394633853 86.3106337872138 180.881786420915 31.9795378517263 0.0242193632087473 10.045944845701 15.2014484775986 22.2663450533679 16.3797048089724 0.0862569740901638 250.093723308987 24.0321376299772 100.617820706577 290.993604925748
21.3890391884967 25.764097480732 83.5776222767849 17.6745298012805 0.0826244447832812 12.1067741880665 10.8205229608957 12.1067578217286 10.7277868563118 0.051385593227735 90.727026074761 10.0058755815978 25.3427945643056 49.258935509467
10.4989838669219 59.4469401078441 417.815753190094 36.6313622381376 0.0411141901329 16.7089206882477 7.30183706486429 8.03679562740374 9.56395172315513 0.044218697653891 1408.41893153673 38.0833480531164 58.4695479665412 339.083966434025
41.9686447327382 59.0200246668679 470.966219275788 15.6845628150522 0.0988394566831828 12.313024474524 19.8010886781688 21.0147205393609 16.0320956107791 0.0601766478569705 219.157284118376 28.4077475671 73.4297379656118 94.7982834662917
41.6960531524158 32.5521499456955 232.121387338451 41.4746971148958 0.0419880474238688 12.9296126478183 9.88712144707432 18.8839639475468 9.9850508949802 0.0700352050608702 653.039643378866 47.9613505222509 47.785068598982 150.409161464064
28.2308755686 44.2754551128281 866.22923946474 42.7932389105265 0.0207796716680559 21.668136920063 16.452610903772 31.3620671575905 28.4835853443894 0.0833031301536491 1271.20689952089 86.7682346695531 89.7670068944714 263.792491151632
223.428096444707 181.031768672136 480.857140638861 89.9288276941591 0.0425585031797369 15.9118715447565 23.656223488624 28.7434873664739 14.5433199528747 0.0711605015645132 673.299708100983 80.8374992946721 421.292041561231 186.491323266414
162.053153978687 147.746447466498 1320.10515685215 82.3887989012763 0.0235474989843032 17.4707357991032 16.5889176689152 23.1634878253451 17.949312740066 0.0191640741771636 2123.88889934365 182.051886340752 234.06376152607 173.640935758027
91.9178146862027 44.9005795860403 56.50237877411 78.4119904140876 0.112953392019219 41.8878724783918 75.5530898503197 28.6151289477561 24.9636926403715 0.0596733092852402 18.5628927914355 2.27938496206721 26.9525854014691 1.04320001131031
21.065086259868 37.7039483752475 9.42678079178598 25.2820712820516 0.0406723874859618 23.102859545617 29.2331417238281 24.6692203196395 24.9033228536704 0.0775076443452747 12.7938687711838 11.2145118140855 28.5992795157181 2.76988612009692
60.6103030690615 87.8895573627337 18.5964651146156 34.1841588006088 0.0774982297298759 14.3799777165692 24.7929440709582 18.8989171944156 18.6227229375102 0.0229788122095918 29.008823254629 14.0461160625741 67.105231940018 8.40359295510942
61.9322756792132 64.3302639053786 9.79068636861165 25.4375264424441 0.0824123141272818 6.95223493759411 10.023624485166 18.8172318242471 15.2231534931852 0.0733701726897162 49.3052304958661 11.1845981697153 113.890280021458 9.87149238927111
65.2114357000913 44.6694328800496 12.8767460757222 25.4296332741705 0.050157726753621 18.4723539643551 25.6588006401262 22.9903635375254 28.4865522126336 0.032248753552313 17.5031205375942 7.00204418126846 23.5428290315488 2.38067639496846
97.8218691797001 112.064816485533 21.3989300321189 56.1185549279503 0.0410559974594458 8.39066742720391 14.391725882979 19.5633946670416 19.2539112269501 0.0363600586865922 37.5608339203564 25.3062644333864 76.5605023691598 13.6217176166718
110.387724219838 272.886636637399 17.7930619163296 130.328699144684 0.0631002933356872 18.3527381899678 39.5622667923851 52.042064955719 41.7117728048981 0.0408445301068012 42.668056904641 28.3053140646021 103.97633843291 15.1546643347588
69.652638684768 105.556357581121 32.2179641317512 49.6243761132307 0.0418209436897413 19.3214459011605 19.9236066560751 18.6436523569073 26.6173104278223 0.0513644164905348 69.2624981636073 23.3451064924401 118.22496924568 18.1241898988797
110.480052729183 100.628375388368 17.5773605430075 40.8155993481854 0.0793124143690618 10.8560737109289 15.4577445511958 40.0015368809651 36.8161195715407 0.0214537311231078 89.5272708667302 30.3327963417391 205.215738147537 27.6179719854341
278.67573260314 28.4729926929874 7.24564682727333 35.0484604377945 0.0814874787911597 17.2250672568468 10.9311122713174 50.7416295275196 6.9455210920201 0.0257933384838451 29.3882373918855 26.4913285308012 64.2861321582266 19.1730700668854
99.7722952566752 22.9483470896513 13.2662699145371 13.3428956508874 0.0537674137113876 9.82759309684303 18.1606804363331 31.1257960684692 36.0328582743081 0.0274683456097247 95.3998832192677 25.9141333696694 192.412245936842 14.7453012710242
120.323266318361 18.0620589766943 17.9932598907041 15.7110678049601 0.0707828365569681 10.9304308501704 13.7320359303284 20.1949387622357 22.1997690085789 0.0687923747011084 53.3628785288442 28.3614108035262 101.35379671976 9.01203609909173
86.720772256781 87.5654191340412 31.4859823998042 41.6758232898251 0.0575718668843344 22.5270024183586 4.79175854068067 9.7094397734134 12.5291091266704 0.0211845842525631 85.5854612855423 28.6186544104245 148.930818916955 12.708398533035
31.1182421879602 32.0187549041032 10.4784234710591 16.5605803176704 0.0915980447085863 13.8937551816763 11.0345914193832 16.7883082068348 11.0854485701466 0.0388403438796623 27.7812820404587 14.5527909151446 53.1335192584861 6.41101606699655
134.824719485943 89.9307421199808 179.685212107485 175.008843345731 0.103089378228588 192.307941125853 145.505987679323 175.430340881962 46.3288560250972 0.123040353090695 75.1062692854844 4.00774918866378 208.3920454933 2.01019805779858
168.366844690185 75.0849212269719 520.785770352969 527.807519604602 0.128465679614004 660.751887463218 597.140758303043 498.977082667184 196.771103142223 0.196843570299995 167.798930535042 15.7793923371033 548.39396699015 3.12530306157672
6.743219859991 18.6662891087172 15.8241850052623 24.1924564085612 0.133318627346502 32.2046015734741 13.6684030740868 10.3678736927939 17.5846160279317 0.162156815520055 10.6195672746989 1.68152871668446 25.7100772367313 0.647816196408319
119.959405091852 19.9181476890452 178.907738826674 237.671477585232 0.130928210514306 171.472364217889 174.203312037411 161.889794615785 72.4665527335297 0.185565770274486 51.1488256469199 7.38106632523317 296.709146434262 1.80630852253391
88.8178456741502 93.4131436103551 69.5601103427498 60.8056428188186 0.24050424178571 30.0106055846237 48.8305175274055 30.4099692449733 26.3932488682328 0.136600983260729 30.350819266952 3.21592388299661 98.0483756528868 0.506610424392268
23.5914425812067 7.52214181434832 3.50071083322782 85.9080879107076 0.0652233135376284 21.9348937460381 4.58901537345219 17.8372847026445 38.4978356757394 0.0405505205582145 9.90572478323251 33.4040136396255 14.4762850604544 10.7669005598769
17.1035383395368 40.1662274048053 6.83724159514764 63.6906909092015 0.0821605437990918 19.0698676784787 13.4758563606994 25.0245376147035 98.6131155883522 0.138068073537401 49.5100236065985 57.5583178820079 46.8006117225381 10.6993221696928
20.2757287114999 16.3030115091085 2.58849246964324 20.2964617344622 0.0660964651257321 19.5693883802408 16.2073471359866 9.89947809415022 134.058207839504 0.0651664759383991 19.9510023905143 21.2019751787749 42.1778146065236 33.8699137956451
28.788844261084 10.7028611432646 2.27914491205586 28.0398260422929 0.112032541105612 12.122708731161 12.4034877196048 115.559211244883 101.116051147273 0.12122274477583 90.5515094798874 12.9540925325191 65.5459520779759 28.9376550205677
30.2836622290413 18.4647024679803 6.69431979677906 37.2114106656111 0.107044744391839 9.04530560279426 13.7398759744254 9.14193781653013 149.575191510793 0.0639935822191018 14.6641209707351 13.7372151149734 84.0669827928284 27.4730188367138
26.3626751170845 14.4690390618499 7.25906210799311 12.0390129410802 0.674890550796199 18.0087083697136 25.3136085981821 7.14000513948778 172.209340523368 0.0843494237774975 29.416189321137 38.25520845601 63.7870615698204 210.770919452005
32.7275136374195 59.2289554561831 3.36986410013988 69.5422030611719 0.100813204226294 2.30134172011007 28.0350668607189 17.5591216262734 227.200846465198 0.0564573024982158 18.5468577054988 17.0041127356033 33.833264835176 16.9039427626134
15.9305217704712 28.3340184526432 4.07919596975885 63.6540903512295 0.134727359404952 8.31135197736668 24.6094296480613 32.871772112041 160.478874382357 0.0880988896768151 15.0749586676506 32.2854235945096 12.6711881223338 13.9143001430246
20.1515919739532 6.01215949045694 3.5277391015643 21.5846465735356 0.102699550235984 21.6001547867558 8.37765798393719 49.1154287513213 69.8998848077786 0.0793223748977566 32.4496213230317 26.3051547969136 60.7027150151948 13.8937658455189
8.23690839698549 8.90827439224167 1.20573592917866 8.20667337795047 0.0968555945685202 20.6219135198408 10.5890202043709 31.5374467976719 79.8818983782959 0.0996072784811966 18.5759397323055 29.1331304721978 32.1303861820864 25.38337827894
96.7548946899917 29.0815001826587 11.775198718526 22.5060589905469 0.0380548803619659 38.099413851652 54.20264931469 26.3571427279071 674.893995539437 0.0483715302433492 40.4982441767628 19.1239372512812 181.482144549249 51.0088743884165
44.3967911889163 10.4133867110258 6.76163631464186 22.0701176046617 1.35009540107374 8.79222429286414 24.8696684936076 44.1253892973371 311.327458687496 0.104110686123158 13.7553761739086 21.6632435232991 61.7721677724133 42.6366300303605
23.4356839807951 17.769297612552 7.27781388935108 62.8949766007484 0.448823617843475 10.1236049411393 17.1783128631172 8.40441789726661 167.354472936544 0.0508123903106522 11.1716117088082 10.3935884012702 421.576569520529 52.939773583328
18.1704525483302 13.9266606141181 3.49821375798156 14.1455105032377 0.156751910685664 5.9341018301115 14.5053319233485 13.8201303483528 123.185483904 0.0793526000869199 10.5599672818014 12.812712215395 58.8093737612783 67.2581568523297
25.3172122525116 33.6677631696011 13.6863185039664 23.6698249467704 0.0955392928227023 13.6742250044735 16.178950442355 10.4501707969006 183.638906491393 0.0454458102557612 33.6531305890229 14.8024042070022 155.770586598664 17.9237786413169
37.6807198043983 47.0650523416774 3.12098831629832 38.4244345594904 0.584544093605771 7.58387094237533 14.317092285361 58.6310647552997 290.873157834275 0.0465644267208991 2339.01541919105 14.2393011107385 83.2722452451736 15.5340608413266
28.8825617629166 35.140014997764 14.1335255458659 24.1154069440968 0.0731379127439607 15.3990976030443 6.25317922731271 4.47140732142367 188.618575572113 0.0197677052384279 40.9949829008026 8.31904193344878 57.8472791074753 146.56536319345
23.7818546347064 35.8868754849287 7.55486305358775 21.5101486539136 0.119057742953292 4.9968822994836 2.61230842159318 1.11460585477489 123.540844132848 0.0699568159287638 10.3258801529384 3.01070430385906 25.15166308364 28.312702280842
20.3955465849804 15.1857498393169 11.51839715029 18.5744911108753 0.0624386987742662 5.01869198805925 2.19300421664501 1.63715744739936 145.433906098846 0.0689021038368262 11.3105422866566 4.7133402758102 22.4181574776756 37.5198508005394
50.5499028426518 46.1389622181461 25.456877077966 31.1142333667984 0.0666853112480949 3.6925632036421 5.72528823760158 1.42466977621126 368.219115995314 0.0736627365982455 26.7075287470561 12.7859186327137 71.7271100337239 64.6147545591987
32.8605141487922 35.3051953928027 18.2800579710757 75.7672383288867 0.0274702581177877 10.0996355583997 3.5881521264864 3.26334124789637 655.171197441939 0.0727884536683547 25.4365664075007 8.92968418610506 50.007885902526 151.014411429962
36.3854146228666 22.3433256090348 16.6941485966936 11.3948610956501 0.0244770351870553 3.99719351923002 1.85133140924298 2.24872397407501 152.858270893265 0.0922927918460299 10.9093246949395 6.93572392518914 29.2084262439828 137.431751424882
11.4060460783451 12.2278851330151 6.7034143261189 28.3467449972297 0.0657441068297901 7.00951862241134 3.78582349247328 3.57323830923085 233.599842850784 0.11302415145066 14.500986051469 4.13605015368901 39.7895472755758 130.001002565713
17.1891312341606 19.0469124658109 10.3735447885556 29.1904558868482 0.085381527860523 9.7526583056204 1.85201147324262 3.63613307150778 419.679642573481 0.0845709455636886 18.0544936481656 5.77186818290245 52.5101505909744 145.991683452464
24.2353445945547 43.7075824570091 13.5762537352433 36.8879210254631 0.0815005405025308 6.5396700546182 5.34178816371976 4.60743678317509 334.637356187425 0.0680195367968343 26.8380866546374 5.56716480504988 31.1956591685112 140.477050150243
12.5543514185403 12.4664976506046 6.39911912580029 23.9371152731835 0.0697082737452735 7.12074458536692 3.70879746914544 1.50247192063056 208.320041053853 0.0606130602255761 10.5548633345954 3.54916813337274 35.2881047679807 60.9992927482057
13.003633944651 13.183363061241 6.94453569483319 17.0764511799488 0.0664600834678971 5.69948514531103 2.10330414814992 24.2288754774354 278.235524185712 0.06036538195075 10.646884873776 3.1095350496507 35.5037445128074 123.813010518051
10.9460328823085 10.3347694658689 14.0985674974233 25.2158855327266 0.0456834546077432 16.8715410513304 2.60196780604516 4.26520916267193 486.946520265969 0.1077113013834 15.9955316425734 4.53286378088909 92.9917364060976 51.0460984644364
27.2719292422026 29.8648813089141 14.793615423477 20.595468223422 0.0576886249776664 10.8158255601373 4.69443842827834 1.34183150358655 558.749839159553 0.0491241071484425 21.6468638788709 6.12156059887185 119.557384013393 68.1505328539223
26.7061151473041 301.879573407556 14.9263191071753 22.0784402427097 0.0519782268315232 4.49827450194396 7.30431983962926 9.69731331138726 550.331399336773 0.0937751228003026 14.7658577421186 6.60491026231522 89.4928427530151 34.6764393210939
15.5755278949239 254.958878103646 8.41860178575939 56.6558019479853 0.0335058176760147 4.28446812671235 4.86263286754499 4.3373041663829 494.390425933673 0.11738891899811 23.2057780062905 4.76306160323767 69.17660006055 64.9240073114621
23.6878859713133 64.5964704533916 11.9152944189114 40.3245076148757 0.0968795084794945 5.21673834993906 2.81344101566959 7.64058578884798 452.439034145212 0.0685753582235737 17.5475374384216 4.47921236813037 68.9475413542417 29.356406594976
9.99085010154396 10.0505163546751 10.3242717031737 32.6486156918072 0.086629528082656 6.41767494344307 6.90334939239373 1.12712744144937 418.175745374838 0.0708195366194042 22.7193571554269 4.71694042517423 45.9627118812385 41.8305474347146
36.0918914770322 37.9931085937482 16.722403499619 24.3181829234416 0.0753654326334265 9.54213401092617 2.25878512490952 2.40231283235304 580.62510988023 0.104144737836522 23.4628613969405 9.45835301756565 93.1871911196659 78.4253731895243
20.4905737980475 15.7110890313749 10.0215726489189 25.8327241382354 0.0607833489193612 6.3888550606668 4.24707910589593 1.29272838636836 484.851652970015 0.123721075464132 17.5658340247122 3.78149492507438 57.6332994700211 103.520460495907
13.5109532335383 7.72704386640663 7.56628451659928 20.482861741337 0.0991866184005222 4.16315490290396 4.11517444443989 1.91549013680067 263.991695523238 0.0881495244414198 14.3894430609927 3.41773450276611 45.3650402188748 53.8856248219908
10.9671180595978 14.347782927373 5.5885946128031 23.3086059266279 0.0568580242127199 11.5411048651246 2.81106036869077 1.60832717337655 273.26134243812 0.0785542398831349 11.1970072226473 3.36057026895973 29.8563245952475 25.8815520774593
21.1584825417635 25.1713451764178 7.33616728656513 24.2391362879364 0.0714802377067279 5.27977671335044 3.32689782078775 3.24933249134107 560.904014932933 0.126663211516293 14.3313487711575 3.42912134702255 66.0819744286229 71.6027320144828
42.1591387837554 36.2319408584722 21.8857974421707 32.3302404297715 0.0340377194306763 4.40769926884327 2.44000256251973 0.865534460809659 809.060779424428 0.0518159688099349 28.588857666532 8.40270885439363 119.373616917832 104.131603821176
5.76707379598883 10.0492788456394 3.32525775659069 12.3015180072409 0.0737898005780242 7.31631459094345 3.64005945376331 1.45030286059919 178.943146091583 0.0762896780310599 12.4808349811828 2.06046577862309 16.4684483238688 171.851136695284
29.5765601554783 30.8716394377972 16.9400661928905 29.1894951505386 0.0591197347773296 5.77274680294542 5.71048911631322 2.31036899574508 342.245468378709 0.058241416234494 42.5342173471123 7.46083966406737 75.8591305560008 86.9671939427947
50.4239163085024 40.566880501731 25.8451320540826 44.710394523275 0.0464774888216132 12.5434565624176 7.40773154600876 4.36543181161598 418.880703241438 0.0410913355821908 24.1208291530678 9.51912290758401 57.245824496315 35.197546573597
8.89551917827453 3.10364157501596 4.28881574408751 10.6843694016991 0.072838757118612 23.899046939044 2.69691720958157 0.822475060901532 181.964693983841 0.0547970472632689 10.5318645718487 2.88420581325975 29.1479713357792 163.317485877881
21.1744870485211 23.2484337870969 11.5159282760359 25.8759262288592 0.0656951949550278 11.2873772693459 6.51239140467189 0.762641130007689 261.879856600176 0.0610608351984257 18.8790996467634 5.65068105685459 67.3230658012081 122.727387353399
31.7871412459201 34.7950412230967 21.334034849127 31.6553532057687 0.095054952616486 6.27671613481766 4.85348302710872 0.714611479082669 301.950499332704 0.0263721493861843 28.2846481834391 9.25116608848952 46.578604059139 42.8786974255989
46.309559860426 303.743485575485 36.8579233366628 55.9035425144151 0.111182602135315 14.2603800450409 5.81041124387517 1.75761130079295 511.990587222494 0.0837113988668278 42.7254525274896 12.5120494061406 69.4275859456381 46.1190437963912
33.9162865019291 29.7513834356775 19.1170121645532 31.0893258336923 0.0434889074451884 6.60585718121259 1.15020256020995 2.03333954521284 273.117252764401 0.0936209598802865 24.7918813622927 7.04591827293131 30.5416476620149 35.4540778666992
32.6313782247444 42.9553843331228 20.3118411757259 40.1585912530703 0.0968922444334868 17.089693461671 1.83983362471215 1.92130316482957 319.977974621019 0.0746791082751096 36.0726552679272 10.9702956965532 43.174778009575 32.9213501947185
381.398652597239 326.501916187452 135.587408036169 423.417645135002 0.0442530728951726 29.0764082677005 383.678369218041 941.283210434848 274.542230384661 0.0317623567852013 447.924012376685 971.844448697142 445.338203010521 307.312710941367
209.26384973324 344.502618909953 45.4474800894126 317.778689864295 0.120976323737963 78.1078590509668 190.45429211073 53.4138376514202 256.544419474853 0.0498643515931759 455.020702060595 90.7182057308822 338.760735827337 105.956907614808
726.629557460799 1533.06107979695 87.4155381741842 1411.91409799969 0.0629734321093296 443.893756470686 723.294319114148 554.972893002494 1217.8753725599 0.0637784020417985 1526.05073715846 175.987973689482 1276.54178915771 436.105663769178
103.131648307038 136.107213936365 26.1666160456009 122.881253029706 0.06693564104632 48.2086079558374 32.3606928967475 25.9033437533177 96.7977330401016 0.0456057401625109 108.784206641549 105.077295464955 95.5950558843389 61.8200419808634
277.637679950171 417.738723959151 43.490409253615 266.662400393639 0.0711979052074561 42.4971761614621 129.559858969152 680.444378413655 386.071418864463 0.0634393776178034 284.26088140529 108.768709772237 303.906564399953 82.1544547648236
170.10310811098 237.733295608214 27.8930639028643 184.169519457428 0.107198747352233 5.01605330735482 80.0243862150076 78.065841053096 126.733110821057 0.0682808736217237 253.050142828955 212.495952800792 306.569859772753 129.634930585452
184.416191482149 180.126249341526 69.2756814239824 183.496762761272 0.0374853066301827 39.7975548753293 59.2411851288191 146.333100580957 213.950614510541 0.0430952643380994 298.744393826093 87.4649460558492 172.189349995846 38.599980398412
14.8188762703326 13.1161042830051 15.7740056144934 10.0876632151321 0.0763133901277611 18.0767981815313 10.5714309438988 30.0684673052636 3.11380572234895 0.0310306974911866 5.53290134473224 9.03219857133846 17.2411532324353 2.25994525308371
130.778607918871 106.559004320147 99.8437713092704 61.6874860015377 0.0532203753778584 5.02581909555583 40.9712113212228 40.9495085302347 10.9188953826228 0.0443541461477006 20.0733181791238 41.8612600949338 119.117089969602 6.65765882117629
346.167406672987 276.251684202272 219.85925813094 132.316259557489 0.0562155063296406 20.7312655590581 62.5154986973448 47.5171380823138 15.0372600753788 0.0242093594010718 52.5351722596611 86.4556756081011 194.102239789182 11.4362614921206
78.9680421113559 78.9201048616349 49.3081763240742 48.2689170993346 0.0482864199579178 11.8257144755058 22.5620057004156 23.331194336362 16.847012643031 0.0370336731537058 22.4539023059744 24.5697366451569 69.7045499630553 3.14684899824687
126.720908734536 90.8156955189508 64.8949798048701 35.6789736969513 0.0688599257569052 3.97064446018995 11.4959218156924 8.20993274660563 8.60856263364733 0.0371952288739738 13.8751060967179 27.758443423206 93.7678534459723 4.38132080116251
223.657914860492 187.344704606237 100.29426027952 77.0986793584962 0.0982751382130947 8.6960805851649 34.978405152247 32.1021788770716 12.5029473597664 0.0333615927216803 25.1771491930093 41.2844914255118 130.399056796634 5.90516607481046
213.767341577445 167.884872526626 101.342485311754 69.9825596669754 0.06555441197795 11.258446913883 25.2306405932274 23.8624659592566 9.15225145102526 0.0583343179979528 26.7113608818117 37.3851943941201 80.567126539458 4.63563819086556
51.2486573801999 51.9055149571065 39.0706082814876 41.770061178898 0.18422295922494 8.22946206919481 17.1955290025867 15.9252833835584 5.23337124653616 0.0570762434454219 15.4882405464741 15.4626944739607 36.1927722448777 6.53311111191863
8.14231917855169 11.7097888541877 9.69314863489479 7.12567807380837 0.0469081036094514 7.25527921502281 14.0719218684218 21.2079625683127 8.3149573703535 0.0299544255845976 5.18714462705062 5.19118832296176 16.3911577816079 4.52505523009406
241.507217064884 165.164638762738 94.8625040296835 68.4397230967467 0.0543169581486955 5.71189234284031 23.821328199187 19.4313493006314 28.3364449883648 0.023755289340254 25.3464457512145 47.5311158428146 116.282353651893 10.5071781310038
60.6550783321881 48.2000806602622 50.1606973312247 26.2277428280292 0.0394522078498954 45.4341521709975 19.8619473208885 19.5433979670375 8.21192819487755 0.00873956110790597 26.8034093596015 30.120268358574 78.1979861501067 5.53145983272501
148.222424599257 134.303026186943 88.4066590452101 82.8186930887543 0.0233994566756675 15.0284303996849 47.4279604018465 52.8796169240565 16.866006485151 0.0165132062271868 25.2933141066021 38.6910203230074 58.6646503375427 8.23723123306157
46.7988935804314 42.6902771643071 106.153642993924 23.2283516808798 0.0548130241278855 9.78404513692658 21.9281317172918 18.4396022855599 9.19147258155083 0.0226246737189731 12.2554436347378 14.8444723572556 33.002286054444 3.82812062886176
28.0142992729446 29.6342804902633 28.2821167152541 22.3543984793148 0.112233228220775 9.96434076795474 13.730526916049 14.1887029412427 12.9711296535955 0.045011596778745 11.9699807854984 10.7229751296076 51.7499810730288 1.71623002662879
396.199958331931 260.300282562055 196.964053633977 121.434052066757 0.0882442298215575 10.5066704682342 42.6257888838424 50.7519452131327 10.604929987985 0.0316359445307574 51.2730479595347 87.7927983839753 224.629755460048 12.3089609159714
98.5412904463815 96.2467308963454 53.4162709995795 45.0518610910566 0.0726343688682932 8.41567645419911 26.7577547793517 36.7244647215795 12.6238762656888 0.00943013154937449 18.5195785685991 22.3485927486512 65.484146152682 10.2916902063531
181.966936690537 136.474983733328 85.9124599058908 62.0864254173932 0.0563972989260152 5.36265631144432 13.0796793628544 9.99760646630178 6.12197802554959 0.0309255291207183 12.0058762447303 29.2294643167335 45.9805434531561 5.23417154560296
113.481640562113 93.8631607822338 88.1732267581354 67.6835373994736 0.0209137328748343 15.478136133284 75.8684055885466 79.0056393196459 28.9638686803164 0.0155157857316083 58.2457426688502 46.6002485607183 130.970329578368 8.42971915756223
105.178768450187 57.9929533798 72.6825949117659 32.2655341442043 0.0560138208354869 48.1069749077905 28.3078351245071 23.5365250334334 6.36379671641521 0.00854988173549496 18.6260366663749 25.4110304614702 37.0591226750829 5.52146358406929
98.011418696071 89.3093759647494 94.8742393515541 60.7166140241664 0.0546810007708717 6.18898374481564 20.9714283781659 24.1487347410608 12.2902827805159 0.0102763315231288 66.5605077102755 27.1340684566728 359.043671136068 6.76713339308357
42.3765348313791 29.2384077841175 33.6915018119206 17.375644283378 0.0313221138689769 16.8034084001557 14.6161965075182 16.1250471538649 9.34100056054428 0.0357317046991254 11.0737668549237 15.072864757695 32.2071560400018 5.57495069311497
81.2081479749226 67.598680040734 29.3559533124129 32.3657752422107 0.040101990630903 8.55281378148819 26.9402353209932 18.8932361452136 13.3384291297626 0.052721411044602 12.2811658108189 20.4422189384492 34.401291513645 4.50581104169382
215.473991793516 161.563401932715 107.720906103637 68.2209630422388 0.0567072121678988 11.5433375224014 31.418757815729 28.3958916925625 7.47652492953032 0.0225616028084139 25.7635818029748 46.375932480651 91.8556432620671 6.74341907324007
129.75971112892 102.074041159117 58.5993977726019 159.798542441237 0.043940920327606 9.63909921967435 12.3486483933852 12.2151424415583 4.79955584293858 0.025927502098571 12.0828158772541 22.2823411039073 39.3334421306087 5.09370375141421
81.2025675806454 239.271486014414 50.2915394544447 89.454371310712 0.12076732180502 6.28674900711621 4.23316355046345 13.5584262850391 99.2530910618557 0.0435274947058245 46.2307280840102 10.5739830736148 148.209389598008 1987.4124543867
222.484773605685 3739.07763179357 131.373446318733 374.802550118284 0.290533466164035 263.249613610142 17.8190731742182 46.2231477784868 367.690035412951 0.0618787350631542 221.847664905177 33.6076053962125 2475.04394215458 463.266090127048
96.2127958537537 1036.28513900599 62.3841012080199 261.875924126456 0.192141017936666 841.992992261324 5.55133939502561 6.56213347002303 236.498016696204 0.0302654492953685 66.3639239089603 12.5414846211138 1701.21899192057 559.035404391403
101.917745878386 3049.74329372606 78.1296984694151 274.14518898734 0.115057288785796 27.8262522057431 17.9719235094508 20.9143881197344 517.333799812645 0.0419468918268199 162.593826706877 12.5588600263982 7922.49328950089 1083.72780709258
88.6855291808021 4212.50408066928 82.1173597714912 245.018300191052 0.163503316567246 21591.5131661475 480.937897924416 108.000746798983 487.996063098492 0.06146496973823 129.557734963797 18.5788245107299 863.668105716698 515.030808388391
16.664648016427 1762.82726484042 11.03394853563 34.1045013000269 0.20189526820675 47.892130448759 13.3528974254664 9.88733898466068 121.689669922419 0.0119048382640774 41.6926873563205 4.42655756696642 1493.67430668192 649.401517692892
45.8687266008647 1297.80328959667 38.7277335894113 64.827052437292 0.0960412338029973 41.6389358652718 8.79202926175537 18.0860647231891 60.293370272744 0.0169002112252736 29.4467123863114 17.2062152369902 622.362004490069 253.964568807371
96.6304579322668 6144.16491924954 86.9466767678253 151.803520074885 0.276112118504438 81.2751846651993 54.0769648285049 61.0684342747014 222.157401098665 0.0362560554287282 79.3041183023456 28.669564586864 274.402621096392 179.806355579619
139.387998385963 3504.51729741341 136.62065808233 311.548846579196 0.190238874370973 168.655509759466 92.4811597972539 90.5923328596538 410.173024652238 0.0138555418480039 95.8082943668491 42.9821449138226 375.697620345912 492.260583711181
53.9366752367274 74.6687671031186 14.0272835231437 11.5018742973918 0.0629120596424635 2.28331880362528 22.9699221365231 27.8978723717765 37.7021098312936 0.208409516557307 30.537318337682 3.13695150126657 95.7285336571458 1.0097681859918
78.6641773841475 88.7592350631252 11.0233262515954 15.6087634168317 0.137971706639568 3.06548917095654 14.531723319599 40.4466643734744 32.0482337919951 0.150063103111348 61.0477830578048 10.7513885270458 106.903498205125 4.57571646478166
67.8887319318622 66.5526285979156 13.8993587039318 16.8974476471188 0.0597713057309947 1.81612531836911 23.7782325942951 30.3385020116177 42.4270767099502 0.134600249332296 33.6589883703737 5.02781560416905 91.0882591569012 4.95189474919924
45.2802716861014 46.9887443579034 9.18568694658452 13.4939789231322 0.0640258048395676 1.79885303622144 35.099786339497 45.9715244928142 53.9641979085746 0.0339938580035439 27.476263438229 5.73913833718406 88.4875310680783 1.80325068602499
44.488587691013 57.7175112373221 11.9508030396346 7.85391878049099 0.138170846991469 2.81567155461378 23.4105078271666 43.7374258104895 33.5875198390658 0.0431581682464253 23.6001019713049 5.03236651650026 86.636254678341 1.50645537175049
222.043500322667 201.777082044815 43.6705266937837 29.3174823070032 0.0852456126681099 15.2241626077015 111.136837643424 133.704638912821 173.491177708475 0.0186922044739678 118.524175744278 22.5897770676125 374.396158976239 13.3676466394194
199.182160675176 245.440572559039 67.7983441848972 25.4331427995845 0.0938901153829148 10.8878862181071 125.340252097604 327.219788543275 180.981957807903 0.0165880860791668 65.8215486021187 22.5336445749076 74.3009099952124 7.3160974097548
32.8330664489091 42.9622997453711 11.4071617782293 15.5157149371939 0.0649991040586634 6.04205524887539 50.7851615445269 94.1233101225603 101.584678004728 0.241655001972097 32.7676965133981 5.11727048592445 55.0863273189191 1.87896708029639
72.9686371526815 93.7366771166638 33.4992476348561 56.2012252366611 1.38384243897068 26.7379271859379 65.5600438144517 54.2233299770365 694.745810435022 0.0347365018518119 51.8119824916992 53.1644060212873 109.877867918992 76.4598847795853
44.5281302762364 207.338936381928 40.2952826517753 23.3279455166046 0.152757149214141 9.93350458672346 67.6480751996213 19.7976669688501 33.487073032276 0.00796096992982841 39.0845483824719 55.4576719574449 736.045365646947 31.8468906357759
35.5223593020815 73.3110495457964 32.0488512574422 22.7053626106349 0.0667177799085172 32.4632173599759 46.5336256359773 64.4844513879847 271.419325234394 0.0358422399101169 40.9950797049211 23.5346020724907 102.645657412948 115.352015406308
23.0094286133109 337.70000504571 14.6764632616783 100.462394205195 0.172107732413725 55.6625560892077 41.1897266331143 39.1361121990986 74.8041387524892 0.046440362580018 104.813032845021 64.7657539950381 620.796479471174 58.8825037110738
156.258083625676 198.2530516529 100.015796833794 111.339904901972 0.686705670114284 42.5801141026454 102.64162999821 38.7564119762129 54.1355793325889 0.0726557194734051 125.969656843 71.3997772560592 237.974839743694 87.2085722007897
28.0021602045061 41.3360716746513 98.5979569133819 26.9250165733249 0.0888744089054621 31.1069622002189 82.9852976122169 235.660980361566 112.898218136097 0.176976174705921 126.24461651851 57.6048298498725 126.08882218886 37.6175414245254
98.1344206463689 1165.13810933975 34.2257817778912 47.9073812045394 0.139588200696338 48.6966683530428 58.7743699944329 75.7497803118431 112.551469707956 0.226386472757875 119.64825093018 84.4083561156215 377.54567669171 55.5793716527017
100.189626630422 246.678098469752 32.380563239971 83.7659410940633 0.0670424808234898 79.0965890804168 15.3884710888512 55.6243933421961 100.726949980446 0.119595911947917 65.3751243613525 4.74767687231708 30.7856780000836 4.58143027899033
188.871588567638 529.168677852404 404.181095234982 150.229938065296 0.141584594097839 128.186430618846 23.2900054111246 120.756956360331 195.227039597076 0.0224942818939045 178.205934790027 25.6756639833716 47.6187916106064 3.73430916883813
80.1208058712897 155.469026703348 29.4641442057522 166.926501779602 0.0854898781850382 328.707045494048 38.2473878570896 82.1844927992381 150.294036594444 0.0199065988294195 51.3164309542185 9.02982624358438 28.4203249066451 1.78094560331986
25.9058134615754 46.5437622958251 11.1690610528398 103.725114049563 0.182274567094293 1.60055388063711 94.4713523149819 17.9173793477251 10.5621407217423 0.0359542558685924 391.906261113926 10.1997117154383 185.436301478197 12.3117101479251
64.5292595069426 1794.11924178507 31.735436131519 47.6396597960021 0.338716879902352 10.9596155646695 24.7197212927879 20.3011103207332 31.1180446499671 0.0521374861142052 324.489753021443 69.5336858400378 534.604369099813 42.080198307973
214.577214567338 150.808938462569 87.5568763728037 90.8243176694741 4.12676115663715 30.3029847094997 75.6055478200554 51.2890901013779 112.878504188556 0.0404692770244525 409.569657843655 177.23544647596 560.367444656406 133.628374438199
33.3297601488038 25.1859659691405 29.0271823783645 17.4787349715919 0.144166334547396 8.20061490528072 19.841531055985 9.86034680952092 17.4972177304328 0.0500768449996784 148.027085436526 24.5236805847325 77.6653377365172 15.50822873749
200.995127961418 223.649411836548 103.675427830827 100.642876452299 0.0969897749059227 18.6060252147841 45.8910649035618 44.7074382024107 90.7920982625562 0.0232486776104105 730.174467889689 215.952800476018 1004.36526497073 75.2783596600527
207.127603626846 189.032477318809 76.1641608657067 102.59958925474 0.105263010667172 29.5836943664409 56.4319708546443 55.021148182597 65.4666176027641 0.031159922854886 239.747542629303 130.145124935478 369.636552148872 34.2779935554133
107.200134381365 58.8009712962581 41.2571321620071 16.4558419890986 0.0676167349528431 13.320445456183 65.5579817451426 16.5521698518037 40.0418346685276 0.0549694039914355 168.416192958346 83.6559806625392 274.197195252319 44.2868473260442
117.45524287164 74.9894224733516 50.8141588710164 40.5129854860372 0.0616834927263282 17.4406190869068 70.8793297276673 27.809958129618 45.5677676335994 0.028721661553647 212.175200598281 118.753196162639 393.771700742141 52.7149167673529
178.671876480592 76.4005740384772 56.0131186211918 44.7632892676289 0.0783816769668161 17.4106716036967 22.3114804078415 26.4570081912055 55.2479684247665 0.052580364475708 227.18078608382 153.861591324614 1002.7983461832 78.6029051399718
77.9219180768901 22.7878086339022 20.7113115697911 14.6595854288443 0.058894331980232 9.54774322633923 18.9983217261404 31.9295866293488 57.6382055940244 0.0529132875945877 286.890621955078 83.6069132500934 525.043604302911 87.0034022529829
102.316274417266 166.144364458984 32.4509058241665 73.3318648142309 0.0759351464922065 14.8585576063753 52.7648966873005 27.2217324835344 27.1204816932342 0.066328625238826 92.4801347609764 61.3766404498219 209.260315973086 19.1870316308222
93.2129936328889 62.5211457228788 49.7520858046639 50.3919884184304 0.34608169988704 21.7089687489142 36.1056953966835 47.0115153177271 46.9430965663834 0.0759059937784594 192.339076420941 91.9376530647462 218.798953398726 44.8739060789132
205.433353931516 157.11628997005 68.7295492860251 70.1456161410359 0.089322135823687 26.3593674193102 50.2328799951537 35.0544645152124 79.1448528075111 0.118437949184106 373.552949306457 180.111570244983 637.984315240817 62.7378954168659
65.4420395322666 17.3605712053479 19.4541806225501 7.5239840175987 0.125892499770909 4.89357967297463 11.6417895413621 5.15698772775127 8.49381312248943 0.0281895488215415 139.781280874324 19.4723068185226 87.4603487434854 24.155512705534
18.3242907579645 14.3528356404369 13.2992958133363 7.16665666296354 0.197918355626254 2.84451674958316 54.9773538693207 6.48518649074234 7.25911353964277 0.0348091859975026 122.365343010633 18.87523524097 80.202404728938 13.0845454112838
85.0447222366696 72.4122235474666 16.9900243197056 3.91403669461014 0.243933786744875 4.07096643128824 8.29553474239211 9.77716308864825 39.7979656463226 0.303783329970737 60.2896714176373 31.7756383879117 37.7308565276135 20.6754648009244
112.931715669244 131.149160893802 28.8135278586065 10.7824229363989 0.102834569951391 22.913075295172 48.5628144187033 42.8071318643547 62.3756135820238 0.1592826504879 28.5534499567741 52.595549210416 86.3587166315513 9.56428876569026
42.5992207191119 50.3721184814578 26.2551271543677 22.3188203095849 0.0649673388940312 16.0975063880109 19.3463280845201 33.527578816451 53.9203359009209 0.315293146432112 48.4697794463532 47.5760745454884 80.8217234758717 15.7423368822628
29.9595121447232 23.2230196420165 16.5410630404705 2.32795876134269 0.389543615653152 3.96542835487295 7.06945712147903 18.4972646961801 13.1845669431652 0.538659094504583 19.9485006400112 13.1014722284912 26.207629439955 7.59306217138038
47.1352366600491 66.3736148240673 34.938519680613 559.400288101063 0.109318352160166 32.3456739385469 31.8826816620428 49.4390779575647 82.6019684215051 0.491202493148794 55.7439637246829 54.4152912259199 80.8280006606445 12.0044987471363
29.5000546878432 26.1443728400953 39.8687008850947 931.293824962292 0.0741555260326813 27.4998295998874 53.1030639216638 66.3262388208547 70.408854657004 0.703730799686547 37.8270795372561 50.1521332181606 55.5736056099017 8.58935129855554
165.942130791783 192.665501750137 101.414931648264 286.842948322894 0.0524262173853176 192.776396628903 99.8772464370971 180.101667237873 238.549254895108 0.309103846152212 174.725106353136 187.381425287833 222.093795787968 16.27373276552
249.684983815825 310.496391037422 109.764607036188 26.9001371984686 2.54549955106575 40.7471655861962 90.7562620768245 102.442617949716 162.305075379561 0.319125230361573 89.64102941998 155.439040263799 260.410199532247 18.141726875038
71.8343717235583 197.969185260776 20.8925439792983 11.8009592729673 0.189497902834785 34.3607837613024 35.568945436143 40.2548148315484 16.9817422220061 0.395699703909721 43.5373335297518 43.0435592149039 52.5906024515958 6.76163487646166
52.6473683331009 65.4815584698136 17.6041295704873 67.0362645108692 0.0176877785708773 8.48920607490372 10.9100522960384 12.7245758467648 45.0180393169305 0.192737191095962 49.2544251560537 32.7439679306316 41.5475162045727 19.3127847339687
185.803281105162 261.38105853576 79.7554763534572 339.9339871255 0.0459471302445204 70.5527742963356 85.6772421314368 159.423832902293 272.884613289346 0.132710194530689 148.942471830017 138.367450860257 261.621473032985 13.9440951832499
162.069496759809 292.555070331829 102.83614519783 1309.80114784474 0.107545286756914 59.5242769700786 163.207545471174 185.867737041836 284.792632246679 0.567301548931017 227.458813311502 220.277614138711 217.10346478221 34.7492109658869
42.8548314972057 175.711318263626 9.38573317292759 14.728397944828 0.179190564729714 25.3584001344651 19.36481216928 13.0306944730819 63.8079686401439 0.177907020078532 339.745118675317 55.4693707143394 195.478794377274 885.473800003054
71.7708345667595 281.17213386107 17.4745810307309 26.2782302939985 0.358553020805138 68.4367558831311 27.7721238601157 30.7494124661822 163.435149872764 0.0298210237845986 270.395350103136 70.5003491464374 216.617027437638 168.200352794653
89.9846563218264 373.719629831389 26.1172837618339 39.0645459525636 12.9624735110768 128.471621638961 71.4660002184902 66.0397280064186 270.090144458792 0.0319481329357766 303.494480809955 121.007156419252 566.922888800067 64.4582390951499
11.3544930524775 93.6682525528124 6.24089381211381 11.582450600333 0.114998872027559 31.0606286255485 19.62818670477 21.1181251205204 80.9894295709329 0.0520234216144511 260.651523222754 18.8527426688777 69.0308640160735 181.292262852252
11.5180722412683 72.9780159604081 5.02076232865392 9.50794633445925 0.0661142844603068 51.9473620258577 30.6448823238628 38.7686622554705 144.252168523191 0.091567423868093 129.74865438321 33.9269915866917 92.0665366039428 36.6416785216235
37.2618526538465 189.406499518981 16.8026647868758 23.4480124321834 17.7599834407183 74.8491868660261 39.9798355990307 48.0405963493278 164.98413036246 0.0548398479795172 389.142587704408 56.7813820845276 271.807683188301 154.020124996714
81.2148034643357 204.903829784806 18.2826009140527 28.209849969379 0.0855720633600207 82.2235949249388 42.7259842558262 46.2372975213968 173.723658981694 0.0845662057573969 315.405970574428 76.3015985052571 215.600387404025 176.132538571833
73.3327839704209 279.569638452178 23.879075626748 29.1894188324633 0.0677581257261479 144.043596146953 77.5373549018747 94.8989884939331 339.173542319624 0.0234500614947537 390.180933366917 146.82797212329 437.999374300108 44.7769468883437
113.956587861398 541.791181390258 33.8676442752844 55.5465032918298 0.0652956048549969 234.782405960819 85.3148946851106 110.128428981318 397.85156115007 0.110882666380394 584.038030867344 160.089657589253 611.8032039353 54.6945949628558
48.5145526142146 224.71202612514 15.6655484450766 21.4801424073932 0.0554206173834683 69.1033921570799 32.2817792143494 42.5516870692162 147.776586225679 0.0476543756068739 606.635811599791 72.4637809828052 235.753837673359 135.89964364458
34.6638100444375 141.114748467158 5.38969922167985 15.3814562100961 0.0981577256012926 53.5999951798258 18.8366390840918 26.7494496794276 79.5495826858771 0.0749644651245986 146.028703375272 35.6316194219208 223.745540898892 17.1875510169551
66.2029923124218 264.778263496909 26.2698759476802 33.4608136559964 0.0739472846326654 117.581699938119 52.9113444028008 72.1824576785142 263.518623037671 0.09263006026088 488.818531642052 103.342677494377 238.704187192176 23.5329402783694
46.9082716112924 254.674067108084 13.9412806864539 36.7401731375614 0.0995722929338207 127.501373717724 53.8915758375054 66.1654675088487 342.831949081723 0.204675526483546 268.767953885213 102.154641618226 278.611257694003 88.0937098460529
80.825739690236 388.779547377657 34.8270384093048 42.2963578629234 1.18746120506206 158.161981713012 83.2590467652308 98.0115603722861 298.638300164978 0.0695187702983334 286.154978423436 172.601014082178 329.105813092891 45.456361783719
85.4453545140906 388.799219157303 25.0904315699162 49.9845506144672 0.0914771709726908 145.936847925057 54.7813540215203 70.93582100268 334.974406662326 0.199979885793233 405.315420150582 132.811785933048 550.521518829805 86.5561618642737
83.2053836296966 361.742216002973 23.1680433837167 51.7930521762956 0.858377744984192 170.585471239354 65.1755925118359 76.235724734275 395.32107124843 0.261666350949213 315.430655710967 134.954826578251 494.012503274612 219.997020692692
123.027357374527 606.750947646332 32.337915354754 68.5514026817225 1.17388934853357 297.603725432273 123.402801181086 131.060465101312 769.683308844294 0.218254961162798 248.618154168377 222.947576717605 589.621221615905 197.58507368962
35.6031668470414 265.294471706201 15.2416969130453 27.1723838921984 0.0935165717492771 72.9325811710882 41.1609678672487 40.4588394593784 180.920143809614 0.149068522391968 327.190007219806 58.818271837927 218.427492031507 259.007562403689
77.2342037504416 170.05752704274 82.6748641849239 83.908682827772 0.0389536312206068 51.6019160921866 82.1232020651462 51.1529217274568 68.1622753511153 0.166032679663202 64.0124477725004 8.96176011736169 110.622833001664 6.18591230081344
27.1315713430656 41.5469795568095 29.422761274377 37.3744994194094 0.0815288721340279 41.3328104607369 38.6646336734814 32.1569065904846 36.0916747064902 0.127314061461353 24.4617164780449 2.42832378916563 152.799702797273 4.38383884486037
30.0883351964825 26.364146272088 25.9513687618322 49.5228392567914 0.265552643274681 222.810958807993 25.2606117149362 27.3928057666799 18.7544341677585 0.158676143655629 23.7950135491952 2.95300691540868 103.881770821142 3.87282981034549
72.0405594522007 137.125376143264 64.3035418160561 69.7827551794939 0.03813725784823 46.9090804861879 60.0466255974628 56.8322700845275 65.309955827009 0.19757534466194 59.3056124405578 8.32987083472309 201.108055711403 3.34791492726797
138.788492924272 240.615048315606 180.327097239291 149.955388336284 34.5844845000893 157.237932838651 219.776045768071 205.49103277103 249.628411474529 0.24943903457201 135.058769330323 4.85527798205912 167.560515859714 3.257800735821
19.1289736102562 33.0862027440082 17.9438456191765 11.8289358532359 0.0329922611476517 46.5992038981165 9.6264396763357 9.21396185856308 10.5459121213179 0.1618984035063 10.8095407299991 2.4653899278144 33.149478796669 4.62352607322288
33.0705057496061 41.1316807290395 35.9329366177024 34.348331279053 0.060903310535062 190.286776745369 24.7928179014506 21.4275646771685 23.3253225061307 0.17374130379142 17.1360515769008 3.63278598453581 129.256518916995 6.18051928561576
34.5212255158377 63.0194075289005 28.2891605986888 21.8568045152648 0.0478339394540611 25.4079614547035 32.958952089092 34.8678191608448 31.8075790737586 0.1691421575337 33.0787669559632 3.53561286026882 137.683573818845 1.22092282159955
105.011040750947 131.355269972765 121.476805553769 97.6471644810342 0.119447732265086 83.5427163069158 111.007767893451 110.358817439371 108.222309769818 0.20053761730442 93.6074739071266 11.3603580683374 333.437275340519 9.14314125497963
19.4733218111093 34.9160940982252 14.7402436559688 12.8885717179954 0.0697273804850726 48.6797401871513 12.5847776020433 15.7521966901724 9.76430422475106 0.107116389622529 15.1522254713389 1.40647855935505 34.4363642389181 1.61652205520113
70.098007718762 101.041619809106 78.0338615360545 53.6913627958019 0.0756386405514084 83.2830140252233 64.4672554913163 54.7333388095993 58.2001430717854 0.153660740405199 54.7861568012296 4.71362870469778 157.941750628309 8.29955804482851
76.2145054505079 76.1965911483955 94.6942139944493 67.7708768814413 0.0543417792329129 79.0801849655218 76.3998916538149 68.6637007309965 93.909963583601 0.380408638923355 43.371252825843 11.6762481665701 108.677167050831 3.74952955973871
34.297072911377 22.7381262906812 37.5710302860555 18.7989555154212 0.0292193323972619 70.6807801458271 26.941769686761 18.7741304749741 35.8544934310048 0.249498415744331 25.6635013280098 4.22362361375297 129.822311436025 2.97534585717201
52.7402887831909 49.8309318883972 65.5340491096151 41.4564779043905 0.0623676404569665 105.391850620684 50.6956662639826 50.4079508291805 68.9320974597754 0.312717850228214 41.7178986252353 9.19194709741245 138.989236486918 3.8359220402904
6.0356649546404 13.9682377147722 10.4272064062717 8.39535440404181 0.0460256127020739 40.5660718735559 7.22027412410551 5.95661559500392 10.7457027568988 0.0800369052639575 3.93572023183496 0.756064127530412 74.2999092352339 2.44486096209638
28.0117522555018 37.1636308236434 36.2151966339478 22.0470487663766 0.0768514345553948 99.1434583885979 34.950559684876 41.8165638562465 46.9491190783188 0.142769847621677 30.9708027375617 5.22616095436357 85.1527568621626 6.93941792358375
10.5139607098584 9.58677199089835 13.3523138742741 10.9353746361017 0.0294923439852998 100.450833548452 6.57266458459169 6.96231386210888 5.1787050682872 0.0288088137179859 8.42296653654487 1.40565224671908 95.3339547477527 3.74986165852794
36.0768055711125 47.2487323037379 42.4661840936556 38.2805785868876 0.0593038879832307 64.6357528879892 53.8731508735033 40.7108062424956 54.8309772792324 0.139426973725999 43.9294742558569 6.16943205482692 144.471277110352 6.33027563943819
29.5761260982085 50.3988610055725 35.0623876559719 32.2090460953589 0.030575245681766 41.8322160084528 50.8828659872921 34.8912958954308 40.8562680951432 0.137813379165728 28.1400327479749 1.84680590507789 171.240765392658 3.32192626139861
50.355217942356 69.9737709308162 63.3162114199295 61.6286636533648 0.0353169568301065 78.9611144211486 46.6938528912028 38.6094951485449 47.6427242527103 0.147718218109734 52.7198648100821 8.45089967296079 191.035930646952 3.95809277242467
55.0073766547975 51.6229287879348 45.5359931530542 27.6817224402237 0.0498404277158043 18.041508760618 36.4009819764292 49.1183777947758 46.5101257618594 0.187940580728237 36.8429226197236 4.11933190430327 312.768351305479 5.04269047746468
29.5739800539541 67.3075588520367 40.8999475609647 26.7461927392673 0.0628272048314983 85.1931476190319 37.2535310093315 28.3023766890157 37.1645091037156 0.151686389773993 33.7532871642288 2.74466815767554 85.7419017292839 10.9174753848093
57.2888130881767 55.0337616972322 60.4891605204214 49.4032046505627 0.0634702449245837 50.4339134484461 62.5877768262115 60.7203645673665 65.3691117588712 0.191912587207081 35.7840714519712 8.59774876478226 111.098470948851 2.95370769263413
79.3619646331453 103.63209479506 116.674204111655 101.332716398253 6.58466916578714 134.680039341943 147.224235960397 111.70099063784 144.719270317748 0.380662676135205 70.5331751047984 11.9948215248383 154.428671672862 6.79347789126092
72.6154792360291 190.908762240516 106.955004220956 91.5491003995312 19.740437850255 53.1991883359395 145.43740097863 135.279551232602 174.445396561767 0.198905196983983 81.4230770115962 13.5883856176411 796.29446265166 11.8055012121301
26.4049854113894 25.9525168457628 27.8514958526852 24.491729778263 0.552807285919445 182.437448327577 12.2289194171338 16.6252119882036 13.6061836041513 0.187783507189833 16.8797011911297 2.19184061709212 154.562838212046 3.9730534377723
27.9922165183852 37.7902211852926 30.0067453904129 16.2741131444968 2.72144498419112 176.271050481712 25.2807134228033 28.1681475390065 30.9474018111304 0.141090303112711 24.6200265129749 4.45664030627588 432.498976603407 5.36154826940191
150.528909330469 44.382222308158 59.2587381695624 6.28757911227799 0.114883394010189 2.37978362092794 4.7063226525706 13.6128022129266 8.37576629006993 0.0500244074950607 35.1402922556682 99.753066189101 207.55052411397 3.94241843008407
240.227030632354 51.4572621367273 72.0525990641351 13.4344909156428 0.0615010443670807 2.42024825775301 28.3112513069136 14.0463214153204 3.51631207920137 0.163525104459282 70.5642862789749 79.886103860477 69.3911778681103 6.59725468371399
75.6623075280413 39.741132112312 12.0992136381567 6.24008578071671 0.0931581159038805 1.89190914576103 4.44061332501758 4.16718852336532 2.5318724832741 0.494085044077302 23.2934822537945 27.6960924415319 499.437799201684 2.81807032171812
56.2819853231709 19.4552343961412 17.5526823959616 8.94689902709307 0.0806499411033454 1.75133854471438 10.6581017348146 9.12304929174119 9.3442476548604 0.127183363073393 45.2947986675083 36.3160687627035 883.648914158747 1.6989344189468
65.8919383065761 20.8571659028163 32.4405855997621 2.82755519785577 0.0622692255761293 2.01952272481963 6.7655636604854 4.56800286113417 3.91509053137335 0.103679455631154 16.5294903954725 37.6206226597762 242.927045259495 1.7790557515757
151.726618773353 25.5574591850121 53.1051940945254 4.50635186993517 0.0952162156751416 8.49615237444362 6.5992547779916 8.02033702974583 4.98057520210271 0.440929105319978 79.1928640793697 92.5664608784702 52.8200310086636 9.22841735978295
82.2660101813229 11.8850361971626 31.2515059060259 1.14311052432646 0.0669936655447341 2.25007674541695 3.37203385538448 6.92132584266213 1.17943915971722 0.530000090975681 16.712906306394 43.2685200676389 25.8666722833736 6.51904569133491
9.85818115979189 233.20516756062 28.3540734014741 36.7430749278305 0.164412405523455 17.6012356492249 38.9094139643898 48.6681402121989 39.6937288033125 0.0590967597215577 55.330217761192 85.3571249266935 419.516478666715 143.826656346884
4.84678267900492 103.303249879263 17.8621305668769 44.200795625926 0.0838246101860967 16.5168714706462 21.6328208151706 40.8426640880284 81.5458264384672 0.0145938141194324 48.3272735179708 65.6148508148003 255.118695469329 40.9631662313386
14.4840137810667 194.584285515351 40.3763230833214 77.1895916984964 0.110208503596072 36.4227305878019 60.1710932137154 75.4389546864094 122.141000516015 0.0424563302259017 96.6006954392684 66.4437808390962 207.64145802407 181.243557111443
14.2499342015837 207.692372683477 41.0575820754152 107.109612334619 0.13593572041408 37.4624358538643 85.2420853562408 60.4525090657055 222.415557978077 0.0449213615259864 77.5239200591753 60.9060148566939 289.983701192214 42.9073709643384
20.5519125113793 195.10835005691 42.8117986074341 45.2725312507398 0.0770108330409307 12.2363269406911 64.4445781186923 29.4603802023256 56.3446051528165 0.042510520913795 102.083756183886 87.1219309809482 550.421616878913 42.2342149866291
5.34805615357656 87.6113320308662 18.1908533040613 30.6447121308847 0.0846389610429389 17.3651665122325 117.392914783242 205.626365322958 69.5650117392306 0.0307339537839496 68.761460594316 39.3346191799538 95.8251789500278 90.7267240680556
12.7187960879796 219.554588227112 44.8257571530727 99.0352967745263 0.0595678621792748 48.5766525581748 98.8600418166789 100.2048437886 184.628916616612 0.0793220425902591 70.6175995345221 78.8072744605057 140.697302293144 65.2712382030282
57.8106338992111 650.032656420385 176.042099635646 354.521697646705 0.0722079889187866 179.149812180261 343.743743971129 341.57854143731 670.184959606538 0.0662919737534024 257.98636741361 389.645525209157 570.826363498807 230.930341815455
11.7953221459167 140.892591207511 36.5809172437153 66.3469479563945 0.105465473840163 46.5900851014209 98.9714756590353 61.9511461259859 131.379868642965 0.12785723836956 130.988272193336 56.6545149885562 318.028118289641 37.4885751626535
13.9128195132493 214.057192014516 32.4755703282038 64.8713341699817 0.160510061129332 47.2222265469933 95.8692754556101 55.2427090266268 175.8682024713 0.0991337418917531 73.5298487090705 50.8567019108866 291.587315702212 123.647127808382
17.6450903828463 453.990819277439 49.4649543190682 138.834554591581 0.108798210010452 77.7183357565753 148.86457338168 128.754581968815 204.467426259568 0.124640899454832 104.231191130918 80.1477912762699 173.248587577024 52.1244324375938
2.9525069153302 31.591836362756 6.36837861432785 8.20193624048822 0.107171217302572 4.75714497983219 23.8115711672057 5.81716515540235 17.9619867234917 0.0728685435640201 16.3082547770744 11.2540226490971 63.1959695247863 36.8966346405581
19.1264460170072 312.374663588252 46.5754994548254 74.5135937646179 0.139453240457688 150.37379110409 112.72283369226 119.137806408247 186.826422816376 0.131234555655504 93.4952236799639 75.7212121751375 303.562742304383 56.5116536574305
6.572319870756 120.63311848215 15.4155695021825 26.5670592555044 0.0677680672755769 38.4331767687392 204.799177054748 62.0903267861083 90.8631968436328 0.0506535572710696 22.3989295527286 22.364110540825 130.834172625631 47.0198257504495
5.73195149601816 161.039436194939 27.9442428294499 64.2431584125852 0.0311239599555218 24.7253520351755 56.7856388297789 106.482071899595 113.68463003502 0.0587371655507118 106.909588218807 51.763872351274 474.830284946876 44.4210734886003
14.1432584179908 117.073763430071 20.2758022589209 40.7166063138278 0.0723257594521765 19.2429807077816 59.7900448709548 39.0511922665828 76.4496263642126 0.030659246724324 26.4326998677399 30.8170442888143 112.728477736266 5.32542766175001
40.526035765571 45.1743983915143 44.1461651426345 37.3735729401376 0.10496987324444 1262.80134479742 32.039285182052 53.3167105214247 45.787850091166 0.0890941662210441 42.8246532255215 40.2751004873535 60.7332887799802 232.479391166472
126.265986645475 103.825673154223 79.7884395075906 33.88070195866 0.0714973679539548 25.7349466739832 48.1155163914397 65.0748410288085 47.7266124883981 0.0815136159078846 92.1534180098161 134.955410804122 172.386923310018 336.229648526823
34.2567494255034 28.2461291315632 40.9408796694327 22.7311580057212 0.0591091494409243 21.0959361072216 31.7060727791734 33.0137967641921 60.0041318335699 0.0539245531101982 13.9160657546266 24.6691871995908 28.7229142496373 505.280038016767
79.585999385347 105.035583655052 32.6470156550246 42.0111845431767 0.0819861261696648 11.4770202370189 45.3525080473335 44.7943960211085 34.5247858292646 0.161406627214136 73.6862799083696 62.7654091927132 150.128149381947 194.771985052015
22.5281470573036 16.4211688237424 20.1554447110895 6.32394520871551 0.0611397441349277 5.24308005613847 12.4299865244195 23.420332051002 19.3682931513507 0.0631316795794681 20.080716046324 19.956548129781 11.5121188907159 120.477178605221
105.091627706447 125.329557162659 70.7919958988938 78.943975518077 0.0573469290715558 44.2005777517234 60.764546692624 60.9113942150704 88.8088293664472 0.0673360130993336 93.6137837215284 79.72736503425 110.654960947086 205.231408412819
28.1491594451329 20.4982087592846 26.7159983683165 24.5380063924601 0.0856158365272858 54.5913440541423 21.3219158608855 29.348649453663 26.4713228591899 0.0294988152844966 21.9992268730779 24.4372178519592 18.4046948111126 316.695009018164
35.384576100139 44.1206586096954 46.8438375010173 42.3329933159443 0.0551869215199483 22.4494785982867 75.8197233326381 99.4290244749448 72.7815183375872 0.0746279074621822 50.0758167519668 46.9469777661401 43.2676650123923 284.956307704524
43.2454199123011 79.7751545665805 45.8312644163128 44.3499279548562 0.0477423311286848 16.1661632467277 27.7290012193834 35.2840540027291 40.7507173310833 0.0763457842626504 43.7573588096714 41.3232862339907 70.3480996162895 72.1355863148261
83.7012146670502 175.203830196651 48.7725068690288 84.8538596094052 0.0665483111675639 52.5876012120176 84.4089308957414 124.186883611 81.7743807429361 0.0914724926293408 102.773366591013 75.6693818117091 128.237716528555 218.445567611242
52.6344254444274 49.7325367392308 31.3015717787459 24.7680127014126 0.0563433290599323 15.7180742826706 10.045579094351 19.6520780900554 21.2492642647631 0.103478130082829 47.6923526333625 37.5567191679601 40.6255995691879 179.827080091571
51.7111953822343 55.5568568349363 77.7259324455231 52.8217353014332 0.0252008515927995 101.747633884495 77.8171278977909 88.0388772813167 95.3748646418329 0.0826038045971302 87.3688270118815 93.2528163110575 89.3722151082678 88.4723259862432
94.2691014155889 123.662102110685 50.7117608954045 98.4747659156015 0.0418057625917925 28.355656236339 64.393570011056 59.4224319202901 61.4196294839609 0.0977137874368295 1079.14744176105 80.8870431303302 125.636461106496 102.173129604435
48.7654594175013 38.1942855464615 40.2685387318847 29.3561504344193 0.0300640437311832 36.3084106063172 36.7409328664658 66.0823028129849 48.787883255929 0.175112696235149 43.5249673623979 41.1236803357315 55.6038121031172 71.8270355632172
77.0133778105228 62.8911894685397 38.7756506000937 61.1154868482523 0.0296589893881365 32.1286901452808 74.2685771686508 91.1954742155484 73.4952925615246 0.182358573179454 38.1945878246205 66.7240223187012 61.3170427837443 480.559324223347
93.1371314657146 90.9173645221909 51.4589262849007 48.8293125089195 0.0906871935994667 108.548269317441 60.8193608969475 79.4921569155799 64.9242484966138 0.109207678281258 55.1332972403855 110.905832171303 94.1884727062817 91.8869764431634
102.335806428773 76.1742771299226 63.7246351729889 62.6840629726873 0.0725403768767093 92.9377518407953 50.9593989778946 51.2118964766124 50.2917789453771 0.163448807100922 71.8442943416426 80.6465789896778 76.5262489845531 164.535428357903
91.4278716459575 70.6817151896014 53.1656397865257 39.9734039915606 0.047788910168179 41.0171506595284 28.8655658966008 53.390703817916 50.8904095213158 0.0599535273458746 49.9076975022779 62.0186780810338 101.757253811693 344.07578296888
45.2528368540982 33.3477148491576 18.238768165852 8.13308464170486 0.165564444315031 31.3863399312791 40.1226898123883 18.8348361101912 16.2720400343875 0.104669587735982 18.3770581135914 31.5414929138866 29.9151824501229 517.377507305014
15.8011885501136 17.8824469897989 18.8019463498052 12.0633307885571 0.120693500214933 7.21311173159791 13.9014679843202 19.3746165016489 7.24992371178192 0.088115784794775 10.5397167692289 19.8956750074211 72.7132003920697 533.91774196494
94.6156961648742 158.127864385051 43.0473460083165 111.475103856594 0.0519428103407412 27.3311812854381 65.0290557072408 19.8747440628847 56.9335689726742 0.01631400430858 163.454000651527 13.7085435677572 489.405807832901 7.30961988496984
103.807398529864 333.134683070519 73.8162899243963 293.975148809362 0.0805349087829124 167.693807847417 689.035331584935 65.384209052693 149.035857710181 0.0402383818340751 216.972185662224 12.1545939856634 253.235378345995 12.2025975136307
119.375134438381 175.591146655891 72.3743798819676 129.257652811677 0.0652328125289756 67.2885394963727 91.7240319871354 41.1224716869032 86.8078557501444 0.0667317411292288 175.521356997423 13.6107625354024 271.136256092687 7.25670008066822
32.3223415486879 70.375299831095 19.0898685310977 55.2296855579004 0.173895909982063 39.1953491051753 37.1785213007398 22.7209858364915 47.8936452708071 0.0117981924133908 37.7241059603805 4.33329712324793 59.3110279540172 5.97367151198718
66.2506300000306 97.4224150505758 36.231218082416 77.4355993896989 0.0716217662831797 36.8305757555613 61.8593970851458 15.3779410206326 30.6946835104985 0.0219641177020382 99.6299772953828 5.31624743380185 141.920920224423 2.62173303728109
110.354152779999 121.45510470707 58.3174684554052 93.4083209839672 0.0815102742042728 21.8654940210327 188.211776993345 17.366298222296 64.6434513929922 0.0220840950654986 116.262350456474 14.3096993009844 153.638609027742 9.02373982449329
11.3895224306881 14.022401298939 7.12022893946811 8.71987062540139 0.0775931748878892 11.7964943079863 29.8045568984786 3.78508305871448 10.5848353587809 0.0207323339964249 12.5378264010448 0.911209566618276 16.32649343844 1.50696885105531
11.3985198093722 21.4994954110879 6.19042226465501 16.0985965058769 0.0300647158909801 20.1137743329839 25.2969392887971 16.8780713025272 24.1115037197823 0.0107094056557281 22.8495949555596 1.50406707972074 24.0508806350848 2.89026557881407
39.8937288178525 42.7493564868934 16.0452690990712 40.4388490485834 0.0745178991870608 18.5640426003641 21.4928397289852 10.3191794702927 25.9619294518616 0.0173653227212693 46.751264578956 5.34360576761328 89.5704681019539 2.61192149852705
41.3038039164328 65.2445142582273 23.1358510945979 36.0314189717253 0.0348863029212056 18.0883035675306 26.8518960502801 8.85216120365362 13.4485268147972 0.0142497262639708 64.2650561011667 5.20000049652232 119.650015925451 5.26995724728045
40.6502776834876 67.868302201733 39.0867988444078 62.648817275548 0.0635466067912741 34.2193167263355 45.4288188831905 27.7964885618178 95.9741163794113 0.0116575357446014 78.6837134927805 8.29700695989264 84.648226639017 7.54060012473983
9.28035931416504 22.1326796468 3.55419995685279 60.2667010837767 0.430179916879826 15.1019546566381 9.25700882544395 18.7194231088856 121.78739506493 0.113695003436042 13.6791181529714 1.59048081132504 16.6322860364008 1.69155488574994
64.5103198362955 38.7597384834934 8.92586355619577 23.0306762364876 0.29873452963444 7.24650772659501 215.108510579937 12.7299599406808 15.1259215030157 0.224580684272614 16.9850592812833 2.17676033657863 39.9421664105068 5.21549937704105
17.7318569919506 12.3671743857656 3.67167781380789 14.1317645471706 0.0995901164467033 8.36277610649393 4.64892002929903 4.62767849931852 145.329617567756 0.0846597472066405 8.00621298350111 1.95627955197163 3.18653367863987 0.873668259353567
38.5981510115759 21.2366696488732 7.25369404640997 15.6019129833123 0.0384907590689346 8.87459313825158 6.69512208352365 7.56893530394339 35.7303567098635 0.196535333918994 8.18603516549862 3.32105636571963 23.3612020666208 8.91890595537774
29.9070698166836 16.7341785697784 5.64237070944724 23.3270376009157 0.0767681885654999 27.5761019072475 1577.84798132081 18.2976225785237 68.7034178086844 0.193237849387971 47.8435362462815 3.13014493978505 26.2043712683961 2.59398322213453
35.7237293916836 29.7238933575707 3.78230049539889 11.811475141497 0.104297359465092 7.39456104768357 12.147204256318 34.558445097752 54.2368397279028 0.103521499924851 6.89163792887931 0.670575531834008 27.6693713848043 5.66476162836385
46.4870491334179 34.0234755213154 3.92236252604717 33.3099985987843 0.0811246011191019 15.6731300189529 929.018494831548 5.01965918600194 116.453235505018 0.209279812315849 19.214852399332 1.24668573241462 16.1943448684735 3.10263885751858
8.68107112671468 15.9717072815987 1.12016649684976 63.0259408788948 0.0773589786548859 7.21664197357865 811.048997432254 5.57068176101193 35.2384164439349 0.0974201297150941 21.7331467658225 2.59013306261877 13.9331877560804 3.02742747998332
91.0807143353117 76.6285561621479 189.085584505308 99.0520562687722 24.5195519484457 37.1017592075313 28.7956090322182 4.54071302497061 57.309758418667 0.087427713821684 4.84445195831939 4.13605765059144 15.9503960155718 3.53921378539846
116.088051378577 207.889266417234 1000.51247720558 377.183128387439 276.561082762309 130.379665722046 1436.31854933484 11.5523578991573 106.851429113617 0.343467896342118 9.55033724706302 11.4328974294227 105.915349913655 12.1534067216828
65.2451521231352 23.0722384270453 7.12781870698084 34.2094928928556 0.0804097562759912 54.1439642572377 9.34231268938553 11.1185637734177 185.386281099796 0.198958029592394 22.3821140659568 2.46914687282056 12.3010289419353 4.56251938827101
14.4327580961048 20.0323500260093 3.28351687849359 8.46551421778766 0.131762570436702 12.891081223053 90.3745973099357 11.6605607810899 69.4212689767392 0.143145911996058 11.4250603891924 1.64874364169062 30.320089524909 3.09278825793603
23.3360044081672 29.3044633774151 6.1320760759875 6.51560329699579 0.0457421204429951 3.57725090467595 11.4053106314634 7.14319475960208 122.274021220641 0.199583504007216 5.47540874698757 2.7482255656399 13.6144391811139 2.72582885399268
38.8194132392783 16.0334631800936 5.30070360816804 21.851169375676 0.0589416938633394 7.39712400381382 8.7907715456606 5.62159150065283 72.605277583249 0.212749880678416 10.562419845277 5.64914466282984 33.4867764270874 2.64885243606105
24.0682704635502 163.287644561113 3.87837524992106 485.361486793743 0.0498890264299447 19.5284164401706 576.645283782988 18.7680636197451 316.560301995267 0.393444295128225 593.975161977715 1.67376321803615 77278.2808081783 8.22868566488409
8.09633250864789 11.0050630498412 1.35823771963765 50.6026381472396 0.0604573268671349 12.0170995629872 5.58395320399842 11.6951366012458 153.213897739864 0.215104060604575 108.403093041088 1.11795400683575 1060.49536296155 7.18246524644524
4.71462649068397 9.86645287637677 1.59523488359805 17.5996241709921 0.0301021481906126 6.81009937902193 6.64958426784049 8.364620110319 58.7955655072805 0.146735371103758 20.9270383078004 0.580590063060382 1557.88448663122 2.32473160275461
11.9611822929585 17.4664549222286 2.51324411110326 10.1812496983362 0.0859955355749446 1.76030340264673 4.46354380218685 15.6295996636321 84.6683249337898 0.115340792322262 8.72092303718989 1.24195386134438 12.431904230986 1.12364894993173
16.1392649723902 6.81319592329121 2.04377617826493 11.1141859489207 0.0597462250718427 3.14715966642634 10.958954425101 18.0900014060158 41.932931825053 0.296147877191596 18.1686003890077 1.55329639902429 18.2321399959366 2.47063408155008
5.43814030478614 16.2394983313065 2.03422201981564 8.30947267622269 0.0626330856020331 13.7638047078277 8.87741145889192 4.0849810061143 30.5216205781141 0.165154250392766 28.864700937297 2.03913157545169 21.1060361350883 2.26758047751851
13.1662837287395 19.2776837705901 3.68176027727774 17.4520556211149 0.0714452764968118 4.14088756140897 10.9634236969259 8.42230043533463 55.004815180764 0.316743951106723 16.9854276378304 0.926777057069529 13.4120819634053 1.87121538256955
79.1113958739552 54.9869440777992 63.1898266237109 36.1034908528308 7.12379035532317 8.52788427547834 27.7231602876687 12.8254923750233 31.7275729107119 0.0701683528758143 11.6384829687695 3.45855346316614 11.5347705148534 2.86618836793796
21.9366249780976 66.8831777148281 7.01473944507677 800.098719188104 0.0455759954828525 22.5427614906697 28.7145538767465 19.1531548135221 62.3331317814991 0.204282621093414 96.1369970915255 4.79510831426116 218.240898497126 18.7810724913624
88.4352463436519 317.739231747555 1299.16103097539 383.753321386333 602.99057955276 229.448247573834 230.202609030584 26.3143359443334 309.828126810096 0.268531980077929 46.7870960396571 107.970045734086 14.8256506125892 58.6620699831715
43.0824714706906 22.7050698872498 5.16168879533228 13.1142581780266 0.0631072800385681 3.05428053655344 3.26163427113947 3.16620266015372 70.2944721244623 0.179384446237962 3.7782277304986 2.30839507720133 19.2470926947701 3.93553846315117
30.7819925603029 6.81097413705532 3.73893332566948 11.2493585358843 0.0622828662517418 5.73879478947684 7.11369953363181 7.17707486879434 100.607642619089 0.125694751066121 17.1532433630985 1.57612569891325 10.3014327064225 55.167530656507
10.5887341975698 9.63492315149642 24.2057666234091 7.52441297327854 0.0296719628240739 1.79253723619742 7.641856593795 12.1657637367107 16.9642923298204 0.120190744617872 11.2747216395195 18.3340620304305 81.1118233985225 168.994711745872
8.45542321557267 18.5584738498378 50.3880360093653 14.9867412793444 0.0625073973399324 3.4903137738044 9.41931614712546 17.351152483579 17.9695218668613 0.140276969411996 36.7933320054365 4.56458698270663 22.0221224888958 36.158216943379
14.4275443367817 14.395057825502 38.1004672419334 12.9139284276946 0.0514862790252265 1.91798854982779 12.2886774380238 18.6576663394228 22.8914713008565 0.0872907283323177 40.4490144201801 23.5155405951351 24.7868818782045 195.251204361968
9.5486122104669 8.35140499479837 18.8567141299699 8.55256097777756 0.0423604054972161 0.98578122561782 11.3502984657676 459.437277580599 16.2935833563495 0.115247529206446 26.1520965889187 32.5943023854008 28.7749955201754 374.590360890988
79.4605018085901 37.7315186012141 50.4324539759966 22.0137152255994 0.0649792194394456 2.77667721800181 4.7865231181597 6.27602112146482 17.0269467689776 0.129458346132655 44.82877957926 28.1767855005145 42.0054580587877 173.763566095672
41.0538063238337 13.5813132510842 39.5418605053063 8.0068609680628 0.0520297019900475 1.44602332709877 7.93026694753227 4.7629550820567 14.2783611629617 0.201518057249186 15.7913791047299 3.14935858105627 48.7660434876629 24.1066746636082
18.2718746743956 16.1615420179207 44.8868844115495 10.2221034122803 0.050123048666795 5.70403940129664 7.29172667740558 8.86483856812223 15.9225018212493 0.141970843279352 31.5868262353705 8.83886133571314 22.3674702484891 161.816064619165
20.3043547513476 14.4881290320311 26.5815609213466 22.5660890601802 0.127698253719818 5.71268008193921 11.5902594284718 11.0491481942348 26.6279692357583 0.1417274036109 72.2509741062211 13.8430426586572 25.7524499656928 1079.93455122349
35.9817412621373 22.7370955009117 14.5325691339471 17.8523222731802 0.0670342129208274 3.71419787537601 11.9534161421743 14.2977405445916 20.0353726710539 0.0446524679373204 38.4768774648409 13.6730844222446 32.8908714973912 263.528089031741
18.9253327643082 14.66634296785 22.3885591195349 13.5072970994898 0.0591199146591814 3.71791471385596 4.32658541697555 9.25058782147587 19.0086350273026 0.145892441940234 18.6546716004447 18.6822896488968 97.3082468175129 86.6317338082413
29.436681946004 34.793900246308 32.3677014182162 23.6477187556473 0.0671080513939818 3.09676206903982 5.49814024376252 15.9635253108901 28.9227428519772 0.152909176247875 33.4136816025264 23.8941317151117 24.0533447213729 81.6153181212391
164.280431321807 303.823749202851 108.383860172241 101.205356435463 0.0910216200752819 13.1293158774846 35.0348664549124 55.0947195056044 123.216991741084 0.194620158951573 303.934926062578 60.9224286841086 154.84483276505 236.781289705141
19.9454447094764 9.48101935972827 11.7006281063612 8.45513655235191 0.160226518830197 1.41502847652443 2.86660560138089 4.65443080516203 11.1187051063629 0.120235635848087 73.6045035924709 41.7966613297935 11.8535711344836 219.410224497969
9.19502564088625 15.3103268778568 23.4484827190976 15.1577086279908 0.0190913643277795 2.97115987810496 10.1822227444772 16.0236446546663 30.7363211191246 0.0773481628732502 60.9914992740486 11.4742064064694 13.5699042035625 217.884414843272
17.8662569425957 12.2863717176671 25.7149067868587 13.5690712268102 0.0445798590236086 1.54570837871252 8.76213673238993 16.7582788639977 35.7341881431543 0.0795197267617743 41.3782451487847 113.525246810162 31.1614479571321 605.219022149731
39.2836518848111 18.1282465880345 27.6009982330866 8.24584348714614 0.0887527848235991 4.23222589138625 8.55630843470807 1.58105184802328 2.77182964746324 0.116013060504021 1.10414720722489 9.77810402178144 22.792590016168 12.6555921017941
104.104549011487 53.6180734403003 73.1562646535652 25.1102890886525 0.0717219890344059 3.89985454692366 9.12749409293868 0.951224551152534 5.9831981711129 0.161993571364171 2.67568541088457 29.0061619047779 48.2492328128584 40.4572537727954
150.058865000175 69.3186762971034 556.669016117883 23.1912837757691 0.133550668109848 1.42411681355096 3.24882833221513 0.709526252059045 2.65338800133259 0.0445121118602023 1.86749649433223 14.3046257449425 79.1057699866302 53.8610064417588
268.379095653566 148.909581092533 93.0407244372287 9.84501466378636 0.10830360535341 5.81700818048729 10.9876420088024 2.20418800470101 5.18811999761342 0.0573757893888375 1.84206969434912 47.9918784372451 71.1953025558019 75.0127891727463
167.106618024743 59.4693112810538 107.563533013228 30.0786163051234 0.110644908891624 4.35780598676581 13.3138557317981 1.58943970893531 2.04533919116495 0.0413158070124051 3.39599032640932 39.0124503543222 109.326867019901 33.6044099587703
33.5422837949396 42.1906906420253 100.270590524417 3.90838948230489 0.119937509891937 0.824021539902804 2.28448005734939 1.556882161433 2.04785229815564 0.0857746245790124 1.01150451658835 5.69477046251973 9.07568905966994 4.15869748171368
230.846345141883 39.9393828208461 77.4615376972916 22.0013544689695 0.0519822023888104 4.78835885456852 42.1679036457233 2.13345080200132 4.02309145547971 0.060079961892155 1.44332055420594 66.681076095857 61.7908739169353 12.7655064842024
117.41346908988 48.0559649054756 169.454892199901 39.5414350284733 0.0570609737160029 16.1497671520601 15.8675253070177 6.66467690743691 19.1699062143927 0.0382195413810666 25.4200127215756 30.3033707078286 270.676728916616 16.2081706044432
342.01781802552 71.6748769243883 22.8649769840582 29.0223965920609 0.148618829941469 1.19712280364839 4.81785305339684 1.43742574334466 1.55393861049295 0.0371075460472116 2.19951173509818 7.86126570452613 31.7111567100487 24.5242654695504
106.116443894536 67.09656213219 65.6258656172588 101.083824417146 0.0739437870216337 1.19271046044751 5.47607337864328 1.40303603553158 1.11740859064639 0.0466912474319689 5.84798003551186 21.5923173688879 96.0600426940173 57.2306610032045
61.3620010511669 21.8891567188631 24.8759848016428 6.77603726551141 0.0736171607673552 2.48807368455224 9.54602508214433 3.59062158284327 1.84909110645878 0.0831526185681836 1.417952022719 6.21913106739872 16.7650560013912 5.89517395236696
30.1453468214391 23.3983261581067 90.9149840525876 3.7986461089847 0.0751630504438318 0.886134680623487 6.97765053392598 4.70816177571752 2.38555890626027 0.0683190915213877 0.601994449209021 3.01764617228446 3.10717659889711 47.517018733197
138.140359089446 138.093953425164 71.3967794211419 34.4606825798374 0.0666480137729759 10.2200472610899 19.5489873357006 44.339765857166 25.5638892798328 0.0300132900130762 86.1810941416602 71.5172929933363 159.750369976396 10.7816067069158
27.5863208507621 20.2938715861032 14.134005016655 4.91858827663254 0.116652216214057 9.60482369910259 6.07454385163542 12.8545266747904 5.9636810813287 0.0978220503900659 27.2141801656781 17.540583008096 16.2870439358349 2.00284666034536
56.2037288364712 43.0066228166879 29.4254746127768 6.58243498887651 0.0540188635782906 7.49840867739447 8.3434316611536 21.4538338819654 6.6908360864214 0.132109951081668 41.7616111729756 31.2890639770182 47.4418861003241 7.27484891997734
45.4580430731119 42.1717598534932 27.7547901340199 7.51676323338956 0.0638679186063352 5.19344744203772 1.76309758389144 11.6125398030003 2.02862555582671 0.0770745535284877 78.7271884613419 19.9023299604614 27.5713610294565 3.56050730059213
20.5143938439625 21.5485888971919 7.14774290649589 3.7288013117528 0.0798258286064495 3.23728779307158 6.38238576495763 16.8132903490605 6.10440003468963 0.0895726578424038 13.234231749062 11.2539427614617 5.71717525941781 2.43195481597618
35.4788024607295 39.4548241118569 22.849536639995 7.73024260035346 0.0775871393850177 2.20139085465857 5.85667252428874 11.8271757209255 2.83935070131966 0.169293603186095 50.1075870777866 22.0071529298814 44.1265251643447 5.58766161124205
50.13245070487 48.3453335700948 40.7924809393184 1006.80268301643 0.0681638345595939 4.38794817416525 9.98685859538391 21.3296819227879 13.304229129022 0.0480335659134766 23.1259837593371 30.3791700107849 33.0830443894689 2.59490158700839
106.650324968142 87.6321401559211 45.5049804105231 29.8270845600942 0.0874324503406373 6.38457205996978 12.3769093519177 26.6906805456154 10.5995171968104 0.0708494337091175 52.7277421373418 49.0700068456295 109.547495519294 8.26628851332843
23.0806086637513 27.6820632643127 15.449632952001 6.88986898346842 0.131049065866911 3.99133788026339 4.68569315738241 13.1403828786763 5.82340690649644 0.0738446053308044 19.4806499588839 17.6966654193273 32.2812189347026 2.85260672436677
18.1520220748739 10.8203858625852 23.1750112600967 4.44920203182222 0.108742594935733 5.14251884059877 3.26343499371027 7.3956908705207 3.76720261745161 0.134687043040231 30.3363485579928 5.85079048917945 13.0877975202759 1.07764086351879
26.4659501939674 13.081102374372 18.2464338227983 7.63899734612734 0.116781647693097 7.02514905605041 1.94786942531973 12.3620996962575 5.61400493454543 0.0799840411379701 27.6999271967792 36.9029324597815 21.9034977345839 4.25127303068685
129.780815830171 113.455068168781 51.0082554201062 19.3815446954431 0.10117292154159 18.8265104041856 4.56780674431172 11.6765580204772 3.85892104274969 0.0476889095332293 42.3415354458428 35.4783704006557 52.7722494098782 7.77051522809348
13.3712477891743 24.0573356059719 9.54774416059779 4.13396214525834 0.166785560326598 5.79014603855036 2.98410817594454 7.68049071917031 2.59841287942874 0.276193012637309 11.0637001494764 8.85795717340647 11.4040865249332 1.21760841822383
44.1986684788368 32.7534782920697 25.0027136900514 11.0026772255501 0.0748296568840632 2.69209494850556 3.74752608348009 9.14602306292044 4.27231962901734 0.112022615121151 30.1778831906574 10.8615068468313 30.4773379901129 1.97747807298429
7.67715440718936 3.96203661862114 12.8882968686632 1.79233710921034 0.0927730985057404 1.62344913389356 1.62229417233278 6.25349182325055 1.30616664724848 0.175910422885427 16.8120583397703 6.15046502249639 3.71867710515925 1.35152697202235
33.8811924288523 19.7886268746889 11.6614818672055 8.04749165825358 0.059674088144889 4.66943324948395 4.58161602826507 17.8142232067457 8.59721960934743 0.0882364743378967 32.9865321217642 31.2051193950292 50.5865628187406 4.53527190037426
213.445416228533 178.792277444157 112.041418958726 37.0354751454136 0.0841237920874932 12.1069096934761 17.4778188683122 48.6389769881791 16.2949539668176 0.0402845852927409 103.865698149948 65.1406499441361 161.497432237543 10.80363940781
51.7851496641131 36.6337416551467 104.485685459012 9.81573021575043 0.119394312539834 2.98342614602321 4.15108644247736 17.9506608898249 5.3092413049635 0.0531772358267615 22.4496394083306 12.8203102007104 20.2824098083115 3.02328306219009
11.5056085162835 12.8467521874912 16.2165985041326 7.68095842687062 0.0597912644506259 4.09159143999421 5.32932522214476 12.3762243319083 4.63917128938607 0.125816147426125 16.7669287998683 14.9242387527852 20.3514846068304 2.15517900640187
304.660210778557 334.963468682276 315.46648934861 308.986083467694 0.129697306301557 192.641070248021 241.030926124594 209.109064003509 406.924933776583 0.00859716711941384 250.891933547074 8.14693006498601 338.591261601666 242.64582755321
249.847058794937 300.498501509952 191.907501733265 330.140369082818 0.0815644861233315 220.406515778159 193.162768271942 195.488509051695 325.455397448872 0.0286456954741576 242.066696007473 16.9374741198478 275.822670088696 283.384787807782
330.675519340019 336.169579275412 307.440092551354 301.534411596867 0.0573422985901728 149.841638631949 165.723074087347 178.01858757932 372.289279033406 0.039024622247561 453.340134544532 17.6522902783912 412.871274888845 589.838810958519
212.694610158942 255.887088584427 162.358213127691 204.974678979709 0.0546030308279818 68.5728154908424 87.394581765905 117.045517953854 292.185645235375 0.0916529115476938 433.462204548784 10858.252885718 208.006375892158 567.704082407782
251.42447460637 239.435027062287 179.193157197014 249.168440751167 0.117170429354292 117.702446445436 175.170989858969 163.102094794947 302.179780490477 0.0110568480288078 186.686073063925 11.6706491986114 263.458371165436 145.026842660951
238.612996799321 261.00554405507 183.089099098546 265.246391018507 0.0878208094539316 158.741473736805 396.815514448189 155.577561712538 272.384903242838 0.0932939520412533 211.123305368653 31733.7789782654 228.287058348603 964.792483953135
170.50187712389 167.464906286098 123.957505864671 100.975956079632 0.0350785087210356 81.8411259163763 141.600471887046 95.9826870779531 276.9883681255 0.0792407247358282 257.466879249576 114693.157923955 167.088913771954 211.96777623373
473.799289641771 401.266593154749 365.91133381807 248.304050933047 0.0553376903703372 114.922628221069 126.037820483658 125.455343615804 206.876895832798 0.126383442209699 299.324383990825 7421.28071346539 438.276950188488 439.856064769237
131.148777655998 155.041727092677 106.217872360747 118.430997097971 0.0786225253299383 52.6267780684245 55.3847733794076 73.9247219952104 100.29700918422 0.0507399383059248 79.3339878597072 70422.8283989412 115.9637698203 382.040468737032
122.729483752512 120.081798119193 91.2532913100949 176.887256941635 0.13417958199488 82.5667405067978 73.8390619169031 90.2228805923557 173.55587171399 0.159660069183603 175.227953646724 59181.7330030986 127.236130685128 226.513059690653
80.8148392027519 81.8005151075044 49.8562385095466 68.7981478032644 0.0594353970173831 53.6893084130276 77.3146822932821 89.5488792601038 146.295699794562 0.176035494607559 181.239539244955 3712.40839267802 128.170951816545 357.169530973698
92.9320933734773 78.5561306656136 52.9594542548678 56.2654098924135 0.126411884808791 38.8551204625028 86.6847414839042 53.5316895785386 107.9373168802 0.317241339474567 150.458087873452 14574.7652581471 80.7781488031204 714.673815308868
119.137955147073 127.15328989274 68.1076887408237 149.325873479983 0.0360709076078983 82.2022312316503 131.124572295097 92.9621268832281 177.075661497201 0.192196163662252 143.588144005242 1171.52254599725 166.133463322408 320.59861310047
96.0105482580045 91.6654475911499 58.2682526622885 80.1197749410179 0.0666214250279569 60.3546277121331 34.2562027552434 64.936608132599 113.796000293452 0.344221399099244 107.256554761153 5339.09275460411 72.684657046046 79.5813368874957
183.201131311361 208.701981850162 214.670351894752 195.153562311943 0.05901356052403 117.151168611493 180.180017095561 173.85072120921 278.02942668003 0.00496968065055476 341.692311936311 16.2559614247422 213.43797744599 237.927031351179
371.791468804088 424.588786581104 324.532013186152 339.248855862995 0.106416928108576 208.604742407794 211.279059314119 243.90355387537 393.150104893758 0.020881664817558 388.514922169572 24.5850956729291 397.720203872884 218.733408399635
